0.000000000000000000e+00,7.145362486825139817e-03,7.057986032146272570e-02,1.061988661922806144e-02,0.000000000000000000e+00,4.864289886025678633e-02,2.310331832647315480e+02,2.938459361057093044e+00,2.103919298502017823e-02,1.680317650109881267e-01,0.000000000000000000e+00,5.632078747351038778e-02,0.000000000000000000e+00,6.460064315031522710e+02,0.000000000000000000e+00,2.070658095322989653e-02,6.649353759067067049e-02,0.000000000000000000e+00,0.000000000000000000e+00,1.389349248154849760e-02,9.803814823643262066e-01,0.000000000000000000e+00,7.312023839453583030e-01,2.749039873986685589e-01,0.000000000000000000e+00,0.000000000000000000e+00,7.358589184549164594e-03,4.650631841520651011e-01,6.872766000782906985e+02,4.390885470553642733e+01,0.000000000000000000e+00,0.000000000000000000e+00,1.314565729176563058e-01,2.872512678446763612e-01,1.472465845270489251e-02,1.195628690882868522e-01,0.000000000000000000e+00,1.729415360412718261e-01,9.983002421185790606e-03,0.000000000000000000e+00,0.000000000000000000e+00,0.000000000000000000e+00,0.000000000000000000e+00,0.000000000000000000e+00,0.000000000000000000e+00,6.004382715630872218e-03,0.000000000000000000e+00,0.000000000000000000e+00,0.000000000000000000e+00,0.000000000000000000e+00,0.000000000000000000e+00,0.000000000000000000e+00,0.000000000000000000e+00,0.000000000000000000e+00,5.169594586439926580e-03,0.000000000000000000e+00,0.000000000000000000e+00,0.000000000000000000e+00,0.000000000000000000e+00,0.000000000000000000e+00,0.000000000000000000e+00,0.000000000000000000e+00,0.000000000000000000e+00,0.000000000000000000e+00,0.000000000000000000e+00,0.000000000000000000e+00,0.000000000000000000e+00,0.000000000000000000e+00,0.000000000000000000e+00,6.102432518098902837e-03,0.000000000000000000e+00,0.000000000000000000e+00,2.609891462269807796e-02,0.000000000000000000e+00,0.000000000000000000e+00,0.000000000000000000e+00,4.590094078858483403e-03,5.725187672081698091e-03,0.000000000000000000e+00,0.000000000000000000e+00,0.000000000000000000e+00,0.000000000000000000e+00,0.000000000000000000e+00,1.540550923831946264e-02
7.145362486825139817e-03,0.000000000000000000e+00,1.059256980608098475e+00,0.000000000000000000e+00,0.000000000000000000e+00,0.000000000000000000e+00,1.954833184930893433e-02,0.000000000000000000e+00,6.891182804661737382e-01,0.000000000000000000e+00,4.116146123470016543e-02,0.000000000000000000e+00,3.154012427750702230e+00,7.321433917847471225e-03,1.992118810663790623e-02,1.383464530781929991e+00,4.839735719962366289e+00,9.400340441040289097e-02,1.750183067850112684e+00,0.000000000000000000e+00,6.725959295645744795e-02,1.030543129866318850e+02,7.734102152930905083e-01,1.497705506144476173e+00,7.581472643780642784e+01,1.867679003560282069e+01,3.017359526643699041e+02,2.623671727773482232e-01,2.170126905682424889e-02,8.119168521125340321e-03,1.278735968883118468e-01,0.000000000000000000e+00,0.000000000000000000e+00,8.924556538559543784e-01,4.408292950438939123e-02,1.539509975311426526e+00,2.491806850397029649e+00,2.565258196387517398e+00,6.690195762099572230e-01,2.189705051714641373e-02,0.000000000000000000e+00,4.590304481567459294e-01,1.072004134202864944e-01,5.614575916859878557e-01,1.768297675867698815e-01,5.149860652474597816e-02,0.000000000000000000e+00,0.000000000000000000e+00,3.953338975811428874e-02,0.000000000000000000e+00,4.158630889787453810e+01,2.936035304507282340e-01,0.000000000000000000e+00,0.000000000000000000e+00,0.000000000000000000e+00,0.000000000000000000e+00,0.000000000000000000e+00,0.000000000000000000e+00,0.000000000000000000e+00,3.095423326261766833e-02,0.000000000000000000e+00,2.909780946472935725e-01,0.000000000000000000e+00,0.000000000000000000e+00,2.330950499757206834e-02,5.723465377596024251e-01,5.242222960742993348e-02,4.752605359626769777e-01,0.000000000000000000e+00,4.785652273319922732e-03,2.261650177484583191e-01,5.614552023163201649e-02,0.000000000000000000e+00,8.792039968421010432e-01,2.008265108000645061e+00,5.689711331055681498e+00,5.115076339407979671e-03,0.000000000000000000e+00,0.000000000000000000e+00,3.255895612660458793e-02,0.000000000000000000e+00,0.000000000000000000e+00,1.154702498245187281e-01,2.931756583680454956e-02
7.057986032146272570e-02,1.059256980608098475e+00,0.000000000000000000e+00,6.751293398688412370e-03,0.000000000000000000e+00,0.000000000000000000e+00,2.073764750704912840e-01,2.957675668405998146e-02,1.071597953243984963e-02,1.391044102917863082e-02,0.000000000000000000e+00,0.000000000000000000e+00,0.000000000000000000e+00,7.508957017259314248e-02,0.000000000000000000e+00,2.367597375143277727e-01,4.154434697511499053e+01,0.000000000000000000e+00,1.237426202883595561e-01,0.000000000000000000e+00,2.301144935150271298e+00,1.361945690469045234e-01,4.851753228050865232e+02,4.052919943414964171e-02,0.000000000000000000e+00,3.721082651777553565e+02,2.756050524425020285e+02,2.854398510070877970e-01,8.253604283350610138e-02,9.376504592544134820e-01,0.000000000000000000e+00,6.837270133098079759e-03,9.384952385357582874e-03,2.856897364713950616e+00,1.417769422918594702e-01,3.526118188130063391e+00,3.322010124942329945e+00,6.861884939036367648e+00,1.934431398018024106e+00,5.250812086770759168e-02,0.000000000000000000e+00,0.000000000000000000e+00,1.254645162606431441e-01,2.166549401204000969e-01,8.276122055126845789e-02,3.570334711252121096e-02,0.000000000000000000e+00,0.000000000000000000e+00,0.000000000000000000e+00,0.000000000000000000e+00,6.452822887319255019e-01,7.492258471399239339e-02,0.000000000000000000e+00,0.000000000000000000e+00,0.000000000000000000e+00,0.000000000000000000e+00,0.000000000000000000e+00,0.000000000000000000e+00,0.000000000000000000e+00,0.000000000000000000e+00,0.000000000000000000e+00,0.000000000000000000e+00,0.000000000000000000e+00,0.000000000000000000e+00,3.356176242590201697e-02,1.104448225668651917e-01,7.721433635152130312e-03,4.870988322274490828e-02,0.000000000000000000e+00,0.000000000000000000e+00,2.799128988075961361e-02,4.893385536938853198e-02,6.779898082208331636e-03,0.000000000000000000e+00,2.054569378782119815e-01,3.786649998188066357e-01,0.000000000000000000e+00,0.000000000000000000e+00,5.668677985166254568e-03,0.000000000000000000e+00,0.000000000000000000e+00,0.000000000000000000e+00,4.040217070119021120e-02,1.202755654823379622e-01
1.061988661922806144e-02,0.000000000000000000e+00,6.751293398688412370e-03,0.000000000000000000e+00,0.000000000000000000e+00,5.850510277669918047e-01,1.863045789617955528e+00,2.629060511644463749e-01,1.785665125186636892e+00,7.090912131811502377e+02,0.000000000000000000e+00,2.933310033868574962e+01,0.000000000000000000e+00,2.559279826379173284e-01,2.653940671724336342e-01,0.000000000000000000e+00,0.000000000000000000e+00,0.000000000000000000e+00,0.000000000000000000e+00,4.181395737770933010e+03,8.428659371028530620e-03,0.000000000000000000e+00,1.222527421920029111e-02,1.494604444317700427e+02,0.000000000000000000e+00,0.000000000000000000e+00,0.000000000000000000e+00,1.110171018130382663e+03,2.801019178185200631e-01,1.097913510328664584e-02,0.000000000000000000e+00,7.053707130157448393e-03,1.748663565872443648e-02,1.370547084797665849e-01,2.275402501378814141e-02,5.617092456897212482e-01,8.783742624117647085e-03,2.442134810719673033e-01,0.000000000000000000e+00,1.401189729405924567e+00,0.000000000000000000e+00,0.000000000000000000e+00,4.552080623498534762e-02,0.000000000000000000e+00,1.617859121309481868e-02,0.000000000000000000e+00,3.677525996460224988e-02,0.000000000000000000e+00,0.000000000000000000e+00,4.879200042287987552e-03,0.000000000000000000e+00,0.000000000000000000e+00,2.755795595471871584e-01,0.000000000000000000e+00,2.219860814970783108e-02,4.355479171623141688e-02,4.521286632228558797e-03,5.278871599954325367e-02,2.076314649619992736e-01,0.000000000000000000e+00,0.000000000000000000e+00,0.000000000000000000e+00,9.950597370256745663e-03,0.000000000000000000e+00,0.000000000000000000e+00,0.000000000000000000e+00,0.000000000000000000e+00,0.000000000000000000e+00,1.169658986235126719e+01,0.000000000000000000e+00,0.000000000000000000e+00,0.000000000000000000e+00,4.010497930007287382e-01,0.000000000000000000e+00,0.000000000000000000e+00,5.427395377753293712e-03,6.171494136961910293e-01,2.683297696877634184e-02,0.000000000000000000e+00,0.000000000000000000e+00,0.000000000000000000e+00,0.000000000000000000e+00,3.343479570317436228e-02,9.732987757020899328e-03
0.000000000000000000e+00,0.000000000000000000e+00,0.000000000000000000e+00,0.000000000000000000e+00,0.000000000000000000e+00,8.360426384279155343e+01,2.739564734876033872e-02,8.365386248112102408e+00,1.690543656846672099e-02,0.000000000000000000e+00,0.000000000000000000e+00,1.017336446276886353e-01,0.000000000000000000e+00,6.208848668466828702e-01,9.364252517766203709e+01,0.000000000000000000e+00,0.000000000000000000e+00,0.000000000000000000e+00,0.000000000000000000e+00,0.000000000000000000e+00,0.000000000000000000e+00,0.000000000000000000e+00,0.000000000000000000e+00,4.088310144138260216e-02,0.000000000000000000e+00,0.000000000000000000e+00,0.000000000000000000e+00,8.866432982979167293e-03,3.513085727572203831e-01,0.000000000000000000e+00,0.000000000000000000e+00,3.836631421211932320e+02,0.000000000000000000e+00,9.142335564699328287e+00,2.834376785439746360e+00,3.658691388475798778e-01,0.000000000000000000e+00,3.867839978226692565e-01,1.092042506741449787e-01,6.230244642081621578e+02,3.469661808271777659e+02,0.000000000000000000e+00,0.000000000000000000e+00,0.000000000000000000e+00,0.000000000000000000e+00,2.024053548965535493e-02,0.000000000000000000e+00,0.000000000000000000e+00,0.000000000000000000e+00,0.000000000000000000e+00,0.000000000000000000e+00,0.000000000000000000e+00,0.000000000000000000e+00,0.000000000000000000e+00,0.000000000000000000e+00,0.000000000000000000e+00,0.000000000000000000e+00,0.000000000000000000e+00,0.000000000000000000e+00,0.000000000000000000e+00,0.000000000000000000e+00,0.000000000000000000e+00,5.163116866255296374e-03,2.754301731493615998e-02,0.000000000000000000e+00,0.000000000000000000e+00,0.000000000000000000e+00,0.000000000000000000e+00,0.000000000000000000e+00,0.000000000000000000e+00,0.000000000000000000e+00,0.000000000000000000e+00,5.434162971323630228e-03,0.000000000000000000e+00,0.000000000000000000e+00,0.000000000000000000e+00,4.621849806242827631e-03,0.000000000000000000e+00,0.000000000000000000e+00,0.000000000000000000e+00,0.000000000000000000e+00,0.000000000000000000e+00,0.000000000000000000e+00,5.704504375397333876e-02
4.864289886025678633e-02,0.000000000000000000e+00,0.000000000000000000e+00,5.850510277669918047e-01,8.360426384279155343e+01,0.000000000000000000e+00,2.668709764397539175e+01,5.357552753736727027e+02,2.784393178485652931e-01,1.653068332116775309e+03,2.489335238425921526e-02,4.729230012208477092e+02,0.000000000000000000e+00,1.009459147391206280e+01,4.151687017904470878e+01,0.000000000000000000e+00,0.000000000000000000e+00,0.000000000000000000e+00,2.525088622273649955e-02,5.090701123159242059e+00,3.321862150051466123e-02,3.187828503426492349e-02,3.156135845257108941e-02,1.473883088785439499e+00,0.000000000000000000e+00,0.000000000000000000e+00,9.760100436580421840e-03,2.528687540192337213e+00,3.365917884992922104e+00,3.598872726777773146e-01,0.000000000000000000e+00,9.935286240526114909e+01,9.083479030959276668e-02,7.191585573824385014e-01,6.791363628373467409e-02,2.494747027614709900e+00,4.273070665302602239e-02,2.162682084339283772e+00,1.995702248176563498e-01,3.076343516482978657e+02,6.315249731795461230e+00,2.168503036056458610e-02,8.956227901196667229e-02,0.000000000000000000e+00,8.915807707838384333e-02,2.618592902134742398e-02,0.000000000000000000e+00,0.000000000000000000e+00,0.000000000000000000e+00,1.720501670638905495e-02,0.000000000000000000e+00,0.000000000000000000e+00,1.820116935748906581e-02,0.000000000000000000e+00,1.112024846126429510e-02,5.600615948325898125e-02,1.095336804451477186e-02,1.306989226321290110e-01,5.702153523522984074e-02,0.000000000000000000e+00,1.992082402590715506e-02,0.000000000000000000e+00,4.025434644136582224e-02,0.000000000000000000e+00,0.000000000000000000e+00,0.000000000000000000e+00,0.000000000000000000e+00,0.000000000000000000e+00,0.000000000000000000e+00,0.000000000000000000e+00,0.000000000000000000e+00,4.517307534169479402e-03,3.707952360832344474e-01,0.000000000000000000e+00,0.000000000000000000e+00,0.000000000000000000e+00,2.725955626288293909e-01,5.455248318128603363e-02,1.132300813188982271e-02,0.000000000000000000e+00,0.000000000000000000e+00,7.842687671449596540e-03,5.505360928088798289e-02,2.381565866183965943e-02
2.310331832647315480e+02,1.954833184930893433e-02,2.073764750704912840e-01,1.863045789617955528e+00,2.739564734876033872e-02,2.668709764397539175e+01,0.000000000000000000e+00,9.120551537519048679e+01,2.482043009789567378e+00,1.404314837964415119e+03,6.914358741653389533e-03,4.261604968168501983e-01,8.846808711115167895e-03,4.434671557987885535e+02,1.608178083036529427e-01,3.984589931623539610e-02,1.686098786231934044e-01,0.000000000000000000e+00,6.189387357749442237e-03,8.118146970189146217e-01,6.413764287318981516e+00,3.287636844763364152e-01,3.991944936388355902e+00,2.078139580709252598e+01,8.015340394821802994e-03,6.480668500891515957e-03,6.780790136185232964e-02,6.970649214693913791e+02,2.405140088530813713e+01,8.432694749970626162e+02,0.000000000000000000e+00,1.257138710230278900e-01,2.493813630731869679e+00,5.103491208765059461e+00,5.325424540314659394e-01,9.241669641643964539e+00,7.049661209270647877e-01,7.767605839962135050e+00,1.539762429995300108e+00,5.114918256249685324e-01,1.912956125192011858e-01,0.000000000000000000e+00,3.143020881060656913e-01,2.302932616595220611e-02,2.289505592480041984e-01,1.035719606056769992e-01,1.220763181889727850e-01,5.846359986119175657e-03,0.000000000000000000e+00,5.646346310040886718e-02,0.000000000000000000e+00,4.580281140474350317e-03,1.516127206988590048e-01,0.000000000000000000e+00,2.780363438845275675e-02,2.537381182820706571e-01,3.102632476273000511e-02,4.307328759727072631e-01,1.349017061399189477e-01,5.195190643583412829e-03,5.041046395382439704e-02,0.000000000000000000e+00,9.019270525179227949e-02,0.000000000000000000e+00,9.823323160215742533e-02,5.605029953332754840e-03,0.000000000000000000e+00,4.046548646447508009e-03,7.496292127622559975e-02,3.941137380104803301e-02,2.491692899559839677e-02,5.044816081213408972e-03,1.486730103534630310e+00,0.000000000000000000e+00,9.629932491581194923e-03,9.437111220998268060e-03,1.232355865518991900e+00,1.299201398288720999e-01,3.682915248609986564e-02,0.000000000000000000e+00,0.000000000000000000e+00,6.741010708547819086e-02,2.365755426170971232e-01,1.803722459448059423e-01
2.938459361057093044e+00,0.000000000000000000e+00,2.957675668405998146e-02,2.629060511644463749e-01,8.365386248112102408e+00,5.357552753736727027e+02,9.120551537519048679e+01,0.000000000000000000e+00,2.128102376122494033e-01,2.486617360776278360e+02,3.983884843564258760e-02,7.008586815087606503e+00,6.538524712038676356e-02,1.812434623280963478e+03,4.370552451323608256e-01,0.000000000000000000e+00,2.264469483512919490e-02,0.000000000000000000e+00,1.915283427520333287e-02,1.711549592854589852e+00,1.377634939549074344e+00,4.188140986363438067e-02,6.814173411118948920e-01,8.734754876551918956e-01,0.000000000000000000e+00,0.000000000000000000e+00,3.713364684689859918e-02,1.461523496663077903e+00,1.242205094398499021e+01,1.111770446287704317e+01,0.000000000000000000e+00,4.045607900277235558e+01,2.051268945460439919e-01,1.990802673624882724e+00,1.364723759870923037e-01,3.401874895120462927e+00,1.363738856846335168e-01,4.773821959370988743e+00,7.520520592630697276e-01,1.420362758382395896e+01,1.710415866842122989e+00,1.169661076434495572e-01,1.252081690221766019e-01,0.000000000000000000e+00,7.399814296291326587e-02,1.712325366902603049e-02,5.725658351112441861e-03,0.000000000000000000e+00,0.000000000000000000e+00,0.000000000000000000e+00,0.000000000000000000e+00,0.000000000000000000e+00,4.656334902568025347e-03,0.000000000000000000e+00,9.743788801117824611e-03,4.772797531272433141e-02,4.514391862797646239e-03,1.045458356574676950e-01,2.541208872169189656e-02,0.000000000000000000e+00,1.111402234641608623e-02,0.000000000000000000e+00,2.460395427472832422e-02,0.000000000000000000e+00,0.000000000000000000e+00,0.000000000000000000e+00,0.000000000000000000e+00,0.000000000000000000e+00,6.704831497320970501e-03,0.000000000000000000e+00,0.000000000000000000e+00,4.429415384216098088e-03,2.590489351605096968e-01,0.000000000000000000e+00,0.000000000000000000e+00,0.000000000000000000e+00,2.653790498805963516e-01,5.948762992817070022e-02,5.724898600476487076e-03,0.000000000000000000e+00,0.000000000000000000e+00,9.104389888939877495e-03,6.494172684497741266e-02,3.411322913210798613e-02
2.103919298502017823e-02,6.891182804661737382e-01,1.071597953243984963e-02,1.785665125186636892e+00,1.690543656846672099e-02,2.784393178485652931e-01,2.482043009789567378e+00,2.128102376122494033e-01,0.000000000000000000e+00,1.964456496592182688e+00,7.942210529415667450e-03,5.677221763733917470e+01,0.000000000000000000e+00,2.891200940193228153e-01,7.969315632093096724e+01,2.330692004940424500e+00,0.000000000000000000e+00,0.000000000000000000e+00,0.000000000000000000e+00,8.650258979700488071e-01,8.381392117565190647e-01,9.494101848260872600e+01,3.177083616755514428e-01,4.558013898373171742e+02,1.755368015150281236e-02,0.000000000000000000e+00,3.976132593386892955e-01,1.430104718387929097e+01,8.308574429926197658e-01,2.035128111484377778e-01,0.000000000000000000e+00,1.743713888947461682e-02,1.675592800306145713e-01,4.271945976593601313e-01,4.698058916818064618e-02,2.313503120278053160e+00,8.615318698089502458e-01,6.804682120220882924e-01,2.700778895350433584e-01,3.206969447099794479e+01,2.316045847183505896e-02,0.000000000000000000e+00,3.965397095461400956e-01,2.091919189662211354e-01,2.712663571583644462e-01,1.048261626338261171e-01,2.032352347676143478e-01,1.222898863319462487e-02,0.000000000000000000e+00,1.462226109061695069e-02,8.467060941753814032e-03,0.000000000000000000e+00,1.505741374214472905e-01,0.000000000000000000e+00,4.658908615112259538e-02,5.642559391920644041e-01,5.373899216245842103e-02,3.178907522295747867e+01,1.366153648644869711e-01,0.000000000000000000e+00,2.342831326021799498e-01,0.000000000000000000e+00,1.176627259245021095e-01,1.745309884149450277e-02,6.442217733471075070e-01,0.000000000000000000e+00,0.000000000000000000e+00,0.000000000000000000e+00,9.175289384365471410e-03,2.057699935857954521e-01,1.250802431242916235e+01,1.289173470111826814e-01,6.439541966676063822e+00,0.000000000000000000e+00,1.172391255706509844e-02,1.059856176468899555e-02,2.366547996365009787e+00,1.855830965333686300e-01,8.408096333728580507e-02,0.000000000000000000e+00,0.000000000000000000e+00,5.758208924296876613e-02,2.228379543884821401e-01,0.000000000000000000e+00
1.680317650109881267e-01,0.000000000000000000e+00,1.391044102917863082e-02,7.090912131811502377e+02,0.000000000000000000e+00,1.653068332116775309e+03,1.404314837964415119e+03,2.486617360776278360e+02,1.964456496592182688e+00,0.000000000000000000e+00,1.581413612225912937e-02,1.353383413298563937e+03,1.663274530490124747e-02,4.164970206758471960e+01,2.879922509835030064e-01,4.209416140698397923e-03,7.092573144325032414e-03,0.000000000000000000e+00,0.000000000000000000e+00,1.658716185180288676e+03,6.221867791603476888e-02,0.000000000000000000e+00,1.080189515769462150e-01,1.358201020447712004e+01,7.696466831300157081e-03,0.000000000000000000e+00,1.684792156009176298e-02,8.281232238711221498e+02,4.408891706490158491e+00,4.641847515870551333e-01,6.193017150148062699e-03,7.834243680434341273e-02,3.299309322386885790e-01,1.109344288516965316e+00,6.441392305504572278e+02,3.072649172756785507e+00,2.831671083748887180e-02,1.785998702309468777e+00,3.481874335654809305e-01,1.804522201515890156e+00,1.823505870199039203e-01,0.000000000000000000e+00,3.192695799815018498e-01,5.215111409186189845e-03,1.174518608774087480e-01,5.822851886003030907e-03,1.167659839852472209e-01,6.177576479510997476e-03,0.000000000000000000e+00,2.584456632347636312e-02,0.000000000000000000e+00,0.000000000000000000e+00,3.916081244665814420e-01,0.000000000000000000e+00,4.548631228558171202e-02,2.311142254363421911e-01,1.466085949905250423e-02,2.210913776105399853e-01,3.199451920411887085e-01,0.000000000000000000e+00,2.829220230043825168e-01,0.000000000000000000e+00,7.472556856441849027e-02,5.625883873090030754e-03,4.074090559493681249e-03,0.000000000000000000e+00,0.000000000000000000e+00,0.000000000000000000e+00,3.107212312053783121e-01,0.000000000000000000e+00,4.771012719812858446e-03,6.415655703586057614e-03,1.766892547456797136e+00,0.000000000000000000e+00,0.000000000000000000e+00,0.000000000000000000e+00,2.033577626936514005e+00,1.197991581252099147e-01,1.274351288575347949e-02,0.000000000000000000e+00,0.000000000000000000e+00,6.564686442464033427e-03,1.307128120645896507e-01,5.850849907571455122e-02
0.000000000000000000e+00,4.116146123470016543e-02,0.000000000000000000e+00,0.000000000000000000e+00,0.000000000000000000e+00,2.489335238425921526e-02,6.914358741653389533e-03,3.983884843564258760e-02,7.942210529415667450e-03,1.581413612225912937e-02,0.000000000000000000e+00,2.434470250306230293e-02,2.341022186734305706e+02,1.998910505931521253e-02,0.000000000000000000e+00,0.000000000000000000e+00,6.784965137893005094e-02,4.187862973429340059e+02,1.177371971858422484e+02,6.116090939149766877e-03,0.000000000000000000e+00,0.000000000000000000e+00,0.000000000000000000e+00,0.000000000000000000e+00,1.278280429275487018e+00,2.208572290740734161e+02,1.786806369529212235e+00,0.000000000000000000e+00,1.258325439754568675e+00,0.000000000000000000e+00,4.883652501464622731e+01,1.900529924675377902e-01,0.000000000000000000e+00,4.004773191276511284e+02,9.962134282687109058e-03,1.896144564825181511e-01,4.447332436229943653e+01,8.707680918936772230e+01,3.241481730483107282e-01,0.000000000000000000e+00,0.000000000000000000e+00,4.958603751756447053e+01,0.000000000000000000e+00,1.046416781755853537e-01,1.230884695557660571e-02,4.743191252309317436e-03,0.000000000000000000e+00,0.000000000000000000e+00,1.462375011561865557e-01,0.000000000000000000e+00,0.000000000000000000e+00,0.000000000000000000e+00,0.000000000000000000e+00,0.000000000000000000e+00,0.000000000000000000e+00,0.000000000000000000e+00,0.000000000000000000e+00,0.000000000000000000e+00,0.000000000000000000e+00,4.064876621134884405e-02,0.000000000000000000e+00,4.799771232204602667e-01,0.000000000000000000e+00,0.000000000000000000e+00,5.331405211201284758e-03,0.000000000000000000e+00,1.782846380924337990e-02,9.057122782500245939e-03,0.000000000000000000e+00,0.000000000000000000e+00,9.795795129231598883e-03,0.000000000000000000e+00,5.835556898727762773e-03,3.556707631927128466e-01,1.543388417393056766e-01,6.618644117227388823e-02,0.000000000000000000e+00,4.325813720438742918e-03,0.000000000000000000e+00,8.277583585742850913e-02,0.000000000000000000e+00,4.196356118854667472e-03,2.795153179819416522e-02,0.000000000000000000e+00
5.632078747351038778e-02,0.000000000000000000e+00,0.000000000000000000e+00,2.933310033868574962e+01,1.017336446276886353e-01,4.729230012208477092e+02,4.261604968168501983e-01,7.008586815087606503e+00,5.677221763733917470e+01,1.353383413298563937e+03,2.434470250306230293e-02,0.000000000000000000e+00,1.825407143351044995e-02,5.462577027333834323e+00,1.284253739427714152e+02,0.000000000000000000e+00,0.000000000000000000e+00,0.000000000000000000e+00,0.000000000000000000e+00,1.920850402925973867e+03,8.755183761870120526e-03,3.077490804094539303e-02,0.000000000000000000e+00,9.596849573080548623e+01,8.678096525947523107e-03,0.000000000000000000e+00,0.000000000000000000e+00,3.744974300810304690e+00,2.422606567879745487e+00,4.066800322846955001e-02,0.000000000000000000e+00,7.449567546514850036e-02,1.311139695816630930e-02,6.005996134763252892e-01,0.000000000000000000e+00,1.131792892073015144e+00,2.512080002361207973e-02,6.644053151619292441e-01,9.174788246843493256e-02,8.779771846437040494e+01,7.514252389141597155e-02,0.000000000000000000e+00,4.336342179350979181e-02,0.000000000000000000e+00,2.588866589325614434e-02,5.628630297346206603e-03,2.768453314798405632e-02,7.250642712344005682e-03,0.000000000000000000e+00,0.000000000000000000e+00,0.000000000000000000e+00,4.142510816917722126e-03,2.389630489174208311e-02,5.276022283658814323e-03,1.002744442195671604e-02,8.311284360225486278e-02,0.000000000000000000e+00,1.399012283802310852e-01,0.000000000000000000e+00,0.000000000000000000e+00,0.000000000000000000e+00,0.000000000000000000e+00,2.996816376460131881e-02,1.241184382621752028e-02,0.000000000000000000e+00,0.000000000000000000e+00,0.000000000000000000e+00,0.000000000000000000e+00,0.000000000000000000e+00,0.000000000000000000e+00,0.000000000000000000e+00,0.000000000000000000e+00,2.888098305539656407e-01,0.000000000000000000e+00,4.547987843625997915e-03,4.144393041446714672e-03,3.278304359800380263e-01,4.241723261202671319e-02,0.000000000000000000e+00,0.000000000000000000e+00,0.000000000000000000e+00,8.118747585070256942e-03,1.417933573200285020e-02,0.000000000000000000e+00
0.000000000000000000e+00,3.154012427750702230e+00,0.000000000000000000e+00,0.000000000000000000e+00,0.000000000000000000e+00,0.000000000000000000e+00,8.846808711115167895e-03,6.538524712038676356e-02,0.000000000000000000e+00,1.663274530490124747e-02,2.341022186734305706e+02,1.825407143351044995e-02,0.000000000000000000e+00,3.934836607021316435e-02,0.000000000000000000e+00,0.000000000000000000e+00,0.000000000000000000e+00,1.303944884157437700e+00,2.093599011273495902e-01,0.000000000000000000e+00,0.000000000000000000e+00,7.296799049376369306e-02,0.000000000000000000e+00,8.780028703630824230e-03,5.526002607526216934e+02,9.016429149546684130e+01,3.279900560961660290e+02,9.408779196686138657e-03,3.873298049356537209e-01,0.000000000000000000e+00,1.126174840513855543e+03,1.311265199483722943e-01,0.000000000000000000e+00,2.710149134063153298e+01,4.233910751518125959e-02,4.348835635766961083e+00,1.071812256223490465e+02,7.033347668092369531e+01,2.479761270236235049e+00,7.916082318684868335e-01,1.191136891085716165e+01,3.653935809802459858e+02,2.292466074835710840e-02,1.484874187940697698e+00,1.002168184486602748e-01,1.729861051331526775e-02,0.000000000000000000e+00,0.000000000000000000e+00,1.837944693319338851e+00,0.000000000000000000e+00,7.261234660779757044e-02,0.000000000000000000e+00,0.000000000000000000e+00,0.000000000000000000e+00,0.000000000000000000e+00,0.000000000000000000e+00,0.000000000000000000e+00,0.000000000000000000e+00,0.000000000000000000e+00,4.866830836238109081e-01,0.000000000000000000e+00,7.220625809311933985e+00,0.000000000000000000e+00,0.000000000000000000e+00,0.000000000000000000e+00,6.647216067486445314e-03,4.657886661594027866e-01,2.169341345501562754e-02,0.000000000000000000e+00,0.000000000000000000e+00,0.000000000000000000e+00,0.000000000000000000e+00,1.052507621168723151e-02,1.097040847459862611e+01,1.770355539420750191e+00,8.312976511910822319e-01,5.697081410646595394e-03,0.000000000000000000e+00,0.000000000000000000e+00,1.640276238810022269e+00,0.000000000000000000e+00,0.000000000000000000e+00,5.453081500908998791e+00,1.615734626139634506e-02
6.460064315031522710e+02,7.321433917847471225e-03,7.508957017259314248e-02,2.559279826379173284e-01,6.208848668466828702e-01,1.009459147391206280e+01,4.434671557987885535e+02,1.812434623280963478e+03,2.891200940193228153e-01,4.164970206758471960e+01,1.998910505931521253e-02,5.462577027333834323e+00,3.934836607021316435e-02,0.000000000000000000e+00,1.659481849987003502e-02,6.251251948269972297e-03,9.590129495014984573e-02,0.000000000000000000e+00,1.850449076430382700e-02,1.178154445466466305e+00,3.071123489152772112e+00,3.168098386239006498e-02,2.043087101620280066e+00,1.495196209076222527e+00,0.000000000000000000e+00,2.232322437339550464e-02,5.800218213376571313e-02,2.712047704092460432e+00,6.879220023887032767e+02,3.133927471969591139e+01,0.000000000000000000e+00,5.442655417663318929e+01,3.455817949609625850e-01,3.348457518087617046e+00,7.107190867992836669e-02,2.293661748432380243e+00,7.336085269965732236e-02,4.708666388874797271e+00,7.737051217613841736e-01,2.374575932746695539e+00,8.493695455901071334e-01,1.142395089478138864e-01,1.312424937612342024e-01,6.875209945890873621e-03,8.172136170214086559e-02,1.151360635047350353e-02,2.531179927259620543e-02,5.139525378131857246e-03,0.000000000000000000e+00,0.000000000000000000e+00,7.011566795669252165e-03,4.561962562754306831e-03,2.215870262919467787e-02,0.000000000000000000e+00,1.085832610774547548e-02,8.101141257568382492e-02,1.750522000880757115e-02,2.042654575214910007e-01,9.874392516971516875e-03,0.000000000000000000e+00,0.000000000000000000e+00,0.000000000000000000e+00,4.394411716543815405e-02,4.959728316835340135e-03,1.794271669420631141e-02,0.000000000000000000e+00,0.000000000000000000e+00,0.000000000000000000e+00,0.000000000000000000e+00,9.994932074084137905e-03,0.000000000000000000e+00,0.000000000000000000e+00,3.532944611888448327e-01,0.000000000000000000e+00,6.214367025621842476e-03,0.000000000000000000e+00,3.117033769792302289e-01,8.885177674289482241e-02,1.812514692664039459e-02,0.000000000000000000e+00,0.000000000000000000e+00,2.334325856373919289e-02,7.833634046931978179e-02,6.148006003423629739e-02
0.000000000000000000e+00,1.992118810663790623e-02,0.000000000000000000e+00,2.653940671724336342e-01,9.364252517766203709e+01,4.151687017904470878e+01,1.608178083036529427e-01,4.370552451323608256e-01,7.969315632093096724e+01,2.879922509835030064e-01,0.000000000000000000e+00,1.284253739427714152e+02,0.000000000000000000e+00,1.659481849987003502e-02,0.000000000000000000e+00,1.443567194276899890e-02,0.000000000000000000e+00,0.000000000000000000e+00,0.000000000000000000e+00,1.333534051157044542e-01,1.843950134761267179e-02,0.000000000000000000e+00,3.295029568027917077e-02,5.252998113175114447e+00,0.000000000000000000e+00,0.000000000000000000e+00,9.198542459956040793e-03,8.777688871880091614e-01,1.591496509039439650e-02,8.654090575062046292e-03,0.000000000000000000e+00,2.804267532366230831e-01,0.000000000000000000e+00,2.081966552360393560e-02,8.431084727941271950e+00,5.328510134759104067e-02,0.000000000000000000e+00,2.179773688495818817e-01,1.106544586671380365e-01,6.583785340421658248e+02,6.254995952923532165e-01,0.000000000000000000e+00,7.857168719318421979e-03,0.000000000000000000e+00,1.691570610380267042e-02,5.097621023330844992e-02,0.000000000000000000e+00,0.000000000000000000e+00,0.000000000000000000e+00,0.000000000000000000e+00,0.000000000000000000e+00,0.000000000000000000e+00,0.000000000000000000e+00,0.000000000000000000e+00,0.000000000000000000e+00,1.342536125944088915e-02,0.000000000000000000e+00,7.775465402584044727e-03,0.000000000000000000e+00,0.000000000000000000e+00,0.000000000000000000e+00,0.000000000000000000e+00,0.000000000000000000e+00,0.000000000000000000e+00,8.012490173280366335e-03,0.000000000000000000e+00,0.000000000000000000e+00,1.607016868883242092e-02,0.000000000000000000e+00,0.000000000000000000e+00,0.000000000000000000e+00,1.659142023244532943e-02,2.396181232412138151e-02,0.000000000000000000e+00,0.000000000000000000e+00,0.000000000000000000e+00,2.224480513195209799e-02,0.000000000000000000e+00,0.000000000000000000e+00,0.000000000000000000e+00,0.000000000000000000e+00,0.000000000000000000e+00,0.000000000000000000e+00,8.922770028362059236e-02
2.070658095322989653e-02,1.383464530781929991e+00,2.367597375143277727e-01,0.000000000000000000e+00,0.000000000000000000e+00,0.000000000000000000e+00,3.984589931623539610e-02,0.000000000000000000e+00,2.330692004940424500e+00,4.209416140698397923e-03,0.000000000000000000e+00,0.000000000000000000e+00,0.000000000000000000e+00,6.251251948269972297e-03,1.443567194276899890e-02,0.000000000000000000e+00,1.581404908461356840e-01,0.000000000000000000e+00,0.000000000000000000e+00,0.000000000000000000e+00,2.798075415754015580e+02,1.234824428606236069e+02,1.046536431842391721e+03,1.148691536992085105e+02,0.000000000000000000e+00,3.414733574180793541e-02,2.019444674345775468e+02,1.256417566262805536e+02,1.766024759405197472e-02,7.402875560561505974e-02,0.000000000000000000e+00,0.000000000000000000e+00,0.000000000000000000e+00,7.022058534639992189e-01,4.073527084131571274e-01,6.396303548033792197e+00,3.457899701762855216e+00,4.019764430280819312e+00,2.058647964503046879e+00,1.137276487625966115e-01,0.000000000000000000e+00,0.000000000000000000e+00,8.028040548817446664e-01,3.453553591557558256e-01,3.633889928042373652e-01,3.557064864623173395e-01,8.142693952444463035e-03,0.000000000000000000e+00,0.000000000000000000e+00,5.995995777112104325e-03,7.006864987090392731e-03,1.979184975396086968e-02,0.000000000000000000e+00,0.000000000000000000e+00,7.172871276205453409e-03,6.595926721363662600e-03,0.000000000000000000e+00,0.000000000000000000e+00,0.000000000000000000e+00,0.000000000000000000e+00,0.000000000000000000e+00,0.000000000000000000e+00,0.000000000000000000e+00,0.000000000000000000e+00,1.952625794550766791e+00,9.971879046307960404e-02,0.000000000000000000e+00,0.000000000000000000e+00,6.575518174731833851e-03,2.757348262013550877e-01,3.014763823606493975e+00,2.791803537944006042e+00,2.050503890796400164e-01,0.000000000000000000e+00,7.282576433660004414e-03,5.259603811200913581e-01,1.607803503878459661e-01,2.263389010066432783e-02,1.076199987371859873e-02,0.000000000000000000e+00,0.000000000000000000e+00,8.888598340901667297e-03,1.040015539647337200e-01,2.612999186617153136e-01
6.649353759067067049e-02,4.839735719962366289e+00,4.154434697511499053e+01,0.000000000000000000e+00,0.000000000000000000e+00,0.000000000000000000e+00,1.686098786231934044e-01,2.264469483512919490e-02,0.000000000000000000e+00,7.092573144325032414e-03,6.784965137893005094e-02,0.000000000000000000e+00,0.000000000000000000e+00,9.590129495014984573e-02,0.000000000000000000e+00,1.581404908461356840e-01,0.000000000000000000e+00,8.573298628639410002e-02,4.702667691958434943e+02,0.000000000000000000e+00,1.315028882900158402e+00,6.392751155335568702e-01,2.741791554919867053e+02,8.669404949511126668e-02,1.156431458902445336e-02,1.874574154974492330e+02,4.231205477044746743e+01,1.803320661761207699e-01,1.627434491401910654e-01,4.466192688053373661e-01,0.000000000000000000e+00,0.000000000000000000e+00,8.616209941759466959e-03,1.712713236649286443e+02,3.274437454508822842e-01,5.566117082641620861e+00,1.028734286560461619e+01,1.378741513716177636e+01,2.019686108439033401e+00,2.288633746487087756e-02,1.347754819921130783e-02,0.000000000000000000e+00,1.888605814010747841e-01,6.573086541710687625e-01,1.277117351023589198e-01,1.565677023588598615e-01,0.000000000000000000e+00,0.000000000000000000e+00,0.000000000000000000e+00,0.000000000000000000e+00,2.006676201983562891e+00,2.707091515290256378e-01,0.000000000000000000e+00,0.000000000000000000e+00,0.000000000000000000e+00,0.000000000000000000e+00,0.000000000000000000e+00,0.000000000000000000e+00,0.000000000000000000e+00,2.757520971353340927e-02,0.000000000000000000e+00,0.000000000000000000e+00,0.000000000000000000e+00,8.133248463070950549e-03,2.107207891065268276e-02,4.702829745701506692e-01,4.759077136061071189e-02,3.158015317111169673e-01,0.000000000000000000e+00,5.033547252947119174e-03,1.836909646424385589e-01,6.247451984023427718e-02,1.226623777758291747e-02,3.203329437071771729e-02,1.090684545962680163e+00,2.392762583814818544e+00,0.000000000000000000e+00,0.000000000000000000e+00,0.000000000000000000e+00,0.000000000000000000e+00,0.000000000000000000e+00,0.000000000000000000e+00,3.951900088710316727e-02,7.781108904253629388e-02
0.000000000000000000e+00,9.400340441040289097e-02,0.000000000000000000e+00,0.000000000000000000e+00,0.000000000000000000e+00,0.000000000000000000e+00,0.000000000000000000e+00,0.000000000000000000e+00,0.000000000000000000e+00,0.000000000000000000e+00,4.187862973429340059e+02,0.000000000000000000e+00,1.303944884157437700e+00,0.000000000000000000e+00,0.000000000000000000e+00,0.000000000000000000e+00,8.573298628639410002e-02,0.000000000000000000e+00,1.741941465216696372e+02,0.000000000000000000e+00,0.000000000000000000e+00,0.000000000000000000e+00,0.000000000000000000e+00,0.000000000000000000e+00,2.660921163497595998e-01,3.068524713117917599e+02,2.525098358871793014e+00,0.000000000000000000e+00,5.105763819128631559e-02,6.428757388764625748e-03,3.380591861489413485e+00,0.000000000000000000e+00,0.000000000000000000e+00,3.059592699640629743e+00,1.800679362450809812e-02,6.652727561374389698e-01,6.030234814773526075e+00,4.725363982824935860e+00,7.559016468792835175e-01,0.000000000000000000e+00,0.000000000000000000e+00,3.392690380603151368e-02,1.072960442360424392e-02,1.195507828666249606e-01,0.000000000000000000e+00,6.212933663926323118e-03,0.000000000000000000e+00,0.000000000000000000e+00,0.000000000000000000e+00,0.000000000000000000e+00,6.404096272455521432e-02,0.000000000000000000e+00,0.000000000000000000e+00,0.000000000000000000e+00,0.000000000000000000e+00,0.000000000000000000e+00,0.000000000000000000e+00,0.000000000000000000e+00,0.000000000000000000e+00,9.191527615171650456e-02,0.000000000000000000e+00,2.379362915570371606e-01,0.000000000000000000e+00,0.000000000000000000e+00,0.000000000000000000e+00,0.000000000000000000e+00,1.319084986234103640e-01,2.866761106837769496e-02,0.000000000000000000e+00,0.000000000000000000e+00,0.000000000000000000e+00,0.000000000000000000e+00,0.000000000000000000e+00,1.387255371310878171e-01,6.912796213156501279e-01,2.799012885366283787e-01,0.000000000000000000e+00,0.000000000000000000e+00,0.000000000000000000e+00,1.339429635495496540e-01,0.000000000000000000e+00,0.000000000000000000e+00,0.000000000000000000e+00,0.000000000000000000e+00
0.000000000000000000e+00,1.750183067850112684e+00,1.237426202883595561e-01,0.000000000000000000e+00,0.000000000000000000e+00,2.525088622273649955e-02,6.189387357749442237e-03,1.915283427520333287e-02,0.000000000000000000e+00,0.000000000000000000e+00,1.177371971858422484e+02,0.000000000000000000e+00,2.093599011273495902e-01,1.850449076430382700e-02,0.000000000000000000e+00,0.000000000000000000e+00,4.702667691958434943e+02,1.741941465216696372e+02,0.000000000000000000e+00,0.000000000000000000e+00,1.918741926451470250e-02,3.385147086346607104e-02,4.036705601604897442e-01,6.770715868689685356e-03,3.066004210194399060e-01,2.976843733574044109e+02,8.761965697216943738e+00,1.127435853710828488e-02,5.346217165242400648e-02,1.717859933314185017e-02,2.364826753349563992e-01,2.380487744634426570e-02,0.000000000000000000e+00,7.926613168661658904e+01,1.698765542456133482e-01,3.373479019496896214e+00,1.400172782303389774e+01,2.334130537438381481e+01,3.700911899050808085e+00,1.156698738452493526e-02,0.000000000000000000e+00,5.023925278923830479e-02,6.895234458277675615e-02,2.394722823680823787e-01,3.707286262269932769e-02,2.409699577628779746e-02,0.000000000000000000e+00,0.000000000000000000e+00,0.000000000000000000e+00,0.000000000000000000e+00,8.083047841645476517e-01,8.333010156237580235e-03,0.000000000000000000e+00,0.000000000000000000e+00,0.000000000000000000e+00,0.000000000000000000e+00,0.000000000000000000e+00,0.000000000000000000e+00,0.000000000000000000e+00,1.399962057903544332e-01,0.000000000000000000e+00,8.800946052012632859e-02,0.000000000000000000e+00,0.000000000000000000e+00,4.969323888059185533e-03,9.377283320739611405e-02,3.266420804733536354e-01,2.451699670712995383e-01,0.000000000000000000e+00,0.000000000000000000e+00,0.000000000000000000e+00,0.000000000000000000e+00,0.000000000000000000e+00,1.402279641468427152e-01,1.583740394002459917e+00,1.298499829129281968e+00,0.000000000000000000e+00,0.000000000000000000e+00,0.000000000000000000e+00,1.939691634876343149e-02,0.000000000000000000e+00,0.000000000000000000e+00,5.702483707837562033e-02,6.828159444809750456e-02
