0.000000000000000000e+00,0.000000000000000000e+00,1.943042325948798055e-01,1.036423642591988853e-02,0.000000000000000000e+00,6.289585772801700170e-01,2.223247603031516064e+02,2.686041683898719512e+01,7.768875940762321082e-03,1.714762350275149116e-01,3.748504951832608983e-02,4.029399020571244189e-02,0.000000000000000000e+00,8.728203118636465661e+02,0.000000000000000000e+00,0.000000000000000000e+00,1.114990633912747026e-01,0.000000000000000000e+00,1.640284379198377746e-02,4.457547782904802691e-02,4.118348228981404957e-01,1.160797952945846236e-02,1.347193362227705471e+00,2.926853096161438975e-02,0.000000000000000000e+00,0.000000000000000000e+00,4.377352645035507278e-02,2.437436287849908401e-01,8.591556144378723729e+02,1.296487656868694387e+02,0.000000000000000000e+00,0.000000000000000000e+00,1.400864715283530959e+00,1.528634851435769493e+00,3.090359128250129081e-02,1.572440065344790916e-01,0.000000000000000000e+00,1.826311278594932919e+00,1.178339475222875410e-01,8.499062633900178812e-03,1.007545752119407140e-01,0.000000000000000000e+00,0.000000000000000000e+00,0.000000000000000000e+00,0.000000000000000000e+00,0.000000000000000000e+00,0.000000000000000000e+00,0.000000000000000000e+00,0.000000000000000000e+00,0.000000000000000000e+00,0.000000000000000000e+00,0.000000000000000000e+00,0.000000000000000000e+00,0.000000000000000000e+00,0.000000000000000000e+00,0.000000000000000000e+00,0.000000000000000000e+00,0.000000000000000000e+00,0.000000000000000000e+00,0.000000000000000000e+00,0.000000000000000000e+00,0.000000000000000000e+00,0.000000000000000000e+00,0.000000000000000000e+00,0.000000000000000000e+00,0.000000000000000000e+00,0.000000000000000000e+00,0.000000000000000000e+00,0.000000000000000000e+00,0.000000000000000000e+00,0.000000000000000000e+00,0.000000000000000000e+00,1.369482294066733455e-02,0.000000000000000000e+00,0.000000000000000000e+00,6.131294233920813082e-03,4.415674404383226198e-03,0.000000000000000000e+00,0.000000000000000000e+00,0.000000000000000000e+00,0.000000000000000000e+00,0.000000000000000000e+00,0.000000000000000000e+00,1.356163759215748763e-02
0.000000000000000000e+00,0.000000000000000000e+00,0.000000000000000000e+00,0.000000000000000000e+00,0.000000000000000000e+00,0.000000000000000000e+00,1.025255697935666989e-02,0.000000000000000000e+00,5.844893357892478214e+00,0.000000000000000000e+00,3.228417920167765687e-02,0.000000000000000000e+00,3.436906230184877842e+00,0.000000000000000000e+00,0.000000000000000000e+00,1.504154041644096829e+00,1.030496891685606653e-01,5.985282466591016447e-03,4.049054169341813336e-02,0.000000000000000000e+00,4.679503255299141684e-02,4.867089861755563902e+02,3.096358717299988461e-01,2.678885820407927998e+00,4.325480667888753601e+02,5.188047073875132753e-01,6.386953476658611635e+02,3.101306784442828257e-01,0.000000000000000000e+00,0.000000000000000000e+00,5.775081902735686862e-02,0.000000000000000000e+00,0.000000000000000000e+00,1.019682613361979351e-01,7.712790809614718766e-03,9.653989630608138250e-02,5.489565754798654496e+00,2.478479748725246345e-01,5.693213259953753408e-02,0.000000000000000000e+00,0.000000000000000000e+00,1.967129151262696940e+00,4.029603326032594746e-01,7.045269834342926529e+00,3.560841297415743290e-01,2.052479200052028385e-01,1.944417752232042648e-02,0.000000000000000000e+00,6.863779177879620885e-01,0.000000000000000000e+00,6.100949146877634632e+01,8.530191458063950405e-01,0.000000000000000000e+00,0.000000000000000000e+00,0.000000000000000000e+00,0.000000000000000000e+00,0.000000000000000000e+00,1.176181112077662183e-02,0.000000000000000000e+00,6.210793045831575210e-02,0.000000000000000000e+00,1.859080036053609275e+00,0.000000000000000000e+00,0.000000000000000000e+00,1.527369764203436453e-01,3.800389315051128786e-02,0.000000000000000000e+00,1.402832057118485500e-02,0.000000000000000000e+00,0.000000000000000000e+00,1.308411343721102682e+00,1.007727925884391168e-01,0.000000000000000000e+00,2.238407749376470690e+01,1.422408908387715387e+00,3.322157245300957840e+01,1.644042456463234644e-02,0.000000000000000000e+00,0.000000000000000000e+00,1.786710725560199456e-02,0.000000000000000000e+00,0.000000000000000000e+00,7.497935029343709423e-02,2.720693059359896582e-02
1.943042325948798055e-01,0.000000000000000000e+00,0.000000000000000000e+00,8.311925500106223316e-03,0.000000000000000000e+00,1.460806144943817969e-02,7.011648613125776031e-01,1.199046178670907098e-01,0.000000000000000000e+00,3.435267372369774780e-02,0.000000000000000000e+00,0.000000000000000000e+00,0.000000000000000000e+00,2.710222751108591899e-01,0.000000000000000000e+00,4.233525821723317997e-03,1.220841268746094528e+02,1.063658680083585245e-02,2.146353349268198762e+00,0.000000000000000000e+00,1.062259831352439399e+01,1.352035082438635127e-02,7.206500564137854781e+02,1.843630466108792110e-02,0.000000000000000000e+00,8.909920653467767124e+02,3.729873102862453607e+02,0.000000000000000000e+00,4.189822427097623092e-01,4.492033400986430891e+00,0.000000000000000000e+00,6.713200982805413337e-03,1.863282906341209300e-01,7.607302877576911371e+00,0.000000000000000000e+00,0.000000000000000000e+00,1.601330414099864319e+00,2.411805325470248107e+01,6.128586458648107360e+00,1.046410514158595956e-01,2.652712652614159020e-02,0.000000000000000000e+00,7.327448841681928615e-02,1.293862367843111316e-01,3.494023087804117716e-02,1.061007451878390323e-01,1.029216964098135338e-02,0.000000000000000000e+00,7.717885471789549985e-03,0.000000000000000000e+00,1.228991350112614567e-01,3.727066874576213940e-02,0.000000000000000000e+00,0.000000000000000000e+00,0.000000000000000000e+00,1.137193929384084680e-02,0.000000000000000000e+00,0.000000000000000000e+00,0.000000000000000000e+00,0.000000000000000000e+00,0.000000000000000000e+00,0.000000000000000000e+00,0.000000000000000000e+00,7.708607666851138678e-03,1.286887613529992709e-02,0.000000000000000000e+00,0.000000000000000000e+00,0.000000000000000000e+00,0.000000000000000000e+00,2.191995296321128453e-02,1.769582824548344632e-02,2.695317443627618520e-02,0.000000000000000000e+00,1.201054478035846335e-02,3.713166542035128970e-02,1.052030431220862594e+00,2.007162860320394968e-02,0.000000000000000000e+00,0.000000000000000000e+00,0.000000000000000000e+00,0.000000000000000000e+00,0.000000000000000000e+00,0.000000000000000000e+00,0.000000000000000000e+00
1.036423642591988853e-02,0.000000000000000000e+00,8.311925500106223316e-03,0.000000000000000000e+00,4.076681117768036176e-03,1.394438540514293390e+00,5.887876250156409697e+00,3.583052424823511273e-01,2.865288153615764610e+00,5.481225027901385829e+02,1.593945604259212889e-02,4.325442002561753441e+01,0.000000000000000000e+00,3.615464893012935721e-01,1.095501441355615085e-01,0.000000000000000000e+00,9.645960316240195787e-03,0.000000000000000000e+00,0.000000000000000000e+00,3.476133147394367825e+03,9.190484701445629512e-03,0.000000000000000000e+00,3.497807198962868402e-02,3.277856774438743059e+02,0.000000000000000000e+00,0.000000000000000000e+00,0.000000000000000000e+00,1.117927480666182646e+03,3.601090219549784588e-01,1.791057111043682371e-01,0.000000000000000000e+00,0.000000000000000000e+00,1.442506871845626315e-01,8.292132156240394902e-01,2.357381426154207468e-02,7.109162767839665165e-01,4.374947179001534639e-03,1.358043928921808918e+00,1.280932592245841717e-01,5.224821258352546627e-01,1.977489840607914440e-01,0.000000000000000000e+00,2.282811151983602516e-01,0.000000000000000000e+00,1.508629455356898796e-01,1.599930688766548065e-02,4.166921581059385704e-01,1.672664864999914153e-02,0.000000000000000000e+00,5.042476260867203436e-03,0.000000000000000000e+00,0.000000000000000000e+00,2.049601091143053111e+01,6.935317077837338876e-03,4.463894647972244806e-02,2.787754423014275340e-01,0.000000000000000000e+00,6.453700360966334593e-01,3.799763620735641112e+00,0.000000000000000000e+00,6.264038943669183013e+00,0.000000000000000000e+00,5.277473203552502518e-03,3.392207401059498667e-02,0.000000000000000000e+00,0.000000000000000000e+00,0.000000000000000000e+00,0.000000000000000000e+00,0.000000000000000000e+00,0.000000000000000000e+00,0.000000000000000000e+00,0.000000000000000000e+00,3.159806666411401288e+00,0.000000000000000000e+00,0.000000000000000000e+00,5.232248071917863265e-03,1.592715669596320049e+00,2.713788948880657692e-02,0.000000000000000000e+00,0.000000000000000000e+00,0.000000000000000000e+00,6.710931067957188328e-03,9.479957324524349027e-02,4.634760491523930853e-03
0.000000000000000000e+00,0.000000000000000000e+00,0.000000000000000000e+00,4.076681117768036176e-03,0.000000000000000000e+00,1.581356585939022068e+02,5.263419754416173713e-02,7.771863069230129817e+00,7.365202508023489525e-01,4.173467698750828875e-02,0.000000000000000000e+00,6.180380074829353587e-01,0.000000000000000000e+00,2.593476616426367704e-02,2.308647867766695754e+02,0.000000000000000000e+00,0.000000000000000000e+00,0.000000000000000000e+00,0.000000000000000000e+00,0.000000000000000000e+00,6.989959399445418164e-03,0.000000000000000000e+00,1.219199168497832504e-02,8.405950349790450651e-03,0.000000000000000000e+00,0.000000000000000000e+00,0.000000000000000000e+00,3.671580610298537384e-02,6.037840147316075184e-02,0.000000000000000000e+00,0.000000000000000000e+00,1.787057509259735752e+02,0.000000000000000000e+00,2.147861063820727452e+02,0.000000000000000000e+00,2.443912890696464668e-01,2.077738937124428906e-02,1.632437403903750139e+00,3.766725058747312505e-02,5.237133013100833523e+02,4.031995075676273927e+02,0.000000000000000000e+00,1.479262677751882332e-02,0.000000000000000000e+00,0.000000000000000000e+00,1.496771376257253865e-02,2.566734419301109488e-02,0.000000000000000000e+00,0.000000000000000000e+00,0.000000000000000000e+00,0.000000000000000000e+00,6.854543954125094304e-03,6.554195120916981795e-03,0.000000000000000000e+00,0.000000000000000000e+00,7.235980453489813773e-03,0.000000000000000000e+00,0.000000000000000000e+00,0.000000000000000000e+00,0.000000000000000000e+00,1.070175567514253766e-02,0.000000000000000000e+00,0.000000000000000000e+00,1.104227381607392547e-02,0.000000000000000000e+00,0.000000000000000000e+00,0.000000000000000000e+00,0.000000000000000000e+00,0.000000000000000000e+00,0.000000000000000000e+00,0.000000000000000000e+00,0.000000000000000000e+00,8.836413693717595080e-03,0.000000000000000000e+00,0.000000000000000000e+00,0.000000000000000000e+00,6.758404667523223303e-03,0.000000000000000000e+00,7.632226732661388791e-03,0.000000000000000000e+00,0.000000000000000000e+00,0.000000000000000000e+00,5.670916710227976061e-03,2.868120774545377949e-01
6.289585772801700170e-01,0.000000000000000000e+00,1.460806144943817969e-02,1.394438540514293390e+00,1.581356585939022068e+02,0.000000000000000000e+00,4.837494341557204791e+01,1.784738441091416234e+03,5.143022472966928271e-01,6.074325877136848248e+02,3.349635537066241175e-01,3.936618721539478543e+02,0.000000000000000000e+00,1.926186561288637833e+01,1.370041419685596509e+02,0.000000000000000000e+00,7.609335136432419239e-03,1.935221347438022960e-02,4.980451541510205749e-02,5.171117420495747297e+00,3.797880393772787300e-02,0.000000000000000000e+00,1.548031352987724318e-01,8.854703932495785468e-01,0.000000000000000000e+00,1.658547248775254709e-02,6.262863472997470642e-03,1.068209666314907835e+01,2.594543680449787448e+00,1.328650554435404141e+00,1.474856400047147055e-02,2.413721985817259963e+02,1.110856498240486295e-01,5.812958566175715269e+00,3.938704760823081436e-02,2.571084272600079768e+00,0.000000000000000000e+00,5.679908038021517669e+00,2.187383024037714285e-01,2.776321848210881740e+02,3.229257410829801955e+01,6.515620650839402950e-02,4.498334900180667173e-02,0.000000000000000000e+00,2.220547749624736389e-02,5.322897629655271544e-03,7.446883575891417861e-02,0.000000000000000000e+00,0.000000000000000000e+00,0.000000000000000000e+00,0.000000000000000000e+00,0.000000000000000000e+00,5.907017038178176416e-02,0.000000000000000000e+00,1.134419816342250795e-02,3.691262084276634298e-02,4.764958130300694407e-03,5.000254822842688934e-02,5.735419822167853870e-02,0.000000000000000000e+00,1.106704469017788794e-01,0.000000000000000000e+00,0.000000000000000000e+00,3.824343928648494401e-02,0.000000000000000000e+00,0.000000000000000000e+00,0.000000000000000000e+00,0.000000000000000000e+00,0.000000000000000000e+00,0.000000000000000000e+00,0.000000000000000000e+00,0.000000000000000000e+00,4.488749864645008025e-01,0.000000000000000000e+00,0.000000000000000000e+00,0.000000000000000000e+00,3.293601167432630983e-01,4.753522710227470194e-03,0.000000000000000000e+00,0.000000000000000000e+00,0.000000000000000000e+00,0.000000000000000000e+00,4.401593562776875100e-03,1.667729430986407066e-02
2.223247603031516064e+02,1.025255697935666989e-02,7.011648613125776031e-01,5.887876250156409697e+00,5.263419754416173713e-02,4.837494341557204791e+01,0.000000000000000000e+00,3.333851764622429670e+01,2.813572562369358376e+00,7.494426382755216309e+02,4.681275275001899328e-01,1.666528843345754518e-01,6.989737981881674264e-03,2.578141185595778211e+02,7.944450221763924014e-02,3.478456908459455488e-02,5.604121050463417575e-01,2.331111538592617327e-02,1.021117585470080885e-01,1.123734786546298103e+00,5.262834817160955581e+00,4.836100030049905046e-02,4.630223150206259852e+00,1.156742383108971950e+01,0.000000000000000000e+00,1.075787797665657408e-01,2.317157969109970295e-01,8.560080225715304323e+02,1.388314054898929939e+01,7.491439690695225408e+02,0.000000000000000000e+00,9.429217631192107762e-02,8.287668299901319813e+00,1.951187297721974900e+01,0.000000000000000000e+00,1.403464177286915771e+01,3.036429424021588885e-01,2.528491502986183903e+01,0.000000000000000000e+00,1.993723679085364520e+00,2.112745532885050626e+00,4.478197840242589822e-02,3.106656803142620604e-01,2.029286687081146776e-02,2.624499339512579854e-01,0.000000000000000000e+00,1.806438997873629770e-01,1.819077048718470771e-02,8.857484392528902281e-03,1.026308713523217675e-02,4.245354214616595123e-03,4.717662280858987180e-03,3.232474813650890733e-01,0.000000000000000000e+00,1.811133040548476569e-02,4.893976520685853759e-01,6.088323056126491301e-02,7.700350133462273705e-01,3.826897769561902751e-01,5.549208283541376061e-03,1.215414929110975317e-01,0.000000000000000000e+00,1.560781305172882424e-02,6.656644862471051798e-03,2.855501606006153117e-02,0.000000000000000000e+00,0.000000000000000000e+00,0.000000000000000000e+00,5.334467675564300015e-02,4.550565043305914749e-03,2.770549593867132135e-02,8.750505089111824258e-03,4.407173401113424482e+00,0.000000000000000000e+00,0.000000000000000000e+00,2.997873212912307433e-02,3.020135931415660391e+00,7.511374136698446835e-02,0.000000000000000000e+00,0.000000000000000000e+00,0.000000000000000000e+00,0.000000000000000000e+00,1.137939486062411742e-01,0.000000000000000000e+00
2.686041683898719512e+01,0.000000000000000000e+00,1.199046178670907098e-01,3.583052424823511273e-01,7.771863069230129817e+00,1.784738441091416234e+03,3.333851764622429670e+01,0.000000000000000000e+00,5.872023130394840584e-02,9.894437029620198132e+01,4.083477178660431806e-01,5.495576759404875666e+00,1.246700317962226405e-02,1.301209837574369431e+03,1.874601817103318968e+00,5.320226733100227173e-03,1.528932870213930151e-01,1.049292708891881414e-02,2.274311835142468416e-02,1.306444618964229587e+00,2.785648211024215892e-01,0.000000000000000000e+00,8.281249336123447380e-01,2.360829976517588302e-01,0.000000000000000000e+00,2.487624592319044592e-02,4.551629555651060671e-02,1.619428412937420569e+00,2.272266653608414444e+01,1.537429504930927493e+01,0.000000000000000000e+00,1.437290458436291374e+02,2.881890084924929041e-01,6.363986848699738630e+00,8.672272626101666659e-02,4.108891220005606471e+00,5.182481631571783653e-02,8.184800936118246995e+00,5.712490531879447220e-01,1.733730408736089146e+01,1.750466782637053598e+01,1.174899618518863986e-01,1.058806826845073122e-02,0.000000000000000000e+00,5.092409880251129797e-03,1.464394611922417884e-02,1.200287324639113910e-02,0.000000000000000000e+00,0.000000000000000000e+00,0.000000000000000000e+00,0.000000000000000000e+00,0.000000000000000000e+00,1.983731365674986161e-02,0.000000000000000000e+00,0.000000000000000000e+00,2.152859919975671360e-02,0.000000000000000000e+00,3.294955462014094449e-02,1.113633015303787561e-02,0.000000000000000000e+00,1.472387979265112404e-02,0.000000000000000000e+00,0.000000000000000000e+00,0.000000000000000000e+00,0.000000000000000000e+00,0.000000000000000000e+00,0.000000000000000000e+00,0.000000000000000000e+00,0.000000000000000000e+00,0.000000000000000000e+00,0.000000000000000000e+00,4.226084970385613621e-03,1.411480001738849854e-01,0.000000000000000000e+00,0.000000000000000000e+00,0.000000000000000000e+00,1.501951956081315487e-01,0.000000000000000000e+00,0.000000000000000000e+00,0.000000000000000000e+00,0.000000000000000000e+00,0.000000000000000000e+00,4.399809012196687422e-03,2.610530488666642016e-02
7.768875940762321082e-03,5.844893357892478214e+00,0.000000000000000000e+00,2.865288153615764610e+00,7.365202508023489525e-01,5.143022472966928271e-01,2.813572562369358376e+00,5.872023130394840584e-02,0.000000000000000000e+00,1.352348672207924540e+00,1.329930311375697623e-02,8.870741024390757445e+01,0.000000000000000000e+00,4.866237066205548328e-02,1.528484258263062827e+02,7.144577683413028346e+00,0.000000000000000000e+00,0.000000000000000000e+00,6.151283889035105527e-03,1.585998689534915407e+00,1.620233896665393303e+00,3.819986935811403441e+02,8.773184911078429904e-01,7.731055256776934357e+02,3.521058088271125652e-01,0.000000000000000000e+00,8.044621054736353916e-01,3.409731504217751308e+01,3.223823859588096502e-02,9.744241175916521641e-03,0.000000000000000000e+00,0.000000000000000000e+00,1.644103593266399432e-01,3.508676719926591137e-01,5.657593139857538395e-02,1.983529420955216782e+00,4.495083245489519402e-02,3.719285481329209220e-01,1.066351227141397184e-01,1.451526948799328522e+02,1.178467103944413480e-01,0.000000000000000000e+00,5.423859800952191001e-01,0.000000000000000000e+00,4.660482617138785311e-01,1.153811034024443821e-01,1.367664889976137887e+00,7.961248045682785268e-02,0.000000000000000000e+00,7.672153125574731301e-03,3.421875881615787929e-02,0.000000000000000000e+00,6.545685228061137728e-01,0.000000000000000000e+00,6.069845691026784507e-02,6.713574854638341138e-01,2.667227102229709212e-02,8.259156885176089702e+01,4.104857804358077455e-01,0.000000000000000000e+00,8.320515054500281504e-01,0.000000000000000000e+00,1.502310395950804366e-02,2.071513601187858211e-01,3.113986510384114226e+00,0.000000000000000000e+00,0.000000000000000000e+00,0.000000000000000000e+00,1.112869464069454750e-01,2.581726104046000447e-01,9.546915177598060964e+00,1.783977687779308152e-01,1.832472392512920933e+01,0.000000000000000000e+00,0.000000000000000000e+00,1.329380108733683730e-01,7.679414661813476428e+00,1.128951912007693653e-01,1.982517898466290909e-02,0.000000000000000000e+00,8.157327280394685576e-03,2.393266345600408851e-02,1.941128232999681513e-01,2.707050761877660347e-02
1.714762350275149116e-01,0.000000000000000000e+00,3.435267372369774780e-02,5.481225027901385829e+02,4.173467698750828875e-02,6.074325877136848248e+02,7.494426382755216309e+02,9.894437029620198132e+01,1.352348672207924540e+00,0.000000000000000000e+00,5.327588526522112344e-01,8.300033986236305736e+02,1.104128828732789565e-02,4.131399654158937551e+01,1.801693183616420724e-01,0.000000000000000000e+00,3.436346474079693403e-02,3.651198905452497645e-02,5.631343294082556683e-02,1.274724559367197116e+03,7.857964321297648477e-03,0.000000000000000000e+00,1.039613870719499761e-01,1.037984152882104461e+01,0.000000000000000000e+00,4.571093644386221150e-02,3.871470185493519622e-02,3.133213447632688826e+02,4.519637715539509770e+00,7.116672344571842723e-01,0.000000000000000000e+00,1.261661969667741412e-01,1.582878829126775633e-01,7.530331508721856082e+00,0.000000000000000000e+00,0.000000000000000000e+00,2.675881375203303936e-02,1.124919640803371657e+01,5.801113400430091271e-01,1.665094278664858152e+00,1.557115340057507957e+00,2.139493896433339315e-02,2.277562292775215103e-01,0.000000000000000000e+00,8.623795282566629194e-02,3.292500057880163450e-02,2.080071093045186559e-01,1.573371884444298499e-02,0.000000000000000000e+00,0.000000000000000000e+00,0.000000000000000000e+00,0.000000000000000000e+00,3.223315322669065841e-01,1.350792404863829926e-02,1.900723740884599153e-02,1.811175343645185509e-01,1.095127642001075818e-02,4.102402688783930995e-01,2.901519784820867365e-01,0.000000000000000000e+00,4.995541360058606273e+00,0.000000000000000000e+00,9.585500526327877385e-03,5.434363134382131505e-02,1.062945794119372726e-02,0.000000000000000000e+00,0.000000000000000000e+00,0.000000000000000000e+00,6.572351352945580982e-02,9.178023132858873639e-03,0.000000000000000000e+00,0.000000000000000000e+00,2.572020607960161076e+00,0.000000000000000000e+00,0.000000000000000000e+00,0.000000000000000000e+00,1.589026725348775759e+00,4.483459616844417267e-02,0.000000000000000000e+00,0.000000000000000000e+00,4.756605727494454990e-03,0.000000000000000000e+00,4.286334823409724409e-02,5.493267252296656078e-02
3.748504951832608983e-02,3.228417920167765687e-02,0.000000000000000000e+00,1.593945604259212889e-02,0.000000000000000000e+00,3.349635537066241175e-01,4.681275275001899328e-01,4.083477178660431806e-01,1.329930311375697623e-02,5.327588526522112344e-01,0.000000000000000000e+00,4.442476897957310933e-01,2.851523631089275455e+02,6.135141802369865616e-01,0.000000000000000000e+00,0.000000000000000000e+00,1.578112908742003440e-01,4.247248129200509652e+02,1.541871591597814302e+02,2.023890995563196460e-01,0.000000000000000000e+00,1.317483168095099320e-02,1.571951052747259589e-02,1.260270005387339153e-02,4.276758942084665449e+01,2.293530899528862790e+02,7.870167467505163605e-01,1.012877640210879254e-01,3.149969266558559244e+00,2.989597810067352590e-01,5.407399186856887496e+01,1.010905828035964654e-01,3.776599475747620394e-02,6.633087688704487164e+02,0.000000000000000000e+00,1.094324935613876448e+00,7.475844460781772227e+01,3.604621839841672113e+02,7.794295323653860352e-01,1.627336949362089558e-01,9.074023434119662945e-02,1.279247579221366209e+02,0.000000000000000000e+00,1.875076495541425414e+00,0.000000000000000000e+00,2.195607367001553914e-02,5.429827663288377265e-03,0.000000000000000000e+00,2.528574456504359413e-01,0.000000000000000000e+00,6.364426665670444572e-02,0.000000000000000000e+00,0.000000000000000000e+00,0.000000000000000000e+00,0.000000000000000000e+00,0.000000000000000000e+00,0.000000000000000000e+00,0.000000000000000000e+00,0.000000000000000000e+00,5.362211526673976020e-02,0.000000000000000000e+00,4.094992549415619720e+01,0.000000000000000000e+00,0.000000000000000000e+00,0.000000000000000000e+00,0.000000000000000000e+00,0.000000000000000000e+00,0.000000000000000000e+00,0.000000000000000000e+00,0.000000000000000000e+00,0.000000000000000000e+00,0.000000000000000000e+00,2.076280111131644651e-02,6.188583211954864494e-01,5.769230416540584161e-02,7.741902758412556873e-02,9.604396778417775837e-03,0.000000000000000000e+00,0.000000000000000000e+00,2.893769301090975965e-02,0.000000000000000000e+00,5.524579176123190632e-03,0.000000000000000000e+00,0.000000000000000000e+00
4.029399020571244189e-02,0.000000000000000000e+00,0.000000000000000000e+00,4.325442002561753441e+01,6.180380074829353587e-01,3.936618721539478543e+02,1.666528843345754518e-01,5.495576759404875666e+00,8.870741024390757445e+01,8.300033986236305736e+02,4.442476897957310933e-01,0.000000000000000000e+00,6.184302519742801776e-03,2.692907460410846721e+00,3.093331396511462685e+02,0.000000000000000000e+00,2.127466871137563206e-02,2.833936263514646656e-02,5.472456635865320662e-02,2.045879045370338190e+03,0.000000000000000000e+00,0.000000000000000000e+00,0.000000000000000000e+00,7.807428826034471570e+01,0.000000000000000000e+00,2.295516486174286122e-02,0.000000000000000000e+00,6.853953464043575750e+00,2.933968782871045899e+00,3.316148388775206485e-02,0.000000000000000000e+00,1.872827052954773308e-01,0.000000000000000000e+00,4.115457633387753056e+00,0.000000000000000000e+00,2.287182837225266940e+00,1.291001119796122108e-02,4.747675390993636668e+00,1.248577956585933124e-01,7.438884149197261308e+01,6.996904726880869285e-01,7.864478862473022955e-03,5.076895114171019463e-01,0.000000000000000000e+00,0.000000000000000000e+00,0.000000000000000000e+00,1.763732002397234711e+00,1.353769602609047190e-02,1.123241068775805880e-02,0.000000000000000000e+00,0.000000000000000000e+00,0.000000000000000000e+00,3.836880286595097944e-01,3.415788375632806961e-02,6.300910657891181654e-02,3.851504465465445393e-02,6.961057125577103932e-03,1.088259277320059892e+00,3.536195414897629896e-01,0.000000000000000000e+00,8.925555407017705534e+01,0.000000000000000000e+00,2.628899648803460082e-02,4.660327544924334764e-01,0.000000000000000000e+00,0.000000000000000000e+00,0.000000000000000000e+00,0.000000000000000000e+00,3.370893827826799694e+00,0.000000000000000000e+00,0.000000000000000000e+00,0.000000000000000000e+00,2.618690634001827000e+00,0.000000000000000000e+00,0.000000000000000000e+00,0.000000000000000000e+00,7.368708141869765305e-01,1.498092238875946454e-02,0.000000000000000000e+00,0.000000000000000000e+00,0.000000000000000000e+00,0.000000000000000000e+00,0.000000000000000000e+00,0.000000000000000000e+00
0.000000000000000000e+00,3.436906230184877842e+00,0.000000000000000000e+00,0.000000000000000000e+00,0.000000000000000000e+00,0.000000000000000000e+00,6.989737981881674264e-03,1.246700317962226405e-02,0.000000000000000000e+00,1.104128828732789565e-02,2.851523631089275455e+02,6.184302519742801776e-03,0.000000000000000000e+00,9.582050031764230077e-03,0.000000000000000000e+00,0.000000000000000000e+00,7.592861533042952887e-03,2.664644375927221809e+00,3.815910735065453641e-01,6.399615648083637094e-03,0.000000000000000000e+00,3.383996687247658453e-01,1.027890847923293265e-02,8.982016026489934163e-03,1.174057903636168476e+03,3.917447374739391819e+01,4.096188241303264590e+02,0.000000000000000000e+00,8.918714847037335913e-02,0.000000000000000000e+00,2.524882662620918268e+02,1.031488282591526244e-02,0.000000000000000000e+00,2.378243929225218380e+02,7.048875870152081051e-03,3.355053669892797408e-01,2.414266565575755976e+02,8.619342152642940391e+01,5.148140894765715903e-01,0.000000000000000000e+00,1.464644794137129856e-02,6.181244258736915071e+02,1.685887083946472145e-02,1.875037902527434497e+01,3.053416175619651576e-02,1.491688433638944759e-02,0.000000000000000000e+00,0.000000000000000000e+00,1.994920374161893273e+00,0.000000000000000000e+00,8.998917872200355994e-01,0.000000000000000000e+00,0.000000000000000000e+00,0.000000000000000000e+00,0.000000000000000000e+00,0.000000000000000000e+00,0.000000000000000000e+00,5.282041052362213863e-03,0.000000000000000000e+00,3.518611222018616647e-01,0.000000000000000000e+00,2.591892027341876670e+01,0.000000000000000000e+00,0.000000000000000000e+00,0.000000000000000000e+00,7.288986585510846307e-03,2.362317616840524381e-02,2.997039971813321435e-02,0.000000000000000000e+00,0.000000000000000000e+00,9.386091524131343414e-03,0.000000000000000000e+00,0.000000000000000000e+00,1.260865295062436253e+01,1.522474384678079495e+00,3.639663159792631220e+00,0.000000000000000000e+00,0.000000000000000000e+00,0.000000000000000000e+00,8.638059386899078484e-01,0.000000000000000000e+00,0.000000000000000000e+00,0.000000000000000000e+00,0.000000000000000000e+00
8.728203118636465661e+02,0.000000000000000000e+00,2.710222751108591899e-01,3.615464893012935721e-01,2.593476616426367704e-02,1.926186561288637833e+01,2.578141185595778211e+02,1.301209837574369431e+03,4.866237066205548328e-02,4.131399654158937551e+01,6.135141802369865616e-01,2.692907460410846721e+00,9.582050031764230077e-03,0.000000000000000000e+00,1.005362931925035813e-01,9.952524441666351848e-03,3.220629891659276267e-01,6.118955465843459174e-02,7.325842913680725987e-02,1.014191036866753937e+00,5.430760435076705805e-01,0.000000000000000000e+00,1.956017072730992457e+00,2.833575316872074534e-01,0.000000000000000000e+00,2.666666734483509257e-02,1.232092090646541988e-01,1.671226642073354141e+00,5.875279951693161138e+02,3.976762042261880481e+01,0.000000000000000000e+00,7.407294108060322912e+01,1.431635089966988073e+00,1.387249484167315394e+01,1.553744150519329181e-01,2.089700650038252228e+00,7.156109964308460247e-02,5.668073938862931982e+00,3.914256116313478695e-01,3.117316065806693182e+00,4.648651306826784513e+00,4.956216935026046960e-02,2.055664380474959974e-02,0.000000000000000000e+00,2.037757126245052716e-02,5.527656924947314636e-03,7.199239299128743982e-03,9.415111889574136889e-03,0.000000000000000000e+00,0.000000000000000000e+00,0.000000000000000000e+00,0.000000000000000000e+00,0.000000000000000000e+00,0.000000000000000000e+00,0.000000000000000000e+00,0.000000000000000000e+00,4.211721523821104415e-03,2.108512854684404733e-02,9.633514918435536964e-03,0.000000000000000000e+00,8.318752309010375018e-03,0.000000000000000000e+00,0.000000000000000000e+00,0.000000000000000000e+00,0.000000000000000000e+00,0.000000000000000000e+00,0.000000000000000000e+00,0.000000000000000000e+00,9.342848585150635363e-03,0.000000000000000000e+00,0.000000000000000000e+00,0.000000000000000000e+00,1.122430591550157841e-01,0.000000000000000000e+00,0.000000000000000000e+00,0.000000000000000000e+00,8.240952309730371905e-02,1.009461817652789611e-02,0.000000000000000000e+00,0.000000000000000000e+00,0.000000000000000000e+00,0.000000000000000000e+00,5.608202818135604902e-03,1.630489363811868028e-02
0.000000000000000000e+00,0.000000000000000000e+00,0.000000000000000000e+00,1.095501441355615085e-01,2.308647867766695754e+02,1.370041419685596509e+02,7.944450221763924014e-02,1.874601817103318968e+00,1.528484258263062827e+02,1.801693183616420724e-01,0.000000000000000000e+00,3.093331396511462685e+02,0.000000000000000000e+00,1.005362931925035813e-01,0.000000000000000000e+00,0.000000000000000000e+00,0.000000000000000000e+00,0.000000000000000000e+00,0.000000000000000000e+00,4.616255048384447224e-01,0.000000000000000000e+00,8.859532138891661190e-02,0.000000000000000000e+00,4.132951472030861773e+00,0.000000000000000000e+00,0.000000000000000000e+00,0.000000000000000000e+00,2.481578226347284921e-01,8.952259879605070636e-02,0.000000000000000000e+00,0.000000000000000000e+00,5.407586196419938984e-01,0.000000000000000000e+00,1.649496196999948039e-01,0.000000000000000000e+00,5.563386554526408290e-01,0.000000000000000000e+00,2.643258930558129993e-01,6.125077339195226199e-03,1.309284449197242111e+03,1.431471163591143991e+01,0.000000000000000000e+00,1.078063600422642654e-01,0.000000000000000000e+00,7.072381839553110172e-03,1.139252197940060218e-01,3.769157500023800345e-01,0.000000000000000000e+00,0.000000000000000000e+00,0.000000000000000000e+00,0.000000000000000000e+00,0.000000000000000000e+00,3.889939868566851672e-02,9.094372010826768174e-03,0.000000000000000000e+00,0.000000000000000000e+00,0.000000000000000000e+00,2.189297419513055454e-01,4.018594880296876698e-02,0.000000000000000000e+00,2.766947014796066195e-01,0.000000000000000000e+00,0.000000000000000000e+00,6.505862195204734078e-02,0.000000000000000000e+00,0.000000000000000000e+00,0.000000000000000000e+00,0.000000000000000000e+00,5.959330662950199781e-02,0.000000000000000000e+00,0.000000000000000000e+00,0.000000000000000000e+00,3.137233146736993494e-01,0.000000000000000000e+00,0.000000000000000000e+00,1.563772103886237191e-02,3.777282836813185274e-02,6.643029122347960704e-03,0.000000000000000000e+00,0.000000000000000000e+00,0.000000000000000000e+00,0.000000000000000000e+00,6.823291269766653885e-03,0.000000000000000000e+00
0.000000000000000000e+00,1.504154041644096829e+00,4.233525821723317997e-03,0.000000000000000000e+00,0.000000000000000000e+00,0.000000000000000000e+00,3.478456908459455488e-02,5.320226733100227173e-03,7.144577683413028346e+00,0.000000000000000000e+00,0.000000000000000000e+00,0.000000000000000000e+00,0.000000000000000000e+00,9.952524441666351848e-03,0.000000000000000000e+00,0.000000000000000000e+00,1.949927708826346834e-02,6.825202802857179007e-03,0.000000000000000000e+00,0.000000000000000000e+00,6.002196009847717733e+02,2.550301809829789477e+02,7.845636035753273063e+02,1.578933706990659687e+02,7.984057863891658169e-02,0.000000000000000000e+00,3.011053182045931749e+02,1.840182272026676458e+02,1.561256371131908467e-02,0.000000000000000000e+00,0.000000000000000000e+00,0.000000000000000000e+00,1.491117925625755521e-02,1.199373148477688722e-01,0.000000000000000000e+00,8.107393199211795576e+00,1.018235394660107929e+01,1.525788330364932444e+00,1.741259152525325371e+00,1.454858718101525450e-01,4.870444571622999097e-02,9.602543408042814657e-03,1.101321769628869296e+00,6.723178174258447048e-02,7.616740828226178373e-01,5.712158407839160734e-01,9.386172359365209383e-02,1.591894977099627892e-02,0.000000000000000000e+00,0.000000000000000000e+00,1.237035316619049946e-01,3.551305722332339515e-02,3.886722211795447940e-02,0.000000000000000000e+00,5.605436013900006245e-03,2.565568806363568988e-02,1.286590130756671765e-02,4.504037375744081584e-01,2.804685381509334705e-02,0.000000000000000000e+00,0.000000000000000000e+00,0.000000000000000000e+00,0.000000000000000000e+00,0.000000000000000000e+00,1.506794053455108440e+01,2.948402050280122047e-02,0.000000000000000000e+00,0.000000000000000000e+00,0.000000000000000000e+00,1.475885133717018460e+00,1.199132076550423953e+01,7.060306870345144148e+00,2.648206589718922643e+00,8.999057403113651377e-03,5.003427564705161500e-03,3.604365871724403814e+00,4.108892623066349614e+00,2.143435108561769428e-02,7.684359673433473030e-03,0.000000000000000000e+00,5.357765493933313097e-03,0.000000000000000000e+00,1.558465049198260455e-01,0.000000000000000000e+00
1.114990633912747026e-01,1.030496891685606653e-01,1.220841268746094528e+02,9.645960316240195787e-03,0.000000000000000000e+00,7.609335136432419239e-03,5.604121050463417575e-01,1.528932870213930151e-01,0.000000000000000000e+00,3.436346474079693403e-02,1.578112908742003440e-01,2.127466871137563206e-02,7.592861533042952887e-03,3.220629891659276267e-01,0.000000000000000000e+00,1.949927708826346834e-02,0.000000000000000000e+00,1.726238523801979785e-01,5.118792962979875369e+02,6.522416327538041458e-03,7.195260751912968544e+00,5.144168486608365759e-02,5.755778141295747901e+02,0.000000000000000000e+00,5.740006838680022754e-03,3.289043784025394643e+02,5.395527899175473863e+01,6.999084164378608364e-01,6.000259941034827849e-01,5.063220768392162618e+00,0.000000000000000000e+00,0.000000000000000000e+00,2.289525236883729054e-01,2.683683607698961850e+02,0.000000000000000000e+00,3.289192889409222609e+00,2.185598139572771714e+01,7.992353076980036519e+01,3.123697644892261760e+00,8.059092711862650416e-02,4.013433144946446790e-02,0.000000000000000000e+00,6.624073413545567002e-02,7.610444368409864380e-01,5.136921824772885253e-02,9.558896128007987603e-02,2.639952701317396441e-02,0.000000000000000000e+00,0.000000000000000000e+00,0.000000000000000000e+00,5.079277124398238197e-01,4.077931656524592247e-02,0.000000000000000000e+00,0.000000000000000000e+00,0.000000000000000000e+00,0.000000000000000000e+00,0.000000000000000000e+00,0.000000000000000000e+00,0.000000000000000000e+00,0.000000000000000000e+00,0.000000000000000000e+00,0.000000000000000000e+00,0.000000000000000000e+00,0.000000000000000000e+00,5.662971943852104263e-03,5.369357140410949310e-03,0.000000000000000000e+00,0.000000000000000000e+00,0.000000000000000000e+00,0.000000000000000000e+00,1.749778427524941588e-02,7.865906081302234676e-03,7.120891519624065850e-03,9.956026712206979268e-02,1.233476978119222162e-01,3.447826760673883051e+00,4.382227078881491440e-03,0.000000000000000000e+00,0.000000000000000000e+00,0.000000000000000000e+00,0.000000000000000000e+00,0.000000000000000000e+00,0.000000000000000000e+00,0.000000000000000000e+00
0.000000000000000000e+00,5.985282466591016447e-03,1.063658680083585245e-02,0.000000000000000000e+00,0.000000000000000000e+00,1.935221347438022960e-02,2.331111538592617327e-02,1.049292708891881414e-02,0.000000000000000000e+00,3.651198905452497645e-02,4.247248129200509652e+02,2.833936263514646656e-02,2.664644375927221809e+00,6.118955465843459174e-02,0.000000000000000000e+00,6.825202802857179007e-03,1.726238523801979785e-01,0.000000000000000000e+00,3.493552609790149290e+02,6.025483817315378451e-03,6.708292555500586750e-03,0.000000000000000000e+00,2.997144700148515403e-02,7.416354954787347277e-03,2.043975922402769402e-02,1.387620276986740464e+02,2.479556110391163415e+00,0.000000000000000000e+00,1.516441193779567709e-01,7.194461002741174560e-03,2.138257862014815380e+00,1.945199114218488026e-02,0.000000000000000000e+00,3.779730399456478818e+00,0.000000000000000000e+00,1.179216661200908733e+00,1.110170513688155758e+01,2.273962267076407784e+01,1.629858307606741219e+00,2.218484652710980137e-02,1.550252360130653477e-02,0.000000000000000000e+00,2.159560456161305556e-02,3.127868309852306627e-02,0.000000000000000000e+00,6.695769259966080633e-03,4.058935576103338272e-03,0.000000000000000000e+00,4.642697672580009365e-03,0.000000000000000000e+00,0.000000000000000000e+00,0.000000000000000000e+00,0.000000000000000000e+00,0.000000000000000000e+00,0.000000000000000000e+00,0.000000000000000000e+00,0.000000000000000000e+00,0.000000000000000000e+00,0.000000000000000000e+00,1.072857951092764418e-02,0.000000000000000000e+00,4.327472176133386611e-02,0.000000000000000000e+00,0.000000000000000000e+00,0.000000000000000000e+00,6.811072149391287148e-03,0.000000000000000000e+00,5.213664293670841783e-03,0.000000000000000000e+00,5.056936446849348912e-03,0.000000000000000000e+00,0.000000000000000000e+00,4.127114834627611251e-03,1.090941349184937764e-01,1.039425892293108049e-02,1.062156469271526710e-01,0.000000000000000000e+00,0.000000000000000000e+00,0.000000000000000000e+00,0.000000000000000000e+00,0.000000000000000000e+00,0.000000000000000000e+00,0.000000000000000000e+00,0.000000000000000000e+00
1.640284379198377746e-02,4.049054169341813336e-02,2.146353349268198762e+00,0.000000000000000000e+00,0.000000000000000000e+00,4.980451541510205749e-02,1.021117585470080885e-01,2.274311835142468416e-02,6.151283889035105527e-03,5.631343294082556683e-02,1.541871591597814302e+02,5.472456635865320662e-02,3.815910735065453641e-01,7.325842913680725987e-02,0.000000000000000000e+00,0.000000000000000000e+00,5.118792962979875369e+02,3.493552609790149290e+02,0.000000000000000000e+00,3.467975330638765896e-02,4.084948529187280158e-02,1.384532910807420580e-02,0.000000000000000000e+00,0.000000000000000000e+00,4.873125938266293505e-02,4.797759953479436490e+02,1.321805992367083427e+01,4.015672331203098966e-02,3.961807113848566098e-01,8.669966129240601338e-02,7.916498503294917555e-01,0.000000000000000000e+00,1.010712993274122742e-02,1.477275284347376214e+02,0.000000000000000000e+00,0.000000000000000000e+00,1.259918754233145322e+01,1.211368555299417409e+02,4.035210743443087722e+00,0.000000000000000000e+00,0.000000000000000000e+00,1.298644424950158409e-02,6.161520862214288005e-03,2.119392900295453408e-01,1.091624336713205648e-02,2.915974167203494102e-02,0.000000000000000000e+00,0.000000000000000000e+00,0.000000000000000000e+00,0.000000000000000000e+00,8.564446875060988118e-02,0.000000000000000000e+00,0.000000000000000000e+00,0.000000000000000000e+00,0.000000000000000000e+00,0.000000000000000000e+00,4.337145564455313802e-03,0.000000000000000000e+00,0.000000000000000000e+00,0.000000000000000000e+00,0.000000000000000000e+00,2.620767773066208506e-02,0.000000000000000000e+00,0.000000000000000000e+00,0.000000000000000000e+00,0.000000000000000000e+00,0.000000000000000000e+00,0.000000000000000000e+00,0.000000000000000000e+00,5.368388191741302502e-03,0.000000000000000000e+00,0.000000000000000000e+00,5.353635147346685018e-03,1.182472358878628761e-02,3.272151777513971488e-02,5.335291452627679565e-01,5.326965078369040769e-03,0.000000000000000000e+00,0.000000000000000000e+00,0.000000000000000000e+00,0.000000000000000000e+00,0.000000000000000000e+00,7.548024269864900791e-03,0.000000000000000000e+00
