0.000000000000000000e+00,8.889605092424163885e-03,1.469593141819847126e-01,5.042141021131459067e-02,0.000000000000000000e+00,1.554578241052572141e-01,1.945674125773969934e+02,5.221421802171253148e+02,2.450149849042719818e-01,7.966313269380291828e-01,0.000000000000000000e+00,4.867499813768379202e-02,0.000000000000000000e+00,1.835479702045964814e+03,1.343094349119480779e-02,2.436139665043806496e-02,3.363472591985858795e-01,0.000000000000000000e+00,0.000000000000000000e+00,1.014848063739646894e-01,1.319724968255332920e+00,4.456761538126164518e-02,1.449186850575087560e+00,7.691269839050681734e-01,0.000000000000000000e+00,1.126006029843386498e-02,1.893487841817951059e-02,8.584924442989977367e-01,4.306819331742801296e+03,1.399087028411152573e+02,0.000000000000000000e+00,0.000000000000000000e+00,1.203880132963689249e+02,1.042525397649007068e+01,0.000000000000000000e+00,7.252077995077446104e-01,8.152549405797872295e-02,7.283635314676139005e-01,1.026689149790488559e-01,9.827292494792876087e-02,7.049040192910548119e-02,0.000000000000000000e+00,1.532879676716668305e-02,0.000000000000000000e+00,7.234229598039729724e-03,0.000000000000000000e+00,1.746079291198806421e-02,0.000000000000000000e+00,0.000000000000000000e+00,0.000000000000000000e+00,0.000000000000000000e+00,0.000000000000000000e+00,6.674717419886027139e-03,0.000000000000000000e+00,0.000000000000000000e+00,2.458403180805863314e-02,0.000000000000000000e+00,4.668739485731650957e-02,0.000000000000000000e+00,0.000000000000000000e+00,5.780615515240489395e-03,0.000000000000000000e+00,0.000000000000000000e+00,0.000000000000000000e+00,6.277885922681881829e-03,0.000000000000000000e+00,0.000000000000000000e+00,0.000000000000000000e+00,0.000000000000000000e+00,0.000000000000000000e+00,3.221634146342962357e-02,6.892373240268344532e-03,5.983611779424113236e-02,0.000000000000000000e+00,0.000000000000000000e+00,0.000000000000000000e+00,4.545903184468094022e-02,0.000000000000000000e+00,1.846379342616857877e-02,0.000000000000000000e+00,0.000000000000000000e+00,0.000000000000000000e+00,0.000000000000000000e+00,1.419827149758362203e-02
8.889605092424163885e-03,0.000000000000000000e+00,1.895640847134001383e-01,0.000000000000000000e+00,0.000000000000000000e+00,0.000000000000000000e+00,1.052321929325381045e-02,0.000000000000000000e+00,4.888601312926268982e-01,0.000000000000000000e+00,3.067679501366700201e-01,0.000000000000000000e+00,2.859335426090380050e+00,0.000000000000000000e+00,0.000000000000000000e+00,2.879916204000685376e-01,6.345319989854555365e-01,1.919917925383609822e-02,5.239131855942824600e-01,0.000000000000000000e+00,4.097805880285853436e-02,8.014362688035912186e+01,7.621719216509001416e-02,4.764302782967822503e-01,3.106884114890171134e+01,1.490225284045890142e+01,2.148365659969618946e+02,1.115020471877156971e-01,0.000000000000000000e+00,1.138270633152618436e-02,1.544365907428207063e-01,0.000000000000000000e+00,0.000000000000000000e+00,2.448226242202357350e-01,7.305310618383129180e-03,6.475679700329069199e-02,8.760950170827865868e-01,4.106266893568824017e-01,1.044007988980567153e-01,1.264155465505825693e-02,9.979158061832981569e-03,4.542256077518323776e-02,6.660076304905601652e-02,1.537066701212125019e-01,1.784763113247135602e-01,6.165546568206957401e-02,0.000000000000000000e+00,0.000000000000000000e+00,0.000000000000000000e+00,0.000000000000000000e+00,4.359354630959060728e+01,4.610487270406622429e-01,0.000000000000000000e+00,0.000000000000000000e+00,0.000000000000000000e+00,0.000000000000000000e+00,0.000000000000000000e+00,0.000000000000000000e+00,0.000000000000000000e+00,0.000000000000000000e+00,0.000000000000000000e+00,1.856370933645593302e-01,0.000000000000000000e+00,0.000000000000000000e+00,1.652543693995990326e-01,1.913449442411793155e-01,1.149010452092377732e-02,3.437782096541661808e-02,0.000000000000000000e+00,2.024065270051541438e-02,1.059676234729150179e+00,1.646520145689329695e-01,0.000000000000000000e+00,1.246171239680913256e+00,8.986721957717110909e-01,5.501877092622363463e+00,0.000000000000000000e+00,0.000000000000000000e+00,1.260391072024764740e-02,1.339545546664110305e-02,0.000000000000000000e+00,0.000000000000000000e+00,7.973893092452068176e-02,0.000000000000000000e+00
1.469593141819847126e-01,1.895640847134001383e-01,0.000000000000000000e+00,7.837107368825375897e-03,0.000000000000000000e+00,1.079005509125265799e-02,7.899653074543501186e-01,2.595208726409617417e-01,1.096961938001798920e-02,4.371987154085595767e-02,2.497582391617306219e-02,8.373567732581445322e-03,0.000000000000000000e+00,1.880708115243573952e-01,5.706982301614746400e-02,4.272106563245866573e-01,1.267507554934422842e+02,1.705342694555171332e-02,9.960901772265877696e-01,0.000000000000000000e+00,4.564805924078765287e+00,3.716694453457115022e-01,2.827761473689334366e+02,2.348651307221457374e-01,0.000000000000000000e+00,8.756457197678453213e+02,3.537929695262658356e+02,1.584929125830883967e+00,2.598134602706987928e-01,1.897600293598463050e+00,0.000000000000000000e+00,1.078739187362212117e-02,6.160705445895908738e-02,1.835003250864054891e+01,0.000000000000000000e+00,1.482145635753513346e+01,4.008756791998523283e+01,2.033097630937219336e+01,4.561242035901886815e+00,4.261079832787163513e-01,1.083918287868382430e-01,0.000000000000000000e+00,8.134303622908528597e-02,1.258820444368841662e-01,2.537445043082541679e-02,7.137439786470904657e-02,1.598845901424976110e-02,0.000000000000000000e+00,0.000000000000000000e+00,0.000000000000000000e+00,2.526212909573103960e-01,1.334235941550049598e-01,0.000000000000000000e+00,0.000000000000000000e+00,0.000000000000000000e+00,1.563275949198938281e-02,0.000000000000000000e+00,5.449480712783032720e-03,0.000000000000000000e+00,0.000000000000000000e+00,0.000000000000000000e+00,0.000000000000000000e+00,0.000000000000000000e+00,9.256521362379269147e-03,7.112584315595679718e-02,3.082131785871414925e-02,0.000000000000000000e+00,0.000000000000000000e+00,0.000000000000000000e+00,1.675212480148932648e-02,1.870288623794706118e-01,2.301112102872698850e-01,0.000000000000000000e+00,0.000000000000000000e+00,3.517250268620698145e-02,5.793611256351470784e-01,2.509965408313647589e-02,0.000000000000000000e+00,3.856611994609404626e-02,0.000000000000000000e+00,0.000000000000000000e+00,0.000000000000000000e+00,6.708696338030014673e-03,0.000000000000000000e+00
5.042141021131459067e-02,0.000000000000000000e+00,7.837107368825375897e-03,0.000000000000000000e+00,0.000000000000000000e+00,1.643500979173957655e+00,4.379328706568562879e+00,3.571687007666850544e-01,5.727442119281198174e+00,7.566641741718844969e+02,0.000000000000000000e+00,5.481869615879862749e+02,0.000000000000000000e+00,3.331675681417876067e-01,8.106800900370811358e-02,0.000000000000000000e+00,0.000000000000000000e+00,0.000000000000000000e+00,0.000000000000000000e+00,5.022228890234723622e+03,1.051279723243426362e-02,0.000000000000000000e+00,6.015325375972177535e-02,4.118137634724117788e+02,0.000000000000000000e+00,0.000000000000000000e+00,0.000000000000000000e+00,8.083652336408940755e+02,2.622852739876955219e-01,4.850306081578956846e-02,0.000000000000000000e+00,0.000000000000000000e+00,1.186019797071191095e-01,1.018238623590440872e-01,3.380153883651157432e-02,7.434548326844715449e-01,9.216650133859832783e-03,1.866383471645662595e-01,4.192553525052220009e-02,5.560216920156175746e-01,7.823674762709562081e-02,0.000000000000000000e+00,9.545074989588335501e-02,0.000000000000000000e+00,1.239442145778797411e-01,6.387911003190348616e-03,9.436520257812713863e-02,0.000000000000000000e+00,0.000000000000000000e+00,2.202311451743992066e-02,0.000000000000000000e+00,0.000000000000000000e+00,4.380950169263959992e+01,0.000000000000000000e+00,0.000000000000000000e+00,4.018700970943099859e-01,0.000000000000000000e+00,2.984577770551430920e-01,1.517070939584158062e-01,0.000000000000000000e+00,4.170449036046365521e+00,0.000000000000000000e+00,6.473531478554351778e-03,0.000000000000000000e+00,0.000000000000000000e+00,0.000000000000000000e+00,0.000000000000000000e+00,0.000000000000000000e+00,6.928705724894052231e+00,4.751484857143334004e-03,8.681253183723364533e-03,0.000000000000000000e+00,1.235545589808022093e+00,0.000000000000000000e+00,0.000000000000000000e+00,0.000000000000000000e+00,6.329740828472457670e-01,2.733547498273636994e-02,9.426286835366845876e-03,0.000000000000000000e+00,0.000000000000000000e+00,1.542375463201279585e-02,6.859160546488669852e-02,7.017935378153700512e-03
0.000000000000000000e+00,0.000000000000000000e+00,0.000000000000000000e+00,0.000000000000000000e+00,0.000000000000000000e+00,1.051357782964618934e+02,0.000000000000000000e+00,4.141344895609436194e-01,4.536636209303188810e-02,0.000000000000000000e+00,8.875011761474177474e-02,5.233786296310161817e-02,0.000000000000000000e+00,5.603913829649305456e-02,5.918292556466393961e+01,0.000000000000000000e+00,0.000000000000000000e+00,0.000000000000000000e+00,0.000000000000000000e+00,0.000000000000000000e+00,0.000000000000000000e+00,0.000000000000000000e+00,0.000000000000000000e+00,0.000000000000000000e+00,0.000000000000000000e+00,1.169545767740160121e-02,1.085982448232892389e-02,0.000000000000000000e+00,1.106077425926136892e-01,0.000000000000000000e+00,0.000000000000000000e+00,1.804152405164963966e+02,0.000000000000000000e+00,1.199714079566390694e+02,6.684329895012982581e-01,2.989016722685645250e-02,1.695301085638366290e-02,1.383610726945194991e-01,0.000000000000000000e+00,6.030479541216375310e+02,3.330951606665095710e+02,0.000000000000000000e+00,0.000000000000000000e+00,0.000000000000000000e+00,0.000000000000000000e+00,0.000000000000000000e+00,0.000000000000000000e+00,0.000000000000000000e+00,0.000000000000000000e+00,0.000000000000000000e+00,0.000000000000000000e+00,0.000000000000000000e+00,0.000000000000000000e+00,0.000000000000000000e+00,0.000000000000000000e+00,0.000000000000000000e+00,0.000000000000000000e+00,0.000000000000000000e+00,0.000000000000000000e+00,0.000000000000000000e+00,0.000000000000000000e+00,0.000000000000000000e+00,0.000000000000000000e+00,0.000000000000000000e+00,0.000000000000000000e+00,0.000000000000000000e+00,0.000000000000000000e+00,0.000000000000000000e+00,0.000000000000000000e+00,0.000000000000000000e+00,0.000000000000000000e+00,0.000000000000000000e+00,9.100352858072629364e-03,0.000000000000000000e+00,0.000000000000000000e+00,0.000000000000000000e+00,0.000000000000000000e+00,0.000000000000000000e+00,0.000000000000000000e+00,0.000000000000000000e+00,0.000000000000000000e+00,0.000000000000000000e+00,0.000000000000000000e+00,3.029455206777906945e-02
1.554578241052572141e-01,0.000000000000000000e+00,1.079005509125265799e-02,1.643500979173957655e+00,1.051357782964618934e+02,0.000000000000000000e+00,1.915284608495012364e+01,2.044312957194139699e+03,4.235760619111159087e-01,4.950307151099306111e+02,2.845876700755917144e-01,1.470457333746065558e+02,8.858446389949250696e-03,1.461809307985002171e+01,3.061789157290193089e+02,0.000000000000000000e+00,3.939665012603194710e-02,2.666908056185278778e-02,5.399594371291979722e-02,1.612112478042759633e+01,1.234712488273436437e-01,0.000000000000000000e+00,1.995100032901015452e-01,4.392603098169356457e+00,0.000000000000000000e+00,1.258141095379713970e-01,7.172606718737091491e-02,6.471621201966058834e+00,8.390165970285528019e+00,6.581221033121424924e-01,0.000000000000000000e+00,2.347407561957589337e+02,1.432395885587025852e-01,7.991123811987256076e+00,8.626674554185963240e-02,1.649552548640271565e+00,1.346205443745994157e-01,2.498168903087059523e+00,1.846685853269224020e-01,2.566686707560650120e+02,3.691823211013663553e+01,1.576864062604891106e-02,1.798741298279737250e-02,4.935792000832673818e-03,3.335742774978435465e-02,1.268191882718568489e-02,2.115859242541374627e-02,0.000000000000000000e+00,0.000000000000000000e+00,0.000000000000000000e+00,0.000000000000000000e+00,0.000000000000000000e+00,2.270037009757817567e-02,0.000000000000000000e+00,0.000000000000000000e+00,1.447965568441072493e-01,0.000000000000000000e+00,5.360420294379796002e-02,1.931704038826391467e-02,0.000000000000000000e+00,4.778589581490402804e-02,0.000000000000000000e+00,0.000000000000000000e+00,0.000000000000000000e+00,1.161945384435869762e-02,0.000000000000000000e+00,0.000000000000000000e+00,0.000000000000000000e+00,3.884727285606381225e-02,0.000000000000000000e+00,0.000000000000000000e+00,0.000000000000000000e+00,2.736190929048055165e-01,7.553336158611762517e-03,0.000000000000000000e+00,0.000000000000000000e+00,1.592795696143171069e-01,0.000000000000000000e+00,0.000000000000000000e+00,0.000000000000000000e+00,0.000000000000000000e+00,6.848154177096090790e-03,2.176830899377668951e-02,3.231585274630014576e-02
1.945674125773969934e+02,1.052321929325381045e-02,7.899653074543501186e-01,4.379328706568562879e+00,0.000000000000000000e+00,1.915284608495012364e+01,0.000000000000000000e+00,1.298489587485718459e+02,4.031856640638275202e+00,4.017278291554740463e+03,0.000000000000000000e+00,5.364633959604827584e-01,3.084338639699899312e-02,8.799029203911461536e+02,3.512508801635818578e-01,2.449042310501069741e-01,8.456243658213927206e-02,0.000000000000000000e+00,6.608274217566457824e-03,7.004256440579262666e+00,5.639161118723865052e+00,2.424017101472213387e-01,7.149524168375187116e+00,3.325975746993400151e+01,0.000000000000000000e+00,2.956730295769042366e-02,1.316352016674006697e-01,1.032784633981718571e+03,5.770183428905795608e+00,9.335322680429687807e+02,0.000000000000000000e+00,2.085361947450460260e-02,3.101448442539745720e+00,3.458781205072885889e+00,0.000000000000000000e+00,9.658677175273727045e+00,6.739882437449881136e-01,2.959334813109794293e+00,6.683585854725939690e-01,2.260016074330646330e+00,4.746809786565344691e-01,0.000000000000000000e+00,4.000241157901269773e-01,1.081826544673402182e-02,3.277539708568553145e-01,5.834385540107610291e-02,1.204802990064530038e-01,2.239693075046752385e-02,0.000000000000000000e+00,3.877416371259397726e-02,0.000000000000000000e+00,0.000000000000000000e+00,6.822761041294056472e-02,0.000000000000000000e+00,1.454988997555962428e-02,1.062403488772363014e+00,2.823600628283022898e-02,5.761724263961417458e-01,1.158622490100280900e-01,0.000000000000000000e+00,1.583435260108637388e-01,0.000000000000000000e+00,8.984463103494458314e-02,0.000000000000000000e+00,3.835345500171902927e-02,0.000000000000000000e+00,0.000000000000000000e+00,0.000000000000000000e+00,2.044487330538873326e-01,1.818925073593908801e-02,5.107066130592655823e-02,1.922194912572939077e-02,1.612294361513451735e+00,0.000000000000000000e+00,0.000000000000000000e+00,4.441339398338658810e-03,1.234542156600333174e+00,6.388120577439067305e-02,1.081249797550922487e-01,0.000000000000000000e+00,0.000000000000000000e+00,6.686907577389566981e-02,2.494373588853295853e-01,1.330619885041710582e-01
5.221421802171253148e+02,0.000000000000000000e+00,2.595208726409617417e-01,3.571687007666850544e-01,4.141344895609436194e-01,2.044312957194139699e+03,1.298489587485718459e+02,0.000000000000000000e+00,2.127443612525201366e-01,7.908069411119183201e+01,1.363595847228286917e-01,1.397774583675685633e+01,5.617370893583723684e-02,2.444082416788457977e+03,3.160968350865464571e-01,5.731306878155061763e-02,1.605628812648403347e-01,2.101957748038495513e-02,1.217614409753192128e-01,3.207794209195912405e+00,2.136289973553381571e+00,3.747461726919317643e-02,2.022905987899557001e+00,2.301395740699749393e+00,0.000000000000000000e+00,2.317246572172754482e-01,6.001200649147207106e-02,2.440620386577501133e+00,4.687552767976394819e+01,2.337658936122653941e+01,0.000000000000000000e+00,8.247411162361477466e+01,7.532805263080960545e-01,5.903829480117812167e+00,0.000000000000000000e+00,1.580476259974622044e+00,3.749247983294619058e-01,2.459520140655212295e+00,2.329661040901557789e-01,4.655922795423012417e+01,1.601261071697653904e+01,2.994107931295328720e-02,4.520148287524740349e-02,0.000000000000000000e+00,6.988149703534660140e-03,2.822917882259547498e-02,2.030976747811985214e-02,6.148216716008320960e-03,0.000000000000000000e+00,0.000000000000000000e+00,0.000000000000000000e+00,0.000000000000000000e+00,0.000000000000000000e+00,0.000000000000000000e+00,0.000000000000000000e+00,5.207798737250739912e-02,5.475992107873434850e-03,7.240404448525682157e-02,0.000000000000000000e+00,0.000000000000000000e+00,8.315876413509290868e-03,0.000000000000000000e+00,5.845040255556403427e-03,0.000000000000000000e+00,2.831500393876017208e-02,0.000000000000000000e+00,0.000000000000000000e+00,0.000000000000000000e+00,1.418598531106765766e-02,0.000000000000000000e+00,9.949794046125592581e-03,1.053411834503947125e-02,1.298469475165713316e-01,0.000000000000000000e+00,0.000000000000000000e+00,0.000000000000000000e+00,1.949588872999765687e-01,0.000000000000000000e+00,0.000000000000000000e+00,0.000000000000000000e+00,0.000000000000000000e+00,0.000000000000000000e+00,1.530383254334210207e-02,4.580995419110144712e-02
2.450149849042719818e-01,4.888601312926268982e-01,1.096961938001798920e-02,5.727442119281198174e+00,4.536636209303188810e-02,4.235760619111159087e-01,4.031856640638275202e+00,2.127443612525201366e-01,0.000000000000000000e+00,1.789380193053784263e+00,8.138698139876049745e-03,8.937718399154111637e+01,0.000000000000000000e+00,4.964225169165230045e-01,4.732930633441708324e+01,1.181034461213655629e+00,0.000000000000000000e+00,0.000000000000000000e+00,6.549966078819468261e-03,6.184007873313482229e+00,1.175837956154879849e-01,1.111824610285611499e+02,2.352294883556430016e-01,5.850287810059987805e+02,4.102665692120337215e-02,5.723732408033857522e-02,1.194445966361729949e+00,1.021442143814366865e+01,6.955257748702178278e-01,5.259688043815167191e-01,0.000000000000000000e+00,0.000000000000000000e+00,3.983636152144010012e-01,4.441316549377904432e-01,8.964169101844181309e-02,6.098710520910417543e+00,2.598657182680859379e-02,4.011718851720403878e-01,3.847920992961992998e-02,5.392070234856551991e+01,3.330631516927422958e-02,0.000000000000000000e+00,3.953908496343866430e-01,0.000000000000000000e+00,2.692618570590267213e-01,3.747848434610982771e-02,5.178540068987147471e-01,2.846345508396919480e-02,0.000000000000000000e+00,5.961360584860267431e-02,2.432412369909586064e-02,8.184071169550050442e-03,8.475900272263366952e-01,0.000000000000000000e+00,5.792114773478720252e-02,1.814189060052193714e+00,1.725057225468692654e-02,2.621124366495269342e+01,5.786168245201765981e-01,9.477880654716542425e-03,5.550894006011826143e-01,0.000000000000000000e+00,3.521976210430769610e-02,1.028253842409556640e-01,3.134104056232314695e-01,0.000000000000000000e+00,0.000000000000000000e+00,0.000000000000000000e+00,2.411569290755001926e+00,4.756236506120960217e-02,1.143836523870448429e+00,4.441070200437844534e-02,1.110417729147050636e+01,0.000000000000000000e+00,0.000000000000000000e+00,7.374464969828564524e-03,2.624090807237467793e+00,5.621968056739724134e-02,1.302302048182969740e-01,0.000000000000000000e+00,0.000000000000000000e+00,3.606329786723437569e-02,2.493665114118390758e-01,7.707563269913957245e-03
7.966313269380291828e-01,0.000000000000000000e+00,4.371987154085595767e-02,7.566641741718844969e+02,0.000000000000000000e+00,4.950307151099306111e+02,4.017278291554740463e+03,7.908069411119183201e+01,1.789380193053784263e+00,0.000000000000000000e+00,1.462372895046919544e-02,9.484977333803457213e+02,8.201829893126909993e-03,1.132563539890591784e+02,2.049940493680382225e-01,1.933386863156074872e-02,7.676880367716195676e-03,0.000000000000000000e+00,0.000000000000000000e+00,1.775281282661240766e+03,2.245344949629584919e-01,2.837748131721182926e-02,3.567461124806840522e-01,1.287337398760108265e+01,0.000000000000000000e+00,6.026168075800839713e-03,1.501716143087637213e-02,5.902635129386962944e+02,3.755864915509835811e+00,1.526351669167895997e+00,0.000000000000000000e+00,0.000000000000000000e+00,2.902073877767460952e-01,1.188818992429553578e+00,2.500696250711207380e-01,3.296202269672553253e+00,1.030574396586759062e-01,1.560546718643455844e+00,2.337938840302949683e-01,3.545169775591511474e+00,5.837563571420762987e-01,0.000000000000000000e+00,1.017409391529901369e-01,0.000000000000000000e+00,1.091151946063085437e-01,2.734551937999617210e-02,6.337662346965372562e-02,7.539058190609931008e-03,0.000000000000000000e+00,1.586515441826823886e-02,0.000000000000000000e+00,0.000000000000000000e+00,5.498398927148425708e-01,0.000000000000000000e+00,1.295832248093268906e-02,5.116625200471398571e-01,1.132226037138900701e-02,1.914517544167206875e-01,1.159314354565779137e-01,0.000000000000000000e+00,1.981364460625445467e-01,1.114954788750042135e-02,1.289927465691400287e-02,1.625819611076938578e-02,0.000000000000000000e+00,4.296099141193157264e-03,0.000000000000000000e+00,0.000000000000000000e+00,3.711700515873860295e-01,0.000000000000000000e+00,5.591553627884734631e-03,0.000000000000000000e+00,1.079413607132917674e+00,0.000000000000000000e+00,0.000000000000000000e+00,0.000000000000000000e+00,4.554103064754522201e-01,1.355293993079596283e-02,1.255863565493358508e-02,0.000000000000000000e+00,5.086788042943372022e-03,7.532726372013421809e-03,1.394278227912552903e-01,6.758126027106799161e-02
0.000000000000000000e+00,3.067679501366700201e-01,2.497582391617306219e-02,0.000000000000000000e+00,8.875011761474177474e-02,2.845876700755917144e-01,0.000000000000000000e+00,1.363595847228286917e-01,8.138698139876049745e-03,1.462372895046919544e-02,0.000000000000000000e+00,8.764444780861798540e-03,4.645321408537072898e+02,5.459155428864778670e-02,1.297409743698423566e-02,0.000000000000000000e+00,1.980284182383399705e-01,2.515446491963721769e+02,1.264738685093446264e+02,8.857338943774221290e-03,0.000000000000000000e+00,0.000000000000000000e+00,0.000000000000000000e+00,0.000000000000000000e+00,5.446928788664682664e+00,2.607836349212374216e+02,9.806321250278694279e+00,0.000000000000000000e+00,1.348185356735361662e+00,0.000000000000000000e+00,9.212975822010511706e+01,9.842549627488008213e+00,0.000000000000000000e+00,2.570444574458938405e+02,9.014416174670818530e-03,2.622480461028837695e-01,7.266203327585648708e+01,2.551864630720905325e+01,2.123810270115440435e-01,4.245940869422297759e-01,2.767738186531765621e+00,6.231435076725995970e+01,0.000000000000000000e+00,4.254659007233023260e+00,8.842605938715912550e-02,7.271501171646613249e-02,0.000000000000000000e+00,0.000000000000000000e+00,4.385907308055863596e-01,0.000000000000000000e+00,1.326665818863352053e-01,0.000000000000000000e+00,0.000000000000000000e+00,0.000000000000000000e+00,0.000000000000000000e+00,0.000000000000000000e+00,0.000000000000000000e+00,0.000000000000000000e+00,0.000000000000000000e+00,3.436985634690438163e-01,0.000000000000000000e+00,3.340637930950269840e+00,0.000000000000000000e+00,0.000000000000000000e+00,0.000000000000000000e+00,1.123093332455916624e-02,2.282587788472280332e-02,5.086706788749491975e-02,0.000000000000000000e+00,0.000000000000000000e+00,0.000000000000000000e+00,0.000000000000000000e+00,0.000000000000000000e+00,1.112955085391459153e+00,7.566960251384134972e-01,1.951503571287021899e+00,0.000000000000000000e+00,0.000000000000000000e+00,0.000000000000000000e+00,7.848274411185857113e-02,0.000000000000000000e+00,0.000000000000000000e+00,2.940918806769502597e-02,0.000000000000000000e+00
4.867499813768379202e-02,0.000000000000000000e+00,8.373567732581445322e-03,5.481869615879862749e+02,5.233786296310161817e-02,1.470457333746065558e+02,5.364633959604827584e-01,1.397774583675685633e+01,8.937718399154111637e+01,9.484977333803457213e+02,8.764444780861798540e-03,0.000000000000000000e+00,9.829651226317836013e-03,6.886909380738104325e+00,1.463100799982169349e+02,7.898967557355529578e-03,0.000000000000000000e+00,0.000000000000000000e+00,6.086471809668476778e-03,2.794931612433503687e+03,0.000000000000000000e+00,0.000000000000000000e+00,1.479477904763012303e-02,3.498494437623593711e+01,0.000000000000000000e+00,4.956796506886446130e-02,8.015485483521114785e-03,9.602833828254004445e+00,3.353642619828133498e+00,5.337405276652546632e-02,0.000000000000000000e+00,2.494304548853568809e-02,8.011531643590613649e-02,1.037232146141917610e+00,0.000000000000000000e+00,9.050579736885131510e+00,1.602342340101110471e-02,1.079801154790718032e+00,9.080252091582238783e-02,1.577940204786277434e+02,5.283280337825249084e-01,0.000000000000000000e+00,1.897104727276988367e-01,0.000000000000000000e+00,5.504942224083262531e-02,5.350081945987811977e-03,2.546847657711712176e-01,0.000000000000000000e+00,0.000000000000000000e+00,7.041906953904608635e-03,0.000000000000000000e+00,0.000000000000000000e+00,1.878475170082325174e-01,0.000000000000000000e+00,4.288760765011366723e-03,1.684422432913055545e-01,1.043697091826663315e-02,9.413942804211004878e-02,1.190106704665990361e-01,0.000000000000000000e+00,5.285415152545537154e+01,0.000000000000000000e+00,7.059438411850413493e-03,1.701697289588249840e-02,0.000000000000000000e+00,0.000000000000000000e+00,0.000000000000000000e+00,0.000000000000000000e+00,3.732816080613393095e-01,0.000000000000000000e+00,0.000000000000000000e+00,0.000000000000000000e+00,4.816890421786151899e-01,0.000000000000000000e+00,0.000000000000000000e+00,0.000000000000000000e+00,2.370352203974646077e-01,0.000000000000000000e+00,6.873397175715056928e-03,0.000000000000000000e+00,0.000000000000000000e+00,7.044052737959540997e-03,8.414947818373989807e-02,0.000000000000000000e+00
0.000000000000000000e+00,2.859335426090380050e+00,0.000000000000000000e+00,0.000000000000000000e+00,0.000000000000000000e+00,8.858446389949250696e-03,3.084338639699899312e-02,5.617370893583723684e-02,0.000000000000000000e+00,8.201829893126909993e-03,4.645321408537072898e+02,9.829651226317836013e-03,0.000000000000000000e+00,2.610562698930501274e-02,0.000000000000000000e+00,0.000000000000000000e+00,0.000000000000000000e+00,1.141756499913376022e+00,1.421490388776442959e-01,0.000000000000000000e+00,0.000000000000000000e+00,6.762774927862255647e-02,2.532629913048569173e-02,2.842074472861329942e-02,3.041948014808447169e+02,1.409830644319827009e+01,1.596399586256253542e+02,1.005417450519020296e-02,0.000000000000000000e+00,0.000000000000000000e+00,2.443362539717116135e+02,0.000000000000000000e+00,1.964985944950500135e-02,3.294176073804488425e+01,2.529507251194938050e-02,8.242796243893955932e+00,4.821991705507207371e+01,1.466023736248501166e+02,1.368414749323966717e+01,6.352234939873162567e-01,4.389505816271937277e+01,2.657153642803471598e+02,3.311452256208838651e+00,7.764831188824391717e+00,6.104902082889598347e-01,7.264320450314647459e-01,1.691914952720495469e-02,1.091920639038230778e-01,1.130438849738112594e+01,0.000000000000000000e+00,1.177210880376136914e-01,0.000000000000000000e+00,0.000000000000000000e+00,0.000000000000000000e+00,0.000000000000000000e+00,1.143050993493856943e-02,0.000000000000000000e+00,0.000000000000000000e+00,0.000000000000000000e+00,7.173951739902294511e-01,0.000000000000000000e+00,2.139688911870807075e+01,0.000000000000000000e+00,0.000000000000000000e+00,1.793884025919626757e-01,0.000000000000000000e+00,5.293647936487694966e-02,1.093715748890968092e-01,0.000000000000000000e+00,1.172081405789458970e-02,1.375898947343669534e-02,1.180091366882600745e-01,8.836242725396259781e-03,5.139126207424983939e+00,1.595219035703264288e+00,4.054397132717364904e+00,0.000000000000000000e+00,0.000000000000000000e+00,1.104950671664369811e-02,4.002834885280052157e-01,0.000000000000000000e+00,0.000000000000000000e+00,8.859496180843327851e-02,7.663816474422232780e-03
1.835479702045964814e+03,0.000000000000000000e+00,1.880708115243573952e-01,3.331675681417876067e-01,5.603913829649305456e-02,1.461809307985002171e+01,8.799029203911461536e+02,2.444082416788457977e+03,4.964225169165230045e-01,1.132563539890591784e+02,5.459155428864778670e-02,6.886909380738104325e+00,2.610562698930501274e-02,0.000000000000000000e+00,5.264433390494558523e-02,3.793436249204407140e-02,3.771716074767952898e-01,1.119974940013854399e-02,1.356344848395981129e-01,2.172741278371296936e+00,1.307630157950331773e+00,2.698003539750509078e-02,1.703055825022671277e+00,2.041283287319904716e+00,2.045522919686203547e-02,1.881131294590109027e-01,5.622906577642840936e-02,2.465745815939277108e+00,4.532031309620404613e+02,2.213829115337454922e+01,0.000000000000000000e+00,5.172107654266075372e+01,5.852494828162160267e-01,9.002607586338644552e+00,7.058062420252755875e-02,1.806508531089339176e+00,2.010311349624789579e-01,3.614249101310566648e+00,3.023331884625333199e-01,2.963083792753888090e+01,4.745549275655394972e+00,1.713510109222020003e-02,3.958508226607120734e-02,5.491233097549492667e-03,3.738839561626539770e-02,2.123475011499888210e-02,2.674127055157414848e-02,6.531846338952752157e-03,0.000000000000000000e+00,0.000000000000000000e+00,0.000000000000000000e+00,0.000000000000000000e+00,2.019187180483819968e-02,0.000000000000000000e+00,1.123645978819849851e-02,1.519803776545230189e-01,0.000000000000000000e+00,1.668089492460552714e-01,0.000000000000000000e+00,0.000000000000000000e+00,0.000000000000000000e+00,0.000000000000000000e+00,5.806354155176621235e-03,0.000000000000000000e+00,1.710221890630128291e-02,0.000000000000000000e+00,0.000000000000000000e+00,0.000000000000000000e+00,6.255461573668187093e-03,0.000000000000000000e+00,0.000000000000000000e+00,6.145097860139574555e-03,1.318020262312176449e-01,0.000000000000000000e+00,0.000000000000000000e+00,8.576936108919342577e-03,7.671859200387358413e-02,1.919710668606912016e-02,2.994777155890486139e-02,0.000000000000000000e+00,0.000000000000000000e+00,7.032155781307423276e-03,3.272309769257723128e-02,2.738350935784299514e-02
1.343094349119480779e-02,0.000000000000000000e+00,5.706982301614746400e-02,8.106800900370811358e-02,5.918292556466393961e+01,3.061789157290193089e+02,3.512508801635818578e-01,3.160968350865464571e-01,4.732930633441708324e+01,2.049940493680382225e-01,1.297409743698423566e-02,1.463100799982169349e+02,0.000000000000000000e+00,5.264433390494558523e-02,0.000000000000000000e+00,5.809740724983766813e-02,9.952262216354037030e-03,0.000000000000000000e+00,0.000000000000000000e+00,7.877432082159108173e-02,3.061935715840763406e-01,1.490910672394501479e-01,5.226043490857461560e-01,7.979026087911078591e-01,0.000000000000000000e+00,0.000000000000000000e+00,9.304408967504632089e-03,5.123128917768960955e-01,1.653338036734273708e-01,2.478717034164176769e-01,0.000000000000000000e+00,6.501790684114590324e-02,6.158095302826735451e-02,2.166625254786787302e-01,1.087653143382957488e+00,1.515567809284297685e+00,1.217898790905734829e-01,4.725529400916539391e-01,1.294634330275616640e-01,1.329515613998163644e+03,4.075266830034258714e-01,0.000000000000000000e+00,3.065777370115629896e-02,0.000000000000000000e+00,7.981437701283584235e-03,4.690787637724645048e-02,2.523048670977876690e-02,0.000000000000000000e+00,0.000000000000000000e+00,0.000000000000000000e+00,0.000000000000000000e+00,0.000000000000000000e+00,0.000000000000000000e+00,0.000000000000000000e+00,0.000000000000000000e+00,2.295285000105654755e-02,0.000000000000000000e+00,1.099072834071229132e-01,5.466280772956256737e-03,0.000000000000000000e+00,1.193790489732620384e-02,1.464810114020322247e-02,0.000000000000000000e+00,0.000000000000000000e+00,9.867403750805902110e-03,0.000000000000000000e+00,0.000000000000000000e+00,0.000000000000000000e+00,1.109148930102682104e-02,7.776708227248477212e-03,0.000000000000000000e+00,1.499990358414635301e-02,3.419933515570886678e-02,0.000000000000000000e+00,0.000000000000000000e+00,0.000000000000000000e+00,6.055483297069891996e-02,0.000000000000000000e+00,0.000000000000000000e+00,0.000000000000000000e+00,0.000000000000000000e+00,0.000000000000000000e+00,6.274368635433007213e-03,1.582819586981806456e-02
2.436139665043806496e-02,2.879916204000685376e-01,4.272106563245866573e-01,0.000000000000000000e+00,0.000000000000000000e+00,0.000000000000000000e+00,2.449042310501069741e-01,5.731306878155061763e-02,1.181034461213655629e+00,1.933386863156074872e-02,0.000000000000000000e+00,7.898967557355529578e-03,0.000000000000000000e+00,3.793436249204407140e-02,5.809740724983766813e-02,0.000000000000000000e+00,2.643603414478903901e-01,0.000000000000000000e+00,0.000000000000000000e+00,0.000000000000000000e+00,8.541853820463234115e+02,1.975904499137610912e+02,1.476615833195793130e+03,1.454258295350489050e+02,0.000000000000000000e+00,8.151604433103028235e-02,3.346665134961283457e+02,1.616343548905556418e+02,2.805093616591317410e-02,4.850419711894020103e-01,0.000000000000000000e+00,0.000000000000000000e+00,1.148694262076201469e-02,1.562552994550648444e+00,6.563118129251353794e-02,7.397784432092265661e+00,9.521435500662677853e+00,4.153324190096125967e+00,6.640318293787346171e-01,2.994458591619382770e-01,2.562336004665190584e-02,0.000000000000000000e+00,3.435739033611222015e-01,1.188997776493058017e-01,5.207731561526420666e-02,5.340648749827973940e-02,3.657961790483156561e-02,0.000000000000000000e+00,0.000000000000000000e+00,0.000000000000000000e+00,0.000000000000000000e+00,2.313749698362747506e-02,0.000000000000000000e+00,0.000000000000000000e+00,0.000000000000000000e+00,1.845694106312706917e-01,0.000000000000000000e+00,5.696027271590532737e-02,0.000000000000000000e+00,0.000000000000000000e+00,0.000000000000000000e+00,0.000000000000000000e+00,6.611136722899394955e-03,1.523531796659091143e-02,2.283538209982273859e+00,9.167149834137758302e-03,0.000000000000000000e+00,0.000000000000000000e+00,0.000000000000000000e+00,4.577670590972529596e-01,5.698480854353230818e+00,2.251188200291002861e+00,1.831611341160404305e-01,0.000000000000000000e+00,0.000000000000000000e+00,1.502746088052777096e-01,2.762170599013228367e-01,0.000000000000000000e+00,1.896599435157424740e-01,0.000000000000000000e+00,0.000000000000000000e+00,0.000000000000000000e+00,1.902769967338602958e-02,9.687627937430258462e-02
3.363472591985858795e-01,6.345319989854555365e-01,1.267507554934422842e+02,0.000000000000000000e+00,0.000000000000000000e+00,3.939665012603194710e-02,8.456243658213927206e-02,1.605628812648403347e-01,0.000000000000000000e+00,7.676880367716195676e-03,1.980284182383399705e-01,0.000000000000000000e+00,0.000000000000000000e+00,3.771716074767952898e-01,9.952262216354037030e-03,2.643603414478903901e-01,0.000000000000000000e+00,6.948815011939918351e-02,3.919178650931962125e+02,1.537487353855080709e-02,7.553926383354266250e+00,2.377916599327692670e-01,4.255022817649173135e+02,1.407403530479799658e-01,1.150502515363718489e-02,1.772488073117903014e+02,2.298162981590530052e+01,1.155234468485315524e-01,3.149077593711971934e-01,1.998482072052469638e+00,0.000000000000000000e+00,3.507195046695885110e-02,9.626131957364267300e-02,6.544220962884864434e+01,4.500459006277196528e-02,3.385920297205581075e+00,1.140237734459591934e+01,1.822927323267067834e+01,2.104923336686277402e+00,4.644353358428002232e-02,6.433595352194641792e-02,0.000000000000000000e+00,1.218394786682255176e-01,9.082676924338231594e-02,9.161037994697764086e-02,1.044541741869503132e-01,0.000000000000000000e+00,0.000000000000000000e+00,0.000000000000000000e+00,0.000000000000000000e+00,5.161347166562407773e-01,3.033308707437168961e-01,0.000000000000000000e+00,0.000000000000000000e+00,0.000000000000000000e+00,0.000000000000000000e+00,0.000000000000000000e+00,0.000000000000000000e+00,0.000000000000000000e+00,0.000000000000000000e+00,0.000000000000000000e+00,0.000000000000000000e+00,0.000000000000000000e+00,0.000000000000000000e+00,1.974421337825912198e-02,9.324222108388501018e-02,0.000000000000000000e+00,0.000000000000000000e+00,0.000000000000000000e+00,7.947592168560843953e-03,3.342628113489503616e-01,2.097434529585511243e-01,8.242086645413766732e-03,0.000000000000000000e+00,1.044625860129513167e-01,1.136807265988259763e+00,2.657118660092289142e-02,0.000000000000000000e+00,7.767330892610153567e-03,0.000000000000000000e+00,0.000000000000000000e+00,0.000000000000000000e+00,2.349251119050187880e-02,4.957565124522963357e-02
0.000000000000000000e+00,1.919917925383609822e-02,1.705342694555171332e-02,0.000000000000000000e+00,0.000000000000000000e+00,2.666908056185278778e-02,0.000000000000000000e+00,2.101957748038495513e-02,0.000000000000000000e+00,0.000000000000000000e+00,2.515446491963721769e+02,0.000000000000000000e+00,1.141756499913376022e+00,1.119974940013854399e-02,0.000000000000000000e+00,0.000000000000000000e+00,6.948815011939918351e-02,0.000000000000000000e+00,4.110947966146352996e+02,0.000000000000000000e+00,0.000000000000000000e+00,0.000000000000000000e+00,0.000000000000000000e+00,0.000000000000000000e+00,1.380341098483710338e+00,2.915123794858782844e+02,7.118285818921915364e+00,0.000000000000000000e+00,5.460290417863521151e-02,0.000000000000000000e+00,5.816067917076302995e-01,1.101936249080367677e-02,0.000000000000000000e+00,1.607145065807212836e+00,0.000000000000000000e+00,4.903315130267221073e-02,2.043075033753167791e+00,1.818083940123643716e+00,5.361866246243641998e-02,0.000000000000000000e+00,0.000000000000000000e+00,4.429709388191001990e-02,0.000000000000000000e+00,1.112071564285248004e-01,1.071430731797195189e-02,0.000000000000000000e+00,0.000000000000000000e+00,0.000000000000000000e+00,0.000000000000000000e+00,0.000000000000000000e+00,4.559438947457155472e-02,0.000000000000000000e+00,0.000000000000000000e+00,0.000000000000000000e+00,0.000000000000000000e+00,0.000000000000000000e+00,0.000000000000000000e+00,0.000000000000000000e+00,0.000000000000000000e+00,0.000000000000000000e+00,0.000000000000000000e+00,1.058068900121319628e-01,0.000000000000000000e+00,0.000000000000000000e+00,0.000000000000000000e+00,1.039299792063921000e-02,2.057090249671261750e-02,1.546844589041516602e-02,0.000000000000000000e+00,0.000000000000000000e+00,0.000000000000000000e+00,0.000000000000000000e+00,0.000000000000000000e+00,2.483643936666797836e-01,2.083218676378006118e-01,6.012537906822108535e-01,0.000000000000000000e+00,0.000000000000000000e+00,0.000000000000000000e+00,0.000000000000000000e+00,0.000000000000000000e+00,0.000000000000000000e+00,0.000000000000000000e+00,0.000000000000000000e+00
0.000000000000000000e+00,5.239131855942824600e-01,9.960901772265877696e-01,0.000000000000000000e+00,0.000000000000000000e+00,5.399594371291979722e-02,6.608274217566457824e-03,1.217614409753192128e-01,6.549966078819468261e-03,0.000000000000000000e+00,1.264738685093446264e+02,6.086471809668476778e-03,1.421490388776442959e-01,1.356344848395981129e-01,0.000000000000000000e+00,0.000000000000000000e+00,3.919178650931962125e+02,4.110947966146352996e+02,0.000000000000000000e+00,5.970033412911308901e-03,1.693714328172333736e-02,0.000000000000000000e+00,1.766663269021540306e-01,0.000000000000000000e+00,1.364653445562692191e+00,3.960928410879625972e+02,1.347442028580235984e+01,0.000000000000000000e+00,3.079585569734176187e-01,0.000000000000000000e+00,4.909695413159280430e-02,9.435276847490817187e-02,0.000000000000000000e+00,2.239593891260500413e+01,4.364103993483779698e-02,1.750044737509130588e+00,9.521759169836030878e+00,2.250843193268750397e+01,1.677295639095589985e+00,1.943266954957462433e-01,7.240855279625496577e-02,6.789604641680951902e-02,9.823239840480269686e-03,1.015705620444299351e-01,8.061563896160129500e-03,3.807331327396763776e-02,0.000000000000000000e+00,0.000000000000000000e+00,0.000000000000000000e+00,0.000000000000000000e+00,6.885915834282920756e-01,1.023625736839968089e-02,0.000000000000000000e+00,8.598449796696050473e-03,0.000000000000000000e+00,4.476454726544257419e-03,0.000000000000000000e+00,0.000000000000000000e+00,0.000000000000000000e+00,0.000000000000000000e+00,0.000000000000000000e+00,5.893998925920863885e-02,0.000000000000000000e+00,9.198089308035214962e-03,0.000000000000000000e+00,3.722811025950461400e-02,0.000000000000000000e+00,2.953259214283258244e-02,0.000000000000000000e+00,0.000000000000000000e+00,0.000000000000000000e+00,2.085068794660630692e-02,0.000000000000000000e+00,5.850395686906112447e-01,2.332625606180882827e-01,1.007878457980796227e+00,0.000000000000000000e+00,0.000000000000000000e+00,0.000000000000000000e+00,0.000000000000000000e+00,6.061341486153327268e-03,0.000000000000000000e+00,9.679353685734115240e-03,1.329124250585431329e-02
