0.000000000000000000e+00,8.467808701895751869e-03,1.046320829838089106e-01,1.611168812415090801e-01,0.000000000000000000e+00,2.078952350872552146e-01,2.160526754934934388e+02,4.736607237213774368e+01,7.836865579028925652e-03,4.181561940737241745e-01,3.121087059281466361e-02,4.514326995375102930e-02,8.334969205852414340e-03,9.338156135461910026e+02,8.701074875367488179e-03,0.000000000000000000e+00,5.758847970301722574e-01,0.000000000000000000e+00,1.807762800093166630e-02,2.862916406060500921e-02,4.286124307580400083e-01,4.399486180614831099e-02,1.006973524411654219e+00,3.154633958855864728e-01,0.000000000000000000e+00,3.049180354087846836e-02,2.252799726122482471e-01,3.785703500290963919e-01,1.510239679278477752e+03,9.628802310837819789e+01,0.000000000000000000e+00,0.000000000000000000e+00,7.518424424284361196e-01,8.692552337397310147e-01,1.398589907407654480e-02,1.100146405706274172e-01,0.000000000000000000e+00,6.456576792991536307e-01,2.963594640764691257e-02,1.911411643895022036e-02,0.000000000000000000e+00,0.000000000000000000e+00,7.244192492396396219e-03,2.309253597035865885e-02,6.329379209743163370e-03,0.000000000000000000e+00,0.000000000000000000e+00,0.000000000000000000e+00,0.000000000000000000e+00,0.000000000000000000e+00,0.000000000000000000e+00,1.205865474956961149e-02,0.000000000000000000e+00,0.000000000000000000e+00,0.000000000000000000e+00,0.000000000000000000e+00,0.000000000000000000e+00,0.000000000000000000e+00,0.000000000000000000e+00,0.000000000000000000e+00,0.000000000000000000e+00,0.000000000000000000e+00,0.000000000000000000e+00,0.000000000000000000e+00,0.000000000000000000e+00,0.000000000000000000e+00,0.000000000000000000e+00,0.000000000000000000e+00,5.602380738260010970e-03,0.000000000000000000e+00,0.000000000000000000e+00,4.280033970679780406e-03,3.409577435173469229e-02,0.000000000000000000e+00,5.428747277798347953e-03,2.426638949677747611e-02,0.000000000000000000e+00,0.000000000000000000e+00,0.000000000000000000e+00,0.000000000000000000e+00,0.000000000000000000e+00,0.000000000000000000e+00,0.000000000000000000e+00,1.040885934714330316e-02
8.467808701895751869e-03,0.000000000000000000e+00,1.946522450652278247e+00,0.000000000000000000e+00,0.000000000000000000e+00,0.000000000000000000e+00,8.424277253204429106e-02,0.000000000000000000e+00,1.651700772355668922e+00,0.000000000000000000e+00,5.587456285359374553e-01,7.382506496471227808e-02,5.088618012973718407e+00,1.456028353628309631e-02,1.034145125264015856e-02,1.636451329713866976e+00,3.626751263292085081e+00,1.345941417533779161e-01,1.502297529167852197e+00,0.000000000000000000e+00,2.346835124486540414e-01,3.827733799762062716e+01,1.680975696704466671e+00,2.569452063021678168e+00,4.008276699126626852e+01,8.145755053508766608e+00,3.150545081627394666e+02,3.175566665979408509e-01,1.120249758808531185e-02,9.011035931007051192e-02,3.547193109383397491e-01,0.000000000000000000e+00,2.733550689197042707e-02,6.607236989917066872e-01,2.546451862731738403e-02,1.844051846034552078e+00,1.240492455571548192e+00,2.123332692868649119e+00,1.551584691094391788e+00,1.554935528566646075e-01,0.000000000000000000e+00,3.370801570830921912e-01,3.409391727270719707e-01,2.213738893987312606e-01,2.645774069375040893e-01,1.517649320675153457e-01,2.094073377083946128e-02,4.475672715066843395e-03,0.000000000000000000e+00,0.000000000000000000e+00,1.562477486514328184e+01,1.798741258398029175e-01,6.163081284850478216e-03,0.000000000000000000e+00,0.000000000000000000e+00,0.000000000000000000e+00,0.000000000000000000e+00,0.000000000000000000e+00,0.000000000000000000e+00,6.637994129767030814e-03,7.028225183322509007e-03,4.730372314860845778e-02,0.000000000000000000e+00,0.000000000000000000e+00,2.809324910952729765e-02,2.752263109062685342e-01,1.643690371556827401e-02,2.318873427399490705e-01,0.000000000000000000e+00,2.033900409142868487e-02,4.162241133404949722e-01,6.257274598034456847e-02,1.753835764929559046e-02,2.828772736881680072e-01,1.150967520002152300e+00,4.266362633716680008e+00,5.425194305665195782e-03,0.000000000000000000e+00,0.000000000000000000e+00,3.912360197102496967e-02,0.000000000000000000e+00,0.000000000000000000e+00,1.975562080623845251e-02,1.175917994002613834e-02
1.046320829838089106e-01,1.946522450652278247e+00,0.000000000000000000e+00,1.438280840047658632e-02,8.542343949001413028e-03,6.155028079216308748e-03,9.641009793292927288e-01,9.608877633638716886e-02,1.654611365089090833e-02,7.863636178197946219e-03,0.000000000000000000e+00,9.388846425507529556e-03,1.630674932301181407e-02,3.177207272542285632e-01,1.030390676171869663e-02,6.559321696315695976e-03,9.275934359299755272e+01,0.000000000000000000e+00,5.281432532290738502e-01,8.543207523643701895e-03,6.538843170979890651e+00,9.510262263943743133e-02,4.315770235049903363e+02,3.393795464953809626e-02,1.315947866087606270e-02,2.681681747812984895e+02,3.810335064991820673e+02,2.827778745431943630e-01,4.142877327016379896e-01,2.114441769019486106e+00,1.770757122554800569e-02,0.000000000000000000e+00,3.519703422451180702e-02,1.805989425620424749e+00,1.910928509377947948e-01,5.435305438087044472e+00,3.594958954261258999e+00,7.865427364288680501e+00,7.871251510151613395e+00,5.047366736494630912e-02,5.734891089875204101e-02,1.165152903650605587e-02,5.947265685170469718e-01,6.435110731561621833e-01,4.111756759626324920e-01,3.993269351819604407e-01,0.000000000000000000e+00,0.000000000000000000e+00,0.000000000000000000e+00,0.000000000000000000e+00,1.887504041953993184e-01,2.452569567659255434e-01,0.000000000000000000e+00,0.000000000000000000e+00,0.000000000000000000e+00,5.144295947100787671e-03,0.000000000000000000e+00,0.000000000000000000e+00,0.000000000000000000e+00,0.000000000000000000e+00,0.000000000000000000e+00,0.000000000000000000e+00,0.000000000000000000e+00,0.000000000000000000e+00,1.177821484499251906e-02,2.853619875401988137e-01,4.944695479386702897e-03,1.202994523648929504e-01,0.000000000000000000e+00,1.606503847853225572e-02,9.798449281366455876e-02,8.183446416018438918e-02,0.000000000000000000e+00,0.000000000000000000e+00,6.203965125838549755e-01,2.419475226436061721e+00,0.000000000000000000e+00,4.841856525719703298e-03,2.500506205515647118e-02,0.000000000000000000e+00,0.000000000000000000e+00,0.000000000000000000e+00,3.555900882301396559e-02,9.934985593341097432e-02
1.611168812415090801e-01,0.000000000000000000e+00,1.438280840047658632e-02,0.000000000000000000e+00,1.563853684970139407e-02,1.697442203252244486e+00,4.928799113289109357e+00,1.122980357719561395e+00,5.719292489802062507e-01,6.650227679444725482e+02,8.118475505797312364e-02,8.058293422409809281e+00,1.767277747948147251e-02,1.767941341599451821e+00,9.633765430556628928e-02,0.000000000000000000e+00,1.542664097992219215e-02,6.475575787338361082e-03,0.000000000000000000e+00,4.753415328879207664e+03,6.188160934378259675e-02,7.014704591625941892e-03,2.145776711732085701e-02,2.813328754897917179e+02,0.000000000000000000e+00,0.000000000000000000e+00,5.994196963187767638e-03,1.666559007886363815e+03,1.367461843876277783e+00,8.769403003511475059e-02,0.000000000000000000e+00,7.376777558459520975e-03,1.423468217539303748e-01,1.039319843559645129e+00,1.047806775576484162e-01,1.658751640643718384e+00,9.072117910954375503e-03,1.415580522172592115e+00,1.711366116601011622e-01,4.387122612904927887e-01,9.557755955398493375e-02,7.611156494882188178e-03,2.406265561077680082e-01,0.000000000000000000e+00,7.453710724565716650e-02,5.798097463880886281e-03,3.125417381299007702e-01,2.715635353421941636e-02,0.000000000000000000e+00,0.000000000000000000e+00,0.000000000000000000e+00,5.312282204616568249e-03,0.000000000000000000e+00,0.000000000000000000e+00,1.566476992913613114e-02,2.555521598955813878e-01,1.181308003539273399e-02,1.171935967374247434e-01,6.280455764143826058e-02,5.051974375660732430e-03,0.000000000000000000e+00,0.000000000000000000e+00,1.096329756103599749e-02,1.490099606187473939e-02,0.000000000000000000e+00,0.000000000000000000e+00,0.000000000000000000e+00,0.000000000000000000e+00,2.045210297764105400e-01,1.010712720493385508e-02,5.772410456997764672e-03,0.000000000000000000e+00,1.151313187514179548e+00,0.000000000000000000e+00,0.000000000000000000e+00,0.000000000000000000e+00,5.621880637772834755e-01,1.945163679271341012e-02,1.055611141565184104e-02,0.000000000000000000e+00,0.000000000000000000e+00,6.187287812357203723e-03,3.522967185281225544e-02,4.916957320546363336e-03
0.000000000000000000e+00,0.000000000000000000e+00,8.542343949001413028e-03,1.563853684970139407e-02,0.000000000000000000e+00,1.003678881709451645e+02,9.550953697508701712e-02,3.097331429546497539e+00,1.373656520303375983e-01,4.585129428144401470e-02,0.000000000000000000e+00,2.540268027380048199e-01,1.423340384590324886e-02,2.885592632175330852e-02,1.804944985032703073e+02,0.000000000000000000e+00,0.000000000000000000e+00,0.000000000000000000e+00,0.000000000000000000e+00,2.066923573446122209e-02,8.760167490616895328e-03,0.000000000000000000e+00,1.615901667669404906e-01,7.488790905838682566e-02,1.495441067947917216e-02,0.000000000000000000e+00,2.719824236089883260e-02,8.982713264331630698e-02,2.389380324479714601e-01,0.000000000000000000e+00,0.000000000000000000e+00,1.134176120740470282e+02,0.000000000000000000e+00,1.892620404489353803e+01,2.602741975696159393e+00,2.373911841557664992e+00,7.027206675160090066e-02,2.328788188519612667e+00,2.239228227522565839e-01,2.937014678466874784e+02,1.764587328419850962e+02,0.000000000000000000e+00,0.000000000000000000e+00,2.108264323929139039e-02,9.500329574574091496e-03,3.364145649715829384e-02,0.000000000000000000e+00,0.000000000000000000e+00,0.000000000000000000e+00,0.000000000000000000e+00,0.000000000000000000e+00,0.000000000000000000e+00,0.000000000000000000e+00,0.000000000000000000e+00,0.000000000000000000e+00,8.367880826136707070e-03,0.000000000000000000e+00,1.466660967361556669e-02,0.000000000000000000e+00,0.000000000000000000e+00,0.000000000000000000e+00,0.000000000000000000e+00,0.000000000000000000e+00,6.012346061267013347e-02,0.000000000000000000e+00,0.000000000000000000e+00,0.000000000000000000e+00,0.000000000000000000e+00,0.000000000000000000e+00,1.509549827139200669e-02,0.000000000000000000e+00,6.844515165902415738e-03,0.000000000000000000e+00,0.000000000000000000e+00,7.781616974791910266e-03,4.981735057075286494e-03,5.726957246362626881e-03,5.324412948456228208e-03,0.000000000000000000e+00,0.000000000000000000e+00,0.000000000000000000e+00,0.000000000000000000e+00,0.000000000000000000e+00,1.685888467617668862e-01
2.078952350872552146e-01,0.000000000000000000e+00,6.155028079216308748e-03,1.697442203252244486e+00,1.003678881709451645e+02,0.000000000000000000e+00,1.039947102865956374e+01,1.133328996026720915e+03,3.398929141737171145e-02,7.579957061951880632e+02,2.154068707234640390e-01,4.619617470685304852e+02,0.000000000000000000e+00,1.163275326345577909e+01,2.237462034149544365e+02,0.000000000000000000e+00,1.257971916663775357e-02,1.871288686438933938e-02,0.000000000000000000e+00,2.274513010914632538e+00,4.026037285444851455e-02,7.651564276479073598e-03,7.135434689960540311e-02,4.513577837853610664e-01,1.073895535736816946e-02,0.000000000000000000e+00,2.397028540117114581e-02,7.397378636268487462e+00,3.140581432524553573e+00,4.284977719425190346e-01,7.033610130047086850e-03,8.444611415954909717e+01,2.287904502453967995e-02,2.044032971165421486e+00,4.086342362581045495e-02,7.193355857956846400e+00,7.314003509430917760e-02,4.488883784437619262e+00,1.600956070907339490e-01,1.183535402067229398e+02,2.281577523187764189e+00,7.181787403131756342e-02,1.334884547284536510e-02,4.249836373907005943e-03,9.819089390930591313e-03,2.874627758650655576e-02,9.157914425287280724e-03,0.000000000000000000e+00,4.729988434133200470e-02,0.000000000000000000e+00,0.000000000000000000e+00,0.000000000000000000e+00,0.000000000000000000e+00,0.000000000000000000e+00,0.000000000000000000e+00,4.913727064814849693e-02,0.000000000000000000e+00,0.000000000000000000e+00,0.000000000000000000e+00,1.504595218750136298e-02,1.212592638369631298e-02,0.000000000000000000e+00,0.000000000000000000e+00,0.000000000000000000e+00,4.622028434050898769e-03,0.000000000000000000e+00,0.000000000000000000e+00,0.000000000000000000e+00,6.235726958967000889e-03,0.000000000000000000e+00,0.000000000000000000e+00,0.000000000000000000e+00,2.900924898216649186e-02,0.000000000000000000e+00,0.000000000000000000e+00,0.000000000000000000e+00,4.529596343990899970e-02,0.000000000000000000e+00,0.000000000000000000e+00,0.000000000000000000e+00,0.000000000000000000e+00,0.000000000000000000e+00,0.000000000000000000e+00,1.154718765034482876e-02
2.160526754934934388e+02,8.424277253204429106e-02,9.641009793292927288e-01,4.928799113289109357e+00,9.550953697508701712e-02,1.039947102865956374e+01,0.000000000000000000e+00,4.512300637249128243e+01,2.631894793206455585e+00,1.165451889278801900e+03,1.735840017624497578e-01,1.813557344027912244e+00,6.360450091908971537e-02,3.330480985751906928e+02,9.096752466123507741e-01,5.531663932905591663e-01,1.477246395446666583e+00,1.250959655711226040e-02,3.040501752844725417e-02,2.174567942273986088e+00,2.482779243883102183e+01,3.010182679551687834e-01,7.306709191102064516e+00,3.954380818739080894e+01,0.000000000000000000e+00,1.707132905113082355e-01,1.185653604095557423e+00,1.276323363886625202e+03,2.276183704035912925e+01,9.252147517110747685e+02,1.123951419148163169e-02,1.028440861075974183e-01,5.900725506852265489e+00,1.121172250938746551e+01,7.289668025465009249e-01,1.294552298552308933e+01,1.473661060644080312e-01,1.696054709544909400e+01,3.585934315663279026e+00,2.101157036698623859e+00,6.328264641699110626e-01,1.768610761724997288e-02,5.815507656166437611e-01,1.034541901149123311e-02,2.610511001063025582e-01,1.125258057885888535e-01,1.743295414343821459e-01,1.703692500695834153e-02,0.000000000000000000e+00,1.082771929844851370e-02,1.726091034340350786e-02,1.291863826403432530e-02,1.734055420876626230e-01,0.000000000000000000e+00,4.595480233416822380e-02,9.358518277115117634e-01,4.082131582763620647e-02,8.433289016423152207e-01,1.170993946670288027e-01,5.102179442473853653e-03,4.279437287866853790e-02,2.263741219388397050e-02,5.100546737106473327e-02,0.000000000000000000e+00,3.374561311148888132e-02,5.314470595657631684e-03,0.000000000000000000e+00,0.000000000000000000e+00,1.134771074802313345e-01,5.507392575339662040e-03,2.995411681853032276e-02,1.570203447278929743e-02,3.117655115998670290e+00,0.000000000000000000e+00,0.000000000000000000e+00,1.403949886716592543e-01,1.897815704526771396e+00,7.608627455166888653e-02,5.887017695906648744e-03,0.000000000000000000e+00,0.000000000000000000e+00,2.763649455487186476e-02,8.443140958580155897e-02,2.319534813517608318e-01
4.736607237213774368e+01,0.000000000000000000e+00,9.608877633638716886e-02,1.122980357719561395e+00,3.097331429546497539e+00,1.133328996026720915e+03,4.512300637249128243e+01,0.000000000000000000e+00,8.281992649756795416e-03,2.380023672088943840e+02,2.673243523127115662e-01,6.179593286397062180e+00,6.063185669275431705e-02,1.435020808357676287e+03,9.114122935110279267e-01,1.069534861841003361e-02,4.599770144584996445e-01,2.277644450767115150e-02,3.313897005794238376e-02,1.822889691163504633e+00,6.680144301155966913e-01,1.663875968933204927e-02,8.350538028507789035e-01,6.448408690053951675e-01,0.000000000000000000e+00,6.707770594409433185e-02,8.481462172619083639e-02,3.050305341075413956e+00,1.396776745410590514e+01,1.158793476816456014e+01,2.687947343531532293e-02,8.944516728920011417e+01,1.830747299064765243e-01,2.539717243128444935e+00,7.672740805953233434e-02,5.647429535431351511e+00,9.847012833808087284e-02,3.659909988138512205e+00,2.249040079095710742e-01,5.533962849511135040e+00,1.685325476194408312e+00,8.120410159518305637e-02,2.644185964578914597e-02,0.000000000000000000e+00,4.114320813437184234e-03,1.618733689650660862e-02,0.000000000000000000e+00,4.758035428545540936e-03,0.000000000000000000e+00,0.000000000000000000e+00,0.000000000000000000e+00,0.000000000000000000e+00,0.000000000000000000e+00,0.000000000000000000e+00,0.000000000000000000e+00,1.044277378370769664e-02,0.000000000000000000e+00,1.769878941628001690e-02,4.908471344768807441e-03,1.344515885755950130e-02,0.000000000000000000e+00,0.000000000000000000e+00,0.000000000000000000e+00,0.000000000000000000e+00,0.000000000000000000e+00,0.000000000000000000e+00,0.000000000000000000e+00,0.000000000000000000e+00,0.000000000000000000e+00,0.000000000000000000e+00,6.530438493794060717e-03,0.000000000000000000e+00,5.199497141852363336e-02,0.000000000000000000e+00,0.000000000000000000e+00,3.184418901953325887e-02,7.033627291275383608e-02,5.250926099080142039e-03,0.000000000000000000e+00,0.000000000000000000e+00,0.000000000000000000e+00,0.000000000000000000e+00,0.000000000000000000e+00,4.998206972565840192e-03
7.836865579028925652e-03,1.651700772355668922e+00,1.654611365089090833e-02,5.719292489802062507e-01,1.373656520303375983e-01,3.398929141737171145e-02,2.631894793206455585e+00,8.281992649756795416e-03,0.000000000000000000e+00,1.509325663957662711e-01,1.896562085716680876e-02,1.713274598375573419e+02,3.341304084176532213e-02,7.894810572583658981e-02,2.308104519783510966e+01,9.717439098504225825e-01,4.299092346781206025e-02,0.000000000000000000e+00,1.333723733524903865e-02,8.319041249373866354e-01,3.536738481593647010e-01,1.627016557283439511e+02,2.923968854161367870e-01,5.936225149535823675e+02,9.757991277484284742e-02,9.970540358784013568e-02,9.577967964171298920e-01,8.320503259136176055e+00,2.975739395393620090e-01,1.249190078900337258e-01,9.015920454202302689e-03,1.584071926669236227e-02,2.073589935798846873e-01,5.270891443901890572e-01,8.176391412387401525e-02,3.236551386965213606e+00,3.576001113040707668e-01,6.395343158643266301e-01,1.516973928327398358e-01,3.841139142222375824e+01,3.535672300992999395e-02,8.365899869104102479e-03,8.099528287613243505e-01,3.277793125792211049e-02,3.516052488320987046e-01,1.046698816847503322e-01,2.685530549100917930e-01,3.102719753560018862e-02,0.000000000000000000e+00,0.000000000000000000e+00,0.000000000000000000e+00,0.000000000000000000e+00,1.972113172199027042e-01,0.000000000000000000e+00,3.302984356880035721e-02,1.003589901996810640e+00,2.698726674242286558e-02,3.400195626723173348e+01,8.968471298173773254e-02,9.817654475518520704e-03,5.152564940032249019e-02,0.000000000000000000e+00,4.055155309861920021e-02,4.288995489302716013e-02,5.525939329499377495e-01,0.000000000000000000e+00,0.000000000000000000e+00,0.000000000000000000e+00,9.925153110538550982e-02,9.200313073130529651e-02,2.568667043009793538e+00,1.485965895290950467e-01,6.348914914571221146e+00,0.000000000000000000e+00,0.000000000000000000e+00,4.989296112940051070e-02,2.243257165078572868e+00,8.277642507053337151e-02,3.564737917774170317e-02,0.000000000000000000e+00,0.000000000000000000e+00,4.956025049847072317e-02,1.762948137112353986e-01,5.822939301733793399e-02
4.181561940737241745e-01,0.000000000000000000e+00,7.863636178197946219e-03,6.650227679444725482e+02,4.585129428144401470e-02,7.579957061951880632e+02,1.165451889278801900e+03,2.380023672088943840e+02,1.509325663957662711e-01,0.000000000000000000e+00,2.885008208464051038e-01,8.952124631767418350e+02,1.039388547557228148e-01,7.252465172698843787e+01,2.350428653784197019e-01,7.367422426278277640e-03,1.980018638206450243e-02,4.745173626317780724e-02,6.445510718897306916e-03,1.879736033349455056e+03,1.417496011886563712e-01,9.182019069054010371e-03,7.813283413198184035e-02,4.320310165142242198e+00,1.324921971100422209e-02,4.009464805299240570e-02,2.335024858474013185e-02,1.046187971156844696e+03,6.482688720241260860e+00,2.708238938497723458e-01,1.731008218432726620e-02,1.265593591995869960e-01,3.025194232570784236e-01,4.425393673161223340e+00,1.889015899413723221e-01,4.115429231697169676e+00,5.578265106751114505e-02,4.350491669501343139e+00,3.159059831507919913e-01,9.410774553093529393e-01,4.758326757803892360e-01,2.463586103634146998e-02,5.848862924381881961e-02,6.153428398368763173e-03,2.210778078657472598e-02,9.809031025910051188e-03,9.699622714953176628e-02,6.006346733265359970e-03,6.623409410504840431e-03,0.000000000000000000e+00,0.000000000000000000e+00,0.000000000000000000e+00,9.615353783511695340e-01,0.000000000000000000e+00,1.713075979844381341e-02,1.609206214111417732e-01,0.000000000000000000e+00,1.078851862985023141e-02,1.126817979268758263e-01,0.000000000000000000e+00,0.000000000000000000e+00,0.000000000000000000e+00,1.554271186360283927e-02,0.000000000000000000e+00,0.000000000000000000e+00,0.000000000000000000e+00,0.000000000000000000e+00,0.000000000000000000e+00,0.000000000000000000e+00,0.000000000000000000e+00,0.000000000000000000e+00,0.000000000000000000e+00,3.274538850453053707e-01,0.000000000000000000e+00,0.000000000000000000e+00,0.000000000000000000e+00,2.545046544043296222e-01,0.000000000000000000e+00,0.000000000000000000e+00,0.000000000000000000e+00,4.950478969566745810e-03,6.698284964723517747e-03,5.688563969176067305e-03,1.956774120396278724e-02
3.121087059281466361e-02,5.587456285359374553e-01,0.000000000000000000e+00,8.118475505797312364e-02,0.000000000000000000e+00,2.154068707234640390e-01,1.735840017624497578e-01,2.673243523127115662e-01,1.896562085716680876e-02,2.885008208464051038e-01,0.000000000000000000e+00,3.193335466286537638e-01,3.039342431705671856e+02,3.296103112494782605e-01,0.000000000000000000e+00,0.000000000000000000e+00,2.739693403277347339e-01,2.764515225586383167e+02,2.061779694090195107e+02,1.365665925443398654e-01,8.981379630415731175e-03,3.666861472412514394e-02,1.567390640535437293e-02,6.889923715519952196e-02,9.263826812146676914e+00,2.344508365071386891e+02,3.674724998085450611e+00,1.235730754694781830e-01,1.906469105979382128e+00,3.100032879844353759e-02,6.631927976717693696e+01,1.969735649935673849e-01,0.000000000000000000e+00,2.868584041147805124e+02,2.393845510468204513e-02,1.095152451183563747e+00,7.695755239309500340e+00,2.133471381049639959e+01,3.130870386518376791e-01,2.225956167597242796e-01,2.616601119549616730e-02,1.064562544116652809e+01,1.804508352211624603e-02,7.102107628580200949e-01,1.650925872679860282e-02,0.000000000000000000e+00,0.000000000000000000e+00,0.000000000000000000e+00,2.354115580336223548e-02,0.000000000000000000e+00,8.324763854245241165e-03,6.280564997848531866e-03,0.000000000000000000e+00,0.000000000000000000e+00,0.000000000000000000e+00,1.067344397351915712e-02,0.000000000000000000e+00,1.966246868817599774e-02,0.000000000000000000e+00,8.569490950256787587e-02,0.000000000000000000e+00,5.333125260204861773e-01,0.000000000000000000e+00,0.000000000000000000e+00,7.565575982805678584e-03,0.000000000000000000e+00,6.670310156244824151e-02,5.045678340623476962e-03,0.000000000000000000e+00,0.000000000000000000e+00,0.000000000000000000e+00,0.000000000000000000e+00,2.425571133619035258e-02,9.007713686397135489e-02,3.409226187546921527e-01,1.648398909618429831e-01,1.395567099261455814e-02,0.000000000000000000e+00,0.000000000000000000e+00,4.281254148248877373e-02,0.000000000000000000e+00,0.000000000000000000e+00,4.503746089219199181e-03,5.478744326240096371e-03
4.514326995375102930e-02,7.382506496471227808e-02,9.388846425507529556e-03,8.058293422409809281e+00,2.540268027380048199e-01,4.619617470685304852e+02,1.813557344027912244e+00,6.179593286397062180e+00,1.713274598375573419e+02,8.952124631767418350e+02,3.193335466286537638e-01,0.000000000000000000e+00,1.032528238391347414e-01,5.993955589716803978e+00,1.861222547862219301e+02,0.000000000000000000e+00,5.738579909874104608e-03,3.788966236157404605e-02,6.487306217760701807e-03,2.231640722497730621e+03,0.000000000000000000e+00,3.560058118874958044e-01,1.706219203768711071e-02,9.119633305468792628e+01,4.623595921841557044e-02,3.453691735921082112e-02,5.752522146925129198e-02,3.654359433164642734e+00,4.354094465405165870e+00,6.701292854300315571e-02,3.302580771144748850e-02,1.018179572496559493e-01,1.811756067569300979e-02,2.563559059214120861e+00,1.689781548567910463e-01,9.021252919899620082e+00,3.297068730017784638e-02,1.661677613889485094e+00,9.089380666666151132e-02,2.291654270894009073e+02,2.134403131794115616e-01,5.053696839849398936e-02,7.268138530374758099e-01,6.221110863563585405e-03,1.974279644026894626e-02,0.000000000000000000e+00,1.097604499347740958e+00,0.000000000000000000e+00,0.000000000000000000e+00,0.000000000000000000e+00,0.000000000000000000e+00,0.000000000000000000e+00,0.000000000000000000e+00,1.140667965037454705e-02,4.978743705918639399e-03,7.061470909152903208e-02,6.992927151851494397e-03,2.125810561673710797e-01,3.977433551718429494e-01,9.542560356483122813e-03,0.000000000000000000e+00,0.000000000000000000e+00,0.000000000000000000e+00,8.014808531208286735e-02,0.000000000000000000e+00,0.000000000000000000e+00,0.000000000000000000e+00,0.000000000000000000e+00,0.000000000000000000e+00,0.000000000000000000e+00,1.519635014908009979e-02,0.000000000000000000e+00,2.329826767078905014e+00,0.000000000000000000e+00,0.000000000000000000e+00,0.000000000000000000e+00,1.513349198587632949e-01,0.000000000000000000e+00,0.000000000000000000e+00,0.000000000000000000e+00,0.000000000000000000e+00,6.807191716614912139e-03,1.309246573905726262e-02,5.717366036964844148e-03
8.334969205852414340e-03,5.088618012973718407e+00,1.630674932301181407e-02,1.767277747948147251e-02,1.423340384590324886e-02,0.000000000000000000e+00,6.360450091908971537e-02,6.063185669275431705e-02,3.341304084176532213e-02,1.039388547557228148e-01,3.039342431705671856e+02,1.032528238391347414e-01,0.000000000000000000e+00,8.102059934652562634e-02,9.449014965081627138e-02,2.163461419428600388e-02,9.624157669595746409e-03,7.756480422704070676e-01,9.920095214659002680e-02,3.316937955233345559e-02,1.113265639797344012e-02,1.417212237416815290e-01,4.164183075752059260e-02,6.238854526067939138e-02,3.038684835067628569e+02,1.329497878515110365e+01,2.304559453004745535e+02,5.007559984047647850e-02,4.720067728211946867e-01,3.385270253982154698e-02,2.838523482083309659e+02,5.243396212357106373e-02,0.000000000000000000e+00,1.077148902928286702e+02,1.034133457592614595e-02,1.005351895805306484e+00,3.763306151800513533e+01,1.923736937309279682e+01,2.146556351639314908e+00,1.802501762173519262e-01,5.232464425028429567e+00,2.674281325222290775e+02,5.462029440189074270e-02,6.219625694757348278e+00,5.924598729519935797e-02,3.020467984495766589e-01,4.619054058320724854e-02,1.099931140243642247e+00,8.025884162228719143e-02,0.000000000000000000e+00,6.193437664570481532e-02,4.995969971427314735e-03,4.085280224690412271e-03,0.000000000000000000e+00,0.000000000000000000e+00,1.650180085570861904e-02,0.000000000000000000e+00,0.000000000000000000e+00,0.000000000000000000e+00,1.401425779622756052e+00,0.000000000000000000e+00,2.191860682971980268e+01,0.000000000000000000e+00,0.000000000000000000e+00,0.000000000000000000e+00,0.000000000000000000e+00,3.303609440626430471e-01,5.709414997804742459e-02,7.824661485725749668e-03,0.000000000000000000e+00,5.692740383554636789e-03,1.194379276929062074e-02,4.763647531078446171e-03,1.007051079474687416e+00,1.850678771879935125e+00,1.451722384824564172e+00,1.490898872561820070e-02,0.000000000000000000e+00,0.000000000000000000e+00,5.402664416841260753e-01,0.000000000000000000e+00,0.000000000000000000e+00,2.837888063890587134e-02,1.975081756054001061e-02
9.338156135461910026e+02,1.456028353628309631e-02,3.177207272542285632e-01,1.767941341599451821e+00,2.885592632175330852e-02,1.163275326345577909e+01,3.330480985751906928e+02,1.435020808357676287e+03,7.894810572583658981e-02,7.252465172698843787e+01,3.296103112494782605e-01,5.993955589716803978e+00,8.102059934652562634e-02,0.000000000000000000e+00,8.253998530788241028e-02,3.981503892561606001e-02,1.003743989355788013e+00,0.000000000000000000e+00,3.046540250559701818e-02,1.979960242956257055e+00,1.179722764930227097e+00,3.850339485071613971e-02,2.095255497777565701e+00,1.285265479238457464e+00,2.785239370320685345e-02,9.962115106993363334e-02,4.461344461259981742e-01,4.186926029198851040e+00,3.402623499605659276e+02,2.470876605125816994e+01,0.000000000000000000e+00,4.776211882052788837e+01,4.014059006471396573e-01,4.898080187392718443e+00,6.639634907560747201e-02,3.862428533862615865e+00,8.230173376620306125e-02,4.260859199814903242e+00,2.540333117190663459e-01,1.738346589158873856e+00,5.783786098221785910e-01,8.570597203771171402e-02,5.177781782408551886e-02,0.000000000000000000e+00,4.284884662105348241e-02,1.208259308568558794e-02,1.966285083534212788e-02,0.000000000000000000e+00,1.148724765819548674e-02,0.000000000000000000e+00,0.000000000000000000e+00,9.553423097356621152e-03,0.000000000000000000e+00,0.000000000000000000e+00,0.000000000000000000e+00,3.439568101595739252e-02,4.568817818389491782e-03,2.194395770825838601e-02,0.000000000000000000e+00,0.000000000000000000e+00,0.000000000000000000e+00,0.000000000000000000e+00,0.000000000000000000e+00,0.000000000000000000e+00,5.954279715772544355e-03,4.286325440645648126e-03,0.000000000000000000e+00,0.000000000000000000e+00,6.221514825320356365e-03,0.000000000000000000e+00,5.704836183995939600e-03,1.428459989284322322e-02,1.671432384071483701e-01,0.000000000000000000e+00,1.006103385812078671e-02,6.070783977748036436e-02,6.151950967641491019e-02,5.655651625805671427e-03,0.000000000000000000e+00,0.000000000000000000e+00,0.000000000000000000e+00,0.000000000000000000e+00,1.249885748339673620e-02,2.219253367327389884e-02
8.701074875367488179e-03,1.034145125264015856e-02,1.030390676171869663e-02,9.633765430556628928e-02,1.804944985032703073e+02,2.237462034149544365e+02,9.096752466123507741e-01,9.114122935110279267e-01,2.308104519783510966e+01,2.350428653784197019e-01,0.000000000000000000e+00,1.861222547862219301e+02,9.449014965081627138e-02,8.253998530788241028e-02,0.000000000000000000e+00,4.566818767511266614e-02,3.746886820899408138e-02,0.000000000000000000e+00,0.000000000000000000e+00,2.488594306799287725e-01,3.569798526198278976e-01,1.173539191248639812e-01,5.312211423581119085e-01,3.330762092110228778e+00,0.000000000000000000e+00,2.858876005297768599e-02,7.754554021266182873e-02,9.580817186647505590e-01,1.573143923303414182e-01,1.119208324057261450e-01,0.000000000000000000e+00,5.577288588373531253e-01,2.979267129602772637e-02,2.018996440400771419e+01,2.989874712396958500e+01,1.462196289196579846e+00,1.531678867665450250e-01,1.101493322204960990e+00,3.648739369791366705e-01,8.006452848417843597e+02,2.380038125359235757e+00,0.000000000000000000e+00,1.435580661231273536e-01,1.497156907348453324e-02,5.797617364684959883e-03,1.059505942768546177e-01,1.943503006605862005e-01,1.463228829108822494e-02,0.000000000000000000e+00,0.000000000000000000e+00,1.069716333218205008e-02,0.000000000000000000e+00,1.237661521122004719e-02,0.000000000000000000e+00,0.000000000000000000e+00,6.180229305328673733e-02,0.000000000000000000e+00,3.797640301703097965e-02,1.571590550654075602e-02,0.000000000000000000e+00,1.513502553123336446e-02,0.000000000000000000e+00,0.000000000000000000e+00,8.681378280240120704e-02,1.535535395574598450e-02,6.773991823993633782e-03,0.000000000000000000e+00,0.000000000000000000e+00,0.000000000000000000e+00,2.158952149201022463e-02,0.000000000000000000e+00,2.182094317614397330e-02,1.936807980847826960e-01,0.000000000000000000e+00,0.000000000000000000e+00,2.991529179702840865e-02,7.922009292981253836e-02,2.411462394308100041e-02,0.000000000000000000e+00,0.000000000000000000e+00,0.000000000000000000e+00,4.814726409651551471e-03,6.900427201893407150e-03,5.925015625863567781e-01
0.000000000000000000e+00,1.636451329713866976e+00,6.559321696315695976e-03,0.000000000000000000e+00,0.000000000000000000e+00,0.000000000000000000e+00,5.531663932905591663e-01,1.069534861841003361e-02,9.717439098504225825e-01,7.367422426278277640e-03,0.000000000000000000e+00,0.000000000000000000e+00,2.163461419428600388e-02,3.981503892561606001e-02,4.566818767511266614e-02,0.000000000000000000e+00,2.710366336506042639e-02,0.000000000000000000e+00,6.414748910972650243e-03,6.875044781261308545e-03,6.148823620628793378e+02,1.736881261080858678e+02,3.234035718111283586e+02,2.782205299063861048e+02,4.467337915272207027e-02,3.716171461982884644e-02,1.861683685601200580e+02,1.001665155942685175e+02,9.489820052035355391e-02,2.348990146336519744e-02,0.000000000000000000e+00,0.000000000000000000e+00,2.511708720585914545e-02,2.646165452447818422e-01,2.833809629387891160e-01,7.159433563288381208e+00,6.591820249514723784e+00,8.817446583109986857e-01,1.345562119985338478e+00,2.357013721145322926e-01,1.561193005063972981e-02,0.000000000000000000e+00,7.753886560289979801e-01,2.920492870295572918e-01,2.149500366025308695e-01,1.047714978008744552e-01,7.358154301653770102e-02,1.151103246729951075e-02,0.000000000000000000e+00,0.000000000000000000e+00,0.000000000000000000e+00,0.000000000000000000e+00,1.025797469644269648e-02,4.940403220006704156e-03,6.470898040503538992e-03,6.686245243417671125e-02,0.000000000000000000e+00,4.438712112617995142e-01,1.204151010010231192e-02,0.000000000000000000e+00,0.000000000000000000e+00,0.000000000000000000e+00,0.000000000000000000e+00,0.000000000000000000e+00,3.446256837278864449e+00,0.000000000000000000e+00,0.000000000000000000e+00,0.000000000000000000e+00,6.465450691812891885e-03,3.910764732879850047e-01,1.992902786359781020e+00,2.052000537886483400e+00,1.761624612172051796e+00,1.106150048099534614e-02,1.024390628957808254e-02,5.355461411311294162e-01,1.014608056576361994e+00,1.013543281879159680e-02,0.000000000000000000e+00,0.000000000000000000e+00,0.000000000000000000e+00,1.666025408565301527e-02,3.573435151189397613e-02,7.602021734810371356e-02
5.758847970301722574e-01,3.626751263292085081e+00,9.275934359299755272e+01,1.542664097992219215e-02,0.000000000000000000e+00,1.257971916663775357e-02,1.477246395446666583e+00,4.599770144584996445e-01,4.299092346781206025e-02,1.980018638206450243e-02,2.739693403277347339e-01,5.738579909874104608e-03,9.624157669595746409e-03,1.003743989355788013e+00,3.746886820899408138e-02,2.710366336506042639e-02,0.000000000000000000e+00,5.874928860594470781e-02,4.054952918462976186e+02,4.843981602685594814e-03,7.358390245868730695e+00,1.562427304196659095e-01,2.779121013685219737e+02,1.484535172280944948e-01,2.704733763861691051e-02,1.431355435933033107e+02,2.112999173419492038e+01,6.604100461610897810e-01,2.073411878172281675e+00,8.357452871250149684e+00,0.000000000000000000e+00,0.000000000000000000e+00,1.562472125442427306e-01,1.162453589352914776e+02,3.856333209329935313e-02,2.056457608935600589e+00,2.944048998198086409e+00,1.594734291020505701e+01,1.587832978477122126e+00,4.205965601547295013e-02,1.499182707974255728e-02,1.065723837578262320e-02,4.109468684743808886e-01,9.178890676145384786e-01,3.796088768477713926e-01,2.818284835667539401e-01,2.508656170379565051e-02,5.902510052847530740e-03,0.000000000000000000e+00,0.000000000000000000e+00,4.721219217907348664e-01,1.594893924764908821e-01,0.000000000000000000e+00,0.000000000000000000e+00,0.000000000000000000e+00,9.030425946159862174e-03,0.000000000000000000e+00,0.000000000000000000e+00,0.000000000000000000e+00,5.076910908564552169e-03,0.000000000000000000e+00,8.684488667866013117e-03,0.000000000000000000e+00,0.000000000000000000e+00,4.647731312678435658e-03,2.638259234522298269e-01,7.529724926519230921e-03,3.113901693979257423e-01,0.000000000000000000e+00,1.724384089494055555e-02,6.349612545779675932e-02,6.488817431191773455e-02,3.535789986936902635e-02,4.747338129314004895e-02,1.236678991759196933e+00,2.592739228215644953e+00,0.000000000000000000e+00,0.000000000000000000e+00,5.857227749867704829e-03,7.452203884456724998e-03,0.000000000000000000e+00,0.000000000000000000e+00,1.534683319644881971e-02,3.480717968751922270e-02
0.000000000000000000e+00,1.345941417533779161e-01,0.000000000000000000e+00,6.475575787338361082e-03,0.000000000000000000e+00,1.871288686438933938e-02,1.250959655711226040e-02,2.277644450767115150e-02,0.000000000000000000e+00,4.745173626317780724e-02,2.764515225586383167e+02,3.788966236157404605e-02,7.756480422704070676e-01,0.000000000000000000e+00,0.000000000000000000e+00,0.000000000000000000e+00,5.874928860594470781e-02,0.000000000000000000e+00,2.442552802582077618e+02,1.221003586847084661e-02,0.000000000000000000e+00,0.000000000000000000e+00,6.377694884093355540e-03,1.165745603539856783e-02,1.907373763991716265e-01,2.656471047424580547e+02,2.258906210598276232e+00,5.340024443062323448e-03,4.978385544875928853e-02,0.000000000000000000e+00,1.336998680699185815e+00,0.000000000000000000e+00,0.000000000000000000e+00,4.950504358547616945e+00,8.237499312609490934e-03,1.078883130421030012e+00,4.747883708796233115e+00,1.225630655467452712e+01,8.808925161955279970e-01,1.768551579437376703e-02,2.078476637990459355e-02,4.718439912885507431e-02,1.248491827596930406e-02,1.454477717083710597e-01,1.733064304999853977e-02,7.629834730766469307e-03,8.590538151939766318e-03,0.000000000000000000e+00,0.000000000000000000e+00,0.000000000000000000e+00,1.381933011906404628e-02,0.000000000000000000e+00,0.000000000000000000e+00,0.000000000000000000e+00,0.000000000000000000e+00,0.000000000000000000e+00,0.000000000000000000e+00,0.000000000000000000e+00,0.000000000000000000e+00,1.827391514400596856e-02,0.000000000000000000e+00,4.656559548838950374e-02,0.000000000000000000e+00,0.000000000000000000e+00,0.000000000000000000e+00,0.000000000000000000e+00,5.334555522104143105e-02,3.994328901364883194e-02,0.000000000000000000e+00,0.000000000000000000e+00,1.072011763732605254e-02,4.992660630414824836e-03,0.000000000000000000e+00,3.094671815551004040e-02,3.407841838043850213e-01,3.979686241856233986e-01,0.000000000000000000e+00,0.000000000000000000e+00,0.000000000000000000e+00,7.211518887285170432e-02,0.000000000000000000e+00,0.000000000000000000e+00,0.000000000000000000e+00,0.000000000000000000e+00
1.807762800093166630e-02,1.502297529167852197e+00,5.281432532290738502e-01,0.000000000000000000e+00,0.000000000000000000e+00,0.000000000000000000e+00,3.040501752844725417e-02,3.313897005794238376e-02,1.333723733524903865e-02,6.445510718897306916e-03,2.061779694090195107e+02,6.487306217760701807e-03,9.920095214659002680e-02,3.046540250559701818e-02,0.000000000000000000e+00,6.414748910972650243e-03,4.054952918462976186e+02,2.442552802582077618e+02,0.000000000000000000e+00,7.590269963257794891e-03,1.026263107252805701e-01,2.315561480886962550e-02,7.723983367362100561e-01,6.151289022188771022e-02,1.276133744700960193e-01,2.777915871364432405e+02,7.665499634729552980e+00,5.928457764216253471e-03,6.910935104088258840e-02,1.294037759455630987e-01,1.406814155832200874e-01,0.000000000000000000e+00,8.725863024747929769e-03,6.208090401357252830e+01,4.557582898204038530e-02,3.873592308937507944e+00,7.716240281930182299e+00,2.461192396385885672e+01,2.885326781408282582e+00,2.239533954405667493e-02,4.153210392032861964e-02,6.222923550297907586e-02,8.877279970541966658e-02,2.478153033028497321e-01,9.732758347895893725e-02,1.537103424757337022e-01,1.432258365544631859e-02,0.000000000000000000e+00,0.000000000000000000e+00,0.000000000000000000e+00,2.457320432202946547e-01,5.006013082120125066e-03,0.000000000000000000e+00,0.000000000000000000e+00,0.000000000000000000e+00,0.000000000000000000e+00,0.000000000000000000e+00,0.000000000000000000e+00,0.000000000000000000e+00,5.239558957950092577e-03,0.000000000000000000e+00,7.668479696870388052e-02,0.000000000000000000e+00,0.000000000000000000e+00,0.000000000000000000e+00,9.445987906660055500e-02,6.759389072226666684e-02,2.144416636315909785e-01,0.000000000000000000e+00,0.000000000000000000e+00,1.285487424443091525e-02,2.442039818317022493e-02,0.000000000000000000e+00,6.427794552201429590e-02,1.148701846315630881e+00,1.332745910589961058e+00,8.389252563052923550e-03,0.000000000000000000e+00,0.000000000000000000e+00,1.493405068549944273e-02,0.000000000000000000e+00,0.000000000000000000e+00,0.000000000000000000e+00,3.634890659909442712e-02
