0.000000000000000000e+00,0.000000000000000000e+00,5.612808624256746676e-02,2.122909429946292711e-02,2.832132942920151386e-02,6.122079110397261603e-01,2.251556113805476400e+02,1.159586566950003395e+01,1.133665740814399914e-01,7.096085630410761125e-01,1.701471516815136059e-02,1.382825630078820811e-01,0.000000000000000000e+00,1.202572612790111862e+03,0.000000000000000000e+00,0.000000000000000000e+00,3.619805003899520535e-01,0.000000000000000000e+00,7.840581698039382486e-03,9.505732341626514648e-02,6.410241365175343153e-01,1.578934513735614706e-02,9.972281474090251008e-01,4.407333594952346223e-01,0.000000000000000000e+00,0.000000000000000000e+00,5.446815901563044349e-02,6.284117506218893645e-01,9.566265410684816288e+02,6.045129174642249126e+01,0.000000000000000000e+00,0.000000000000000000e+00,1.515862746301291919e+00,6.547824747137807044e-01,1.298505478367191490e-02,5.529643671066492017e-01,3.754571512967076752e-02,1.215587932976041063e+00,4.616002153075222103e-01,1.169560986913835005e-01,2.403091336313683407e-02,0.000000000000000000e+00,0.000000000000000000e+00,0.000000000000000000e+00,6.403384288649428824e-03,1.042550599660275502e-02,1.461646268433145629e-02,0.000000000000000000e+00,0.000000000000000000e+00,0.000000000000000000e+00,0.000000000000000000e+00,0.000000000000000000e+00,0.000000000000000000e+00,0.000000000000000000e+00,0.000000000000000000e+00,2.968828358310902221e-02,0.000000000000000000e+00,1.232004868163767350e-02,0.000000000000000000e+00,0.000000000000000000e+00,0.000000000000000000e+00,0.000000000000000000e+00,0.000000000000000000e+00,5.654690284133173997e-03,0.000000000000000000e+00,0.000000000000000000e+00,0.000000000000000000e+00,5.131999657636986470e-03,0.000000000000000000e+00,6.746999363247817294e-03,0.000000000000000000e+00,0.000000000000000000e+00,3.745161509175737313e-02,0.000000000000000000e+00,0.000000000000000000e+00,6.800129162609583160e-03,2.088883438070154863e-02,4.996137553266354059e-03,0.000000000000000000e+00,0.000000000000000000e+00,0.000000000000000000e+00,0.000000000000000000e+00,6.169562037913585428e-03,4.040350983297363516e-03
0.000000000000000000e+00,0.000000000000000000e+00,9.364758857214941501e-02,0.000000000000000000e+00,7.427493649297995867e-03,0.000000000000000000e+00,1.083224719129909606e-02,4.893184462138335487e-03,1.610756344865633682e+00,0.000000000000000000e+00,1.871331457157039135e-01,0.000000000000000000e+00,5.444543501896717430e+00,0.000000000000000000e+00,0.000000000000000000e+00,1.177496048745384050e+00,1.498869292353504967e+00,3.211621437608624952e-01,4.501239083743400204e-01,0.000000000000000000e+00,1.261184904684805874e-01,7.100202367327717923e+01,6.763753479808276570e-01,2.417651414636120322e+00,9.023784020677571505e+01,4.964954877123702204e+00,2.809778729583686072e+02,2.607914652481363449e-01,9.727441356082746488e-03,3.334857259531205653e-02,2.540025505073469358e-01,0.000000000000000000e+00,0.000000000000000000e+00,2.259900829008104350e-01,1.196695938873846600e-02,1.001756701659074711e+00,1.060918810584412286e+00,8.136524141473355787e-01,3.325579378840594624e-01,3.236420884732219005e-02,0.000000000000000000e+00,0.000000000000000000e+00,1.912471188100117736e-01,3.622592333677845389e-01,2.139991290507668453e-01,1.398885730010616113e-01,0.000000000000000000e+00,0.000000000000000000e+00,2.727475268059032301e-02,4.879172071445146870e-03,2.103740171539457293e+01,9.767339415564803284e-02,0.000000000000000000e+00,0.000000000000000000e+00,0.000000000000000000e+00,0.000000000000000000e+00,0.000000000000000000e+00,0.000000000000000000e+00,0.000000000000000000e+00,1.703765274200698746e-02,0.000000000000000000e+00,6.751214808664415812e-02,0.000000000000000000e+00,0.000000000000000000e+00,1.974296875523664715e-02,1.812547594147944363e-01,1.805899678271763800e-02,1.328248993453138294e-01,0.000000000000000000e+00,0.000000000000000000e+00,9.817411184705779892e-01,3.373763979956306142e-02,0.000000000000000000e+00,3.591798045729763245e-01,1.433483479124479043e+00,6.768317967337458718e+00,0.000000000000000000e+00,0.000000000000000000e+00,0.000000000000000000e+00,3.862906559636972853e-02,0.000000000000000000e+00,0.000000000000000000e+00,2.682424587698245544e-02,0.000000000000000000e+00
5.612808624256746676e-02,9.364758857214941501e-02,0.000000000000000000e+00,0.000000000000000000e+00,0.000000000000000000e+00,0.000000000000000000e+00,1.794516178055127753e-01,3.408709773599381820e-02,0.000000000000000000e+00,4.781257959066169058e-03,0.000000000000000000e+00,0.000000000000000000e+00,0.000000000000000000e+00,1.047136331815869958e-01,0.000000000000000000e+00,7.423558932178092595e-02,1.600564813153814896e+02,2.943422123453420108e-02,2.705273081509285693e-01,8.174283262813259940e-03,2.109151266249420509e+00,2.576686878370199746e-02,3.888594771551493636e+02,8.388305752567127085e-03,0.000000000000000000e+00,1.934024960252462506e+02,2.338868723130040905e+02,2.061995787482695519e-01,1.423430648668792819e-01,6.129346707752720835e-01,0.000000000000000000e+00,0.000000000000000000e+00,2.096913790593388574e-02,8.263815824728824033e-01,2.205971473232487545e-01,6.106300394240038010e+00,2.081578117073186629e+00,7.391584898639120382e+00,4.986983254780122721e+00,8.271994725935681581e-02,2.086617918102252889e-02,0.000000000000000000e+00,1.512410120590364504e-01,1.771210098275445288e-01,7.356892738288275946e-02,1.598464807934364129e-01,8.828513176996425835e-03,0.000000000000000000e+00,0.000000000000000000e+00,0.000000000000000000e+00,7.802391653133165794e-02,3.791765475347878833e-02,0.000000000000000000e+00,0.000000000000000000e+00,0.000000000000000000e+00,0.000000000000000000e+00,0.000000000000000000e+00,7.719063587694399188e-03,0.000000000000000000e+00,0.000000000000000000e+00,0.000000000000000000e+00,0.000000000000000000e+00,0.000000000000000000e+00,0.000000000000000000e+00,1.892378822991395634e-02,5.190777224030834747e-02,0.000000000000000000e+00,5.072581878390596682e-02,0.000000000000000000e+00,0.000000000000000000e+00,4.134903121156986022e-02,1.105591112556306155e-02,7.381939209838738955e-03,0.000000000000000000e+00,9.362302804203534445e-02,1.340549609323852032e+00,5.420057786602427118e-03,0.000000000000000000e+00,0.000000000000000000e+00,0.000000000000000000e+00,0.000000000000000000e+00,0.000000000000000000e+00,9.116299941792057118e-03,7.824099084393787429e-02
2.122909429946292711e-02,0.000000000000000000e+00,0.000000000000000000e+00,0.000000000000000000e+00,0.000000000000000000e+00,6.143232675082027638e-01,1.937943742916678147e+00,1.648467436121759666e-01,1.739913953261936319e+00,6.615760508179596400e+02,0.000000000000000000e+00,3.151552453752880112e+01,6.960368087239107195e-03,1.943253041821102478e-01,5.539702523950675028e-02,0.000000000000000000e+00,0.000000000000000000e+00,0.000000000000000000e+00,0.000000000000000000e+00,4.365334279553568194e+03,1.715868345801563680e-02,1.032667793941049843e-02,1.594484071931702440e-02,1.881625246041882917e+02,0.000000000000000000e+00,0.000000000000000000e+00,0.000000000000000000e+00,1.184743306991089867e+03,2.720125814473743353e-01,1.131052207308432811e-01,0.000000000000000000e+00,7.305525606348815988e-03,3.351411068189831532e-02,2.219752828866226602e-01,8.793730227072292863e-03,5.411811860750168623e-01,7.748651233841706044e-03,3.383414192964900313e-01,5.254144633896130900e-02,6.476792613133629528e-01,1.001272521794743103e-02,5.601399597758380082e-03,1.112602121682382678e-01,0.000000000000000000e+00,1.140277777415293382e-02,6.014762674036317966e-03,1.824508662877749599e-01,5.885355015703469875e-03,0.000000000000000000e+00,0.000000000000000000e+00,0.000000000000000000e+00,0.000000000000000000e+00,5.259221665725802630e+00,0.000000000000000000e+00,3.180824437541848737e-02,9.479363100327596603e-02,1.057466928139736383e-02,2.363334173455811371e-01,1.762487813798766068e+00,0.000000000000000000e+00,6.385642355835178030e+00,0.000000000000000000e+00,5.775458092546040950e-03,1.664128783091226721e-02,0.000000000000000000e+00,0.000000000000000000e+00,0.000000000000000000e+00,0.000000000000000000e+00,5.506952079252695142e+01,0.000000000000000000e+00,0.000000000000000000e+00,0.000000000000000000e+00,8.556727631890939101e-01,0.000000000000000000e+00,0.000000000000000000e+00,0.000000000000000000e+00,4.858557752146337450e-01,0.000000000000000000e+00,0.000000000000000000e+00,0.000000000000000000e+00,0.000000000000000000e+00,0.000000000000000000e+00,1.573916115705865926e-02,4.986241728336560965e-03
2.832132942920151386e-02,7.427493649297995867e-03,0.000000000000000000e+00,0.000000000000000000e+00,0.000000000000000000e+00,3.147033518484111028e+02,3.623715622425070781e-02,2.112559738568348777e+01,9.618847869384692523e-03,1.180553883265400006e-01,5.629082332286441080e-03,2.212365904264559924e-01,0.000000000000000000e+00,1.091909242803556640e-01,8.232952988966188457e+01,9.552102363276648161e-03,5.989438606197976939e-03,0.000000000000000000e+00,0.000000000000000000e+00,1.631721364455284567e-02,8.940261374557639806e-02,1.142395355672006126e-02,6.105395378329749045e-02,3.426125639854699784e-02,0.000000000000000000e+00,0.000000000000000000e+00,0.000000000000000000e+00,1.438386827751388618e-02,2.304345201712835328e-02,4.464633881219267492e-02,0.000000000000000000e+00,2.633004431666964820e+02,0.000000000000000000e+00,1.075738535249175731e+00,8.330726091902512565e+00,7.133397723066378093e-01,4.007395200667521890e-02,6.610272513792224691e-01,6.239553893223233338e-02,5.401768146152934378e+02,2.981106103736540831e+02,0.000000000000000000e+00,0.000000000000000000e+00,0.000000000000000000e+00,0.000000000000000000e+00,0.000000000000000000e+00,0.000000000000000000e+00,0.000000000000000000e+00,0.000000000000000000e+00,0.000000000000000000e+00,0.000000000000000000e+00,0.000000000000000000e+00,0.000000000000000000e+00,0.000000000000000000e+00,0.000000000000000000e+00,0.000000000000000000e+00,0.000000000000000000e+00,0.000000000000000000e+00,0.000000000000000000e+00,0.000000000000000000e+00,6.102383082275182613e-03,0.000000000000000000e+00,0.000000000000000000e+00,0.000000000000000000e+00,0.000000000000000000e+00,0.000000000000000000e+00,0.000000000000000000e+00,0.000000000000000000e+00,5.108294024973399419e-03,0.000000000000000000e+00,0.000000000000000000e+00,1.427437029473397137e-02,4.489700427451870889e-03,0.000000000000000000e+00,7.496121887015085201e-03,0.000000000000000000e+00,4.392077345490001498e-03,0.000000000000000000e+00,0.000000000000000000e+00,0.000000000000000000e+00,0.000000000000000000e+00,0.000000000000000000e+00,0.000000000000000000e+00,1.411980684672109743e-01
6.122079110397261603e-01,0.000000000000000000e+00,0.000000000000000000e+00,6.143232675082027638e-01,3.147033518484111028e+02,0.000000000000000000e+00,2.001622688312686904e+01,8.969594404834496117e+02,2.903075609624393705e-01,7.434970222581177950e+02,4.446511181369990906e-01,4.631911384599241615e+02,3.647754097201826029e-02,1.088648172632379207e+01,1.895625719006237944e+02,0.000000000000000000e+00,4.985629146743547624e-02,7.329269888304426606e-02,1.091482921291239416e-01,4.585433024416229131e+00,4.150623186912778123e-02,6.396604926974793978e-03,4.715762396277358576e-02,3.630778632747331813e-01,0.000000000000000000e+00,6.830901061064761914e-02,3.748148045060972072e-02,2.924392683934608606e+00,2.263348397485915875e+00,8.367275844602412027e-01,0.000000000000000000e+00,0.000000000000000000e+00,1.746616307353406408e-02,1.835468212307762359e+00,0.000000000000000000e+00,4.760147383837627366e+00,1.280716162587698104e-01,3.785805298347825421e+00,3.623057042432106800e-01,1.024391606318963284e+02,9.396736019445084409e+00,4.493460442694405255e-02,5.703241481925711009e-02,1.182297967194731285e-02,1.742457324974210769e-02,1.124071424571344499e-02,3.083920527378362572e-02,0.000000000000000000e+00,0.000000000000000000e+00,0.000000000000000000e+00,0.000000000000000000e+00,0.000000000000000000e+00,0.000000000000000000e+00,0.000000000000000000e+00,0.000000000000000000e+00,3.185246522897292737e-02,1.012287634358048638e-02,1.925994068772310039e-02,2.255053507562677570e-02,0.000000000000000000e+00,1.058855575212488548e-01,0.000000000000000000e+00,0.000000000000000000e+00,0.000000000000000000e+00,0.000000000000000000e+00,0.000000000000000000e+00,0.000000000000000000e+00,0.000000000000000000e+00,2.146344733151483997e-02,0.000000000000000000e+00,0.000000000000000000e+00,0.000000000000000000e+00,1.709515431673931107e-01,0.000000000000000000e+00,0.000000000000000000e+00,5.065579451011951485e-03,5.334879938679818606e-02,0.000000000000000000e+00,0.000000000000000000e+00,0.000000000000000000e+00,0.000000000000000000e+00,0.000000000000000000e+00,4.127419724690472788e-03,1.993864863210387528e-01
2.251556113805476400e+02,1.083224719129909606e-02,1.794516178055127753e-01,1.937943742916678147e+00,3.623715622425070781e-02,2.001622688312686904e+01,0.000000000000000000e+00,3.270490470604792677e+01,2.010026373118641629e+00,1.022142099488236568e+03,5.737903716311563290e-02,7.080629228958202903e-01,7.639178526570467032e-02,3.775483205279428489e+02,1.433540460472867151e-01,1.273148615934547312e-01,3.623965499585063421e-01,2.992281542718379719e-02,3.605251588934851176e-02,8.588006303044413148e-01,1.024568568400707669e+01,1.396415353155020800e-01,5.815294866248569505e+00,1.968086793135135082e+01,0.000000000000000000e+00,2.681110116474732033e-02,1.472588003562930459e-01,1.055124408861821621e+03,1.724908193345304852e+01,9.487132858516474698e+02,1.146293133737186914e-02,2.995549538798797373e-02,8.044218213321540079e-01,2.927496661389838994e+00,2.855690369336148504e-01,8.981758015776215132e+00,4.165489094187571628e-01,7.315224722437751126e+00,3.074399474345713035e+00,1.948657276770398905e+00,3.012740964576020031e-01,0.000000000000000000e+00,2.839219220991940351e-01,0.000000000000000000e+00,1.575597878964711818e-01,9.051756744237043906e-02,1.371465237258588099e-01,1.929310240776167112e-02,0.000000000000000000e+00,0.000000000000000000e+00,0.000000000000000000e+00,0.000000000000000000e+00,6.342481251520513952e-02,6.139402738486885759e-03,1.725509343532283246e-02,4.123307064126507937e-01,2.287515967820288529e-02,4.137145016026627098e-01,1.752462543849749310e-01,7.981548028888533694e-03,7.901609142170244737e-02,0.000000000000000000e+00,4.172906453025877066e-02,0.000000000000000000e+00,2.189398744966545435e-02,0.000000000000000000e+00,0.000000000000000000e+00,0.000000000000000000e+00,2.819729207413097516e-01,4.748469895885675668e-02,2.311172081566007994e-02,4.978157040854199605e-02,2.103660059399887761e+00,0.000000000000000000e+00,5.943046469679317580e-03,1.616657439376373989e-02,1.072949316402247888e+00,6.368192359425432769e-02,2.943289889995882522e-02,0.000000000000000000e+00,0.000000000000000000e+00,1.625514495794508352e-02,1.066290934866758883e-01,2.964359997071947320e-02
1.159586566950003395e+01,4.893184462138335487e-03,3.408709773599381820e-02,1.648467436121759666e-01,2.112559738568348777e+01,8.969594404834496117e+02,3.270490470604792677e+01,0.000000000000000000e+00,1.534490130643620213e-02,3.550593315205010185e+02,4.358060291324892810e-01,4.342454194756508734e+00,1.807276053792219450e-01,1.575138556265749003e+03,1.218824623565570642e+00,0.000000000000000000e+00,1.778348496421424951e-01,6.412173173906653145e-02,8.351699261956678499e-02,9.967404151732902617e-01,3.978369898210188382e-01,1.827549614680771400e-02,4.890547109923749636e-01,2.495452063989176683e-01,0.000000000000000000e+00,4.553384479948298369e-02,4.058788554417075423e-02,6.528698472798381003e-01,5.872989855470208909e+00,9.201578941104882503e+00,0.000000000000000000e+00,0.000000000000000000e+00,6.462115046014185737e-02,2.049396783209919803e+00,9.509152741700907518e-02,5.236160710627155268e+00,2.910013919462107190e-01,4.760617243291558331e+00,4.925020343066508488e-01,2.266636598048798490e+01,4.905009608077365080e+00,7.193748042838628287e-02,4.422564534455171448e-02,0.000000000000000000e+00,1.540918418978577328e-02,1.097174051907335440e-02,3.024716218240733681e-02,4.767814227519663259e-03,0.000000000000000000e+00,0.000000000000000000e+00,5.500720786129011455e-03,0.000000000000000000e+00,0.000000000000000000e+00,0.000000000000000000e+00,0.000000000000000000e+00,5.909993440354570186e-03,0.000000000000000000e+00,2.854277276355580983e-02,4.627340766055925911e-03,0.000000000000000000e+00,1.100709336592778538e-02,0.000000000000000000e+00,0.000000000000000000e+00,0.000000000000000000e+00,0.000000000000000000e+00,0.000000000000000000e+00,0.000000000000000000e+00,0.000000000000000000e+00,2.652957259585828065e-02,0.000000000000000000e+00,8.637682271129459854e-03,4.955931937304617826e-03,1.009389641586731640e-01,0.000000000000000000e+00,0.000000000000000000e+00,5.478740662101995798e-03,6.089959130793917014e-02,0.000000000000000000e+00,5.723596639797425174e-03,0.000000000000000000e+00,0.000000000000000000e+00,0.000000000000000000e+00,0.000000000000000000e+00,0.000000000000000000e+00
1.133665740814399914e-01,1.610756344865633682e+00,0.000000000000000000e+00,1.739913953261936319e+00,9.618847869384692523e-03,2.903075609624393705e-01,2.010026373118641629e+00,1.534490130643620213e-02,0.000000000000000000e+00,6.733507074195663744e-01,7.887264209330226497e-03,1.438427310248813455e+02,2.643642899253671047e-02,1.692324485046459992e-01,2.812431813313855145e+01,5.642393808245020903e-01,0.000000000000000000e+00,6.204482458344401374e-03,8.713464353952047117e-03,1.021362957176793262e+00,8.169740521674085931e-01,1.519618730705235521e+02,3.135369067202906090e-01,5.409724203057509158e+02,6.695055171372049641e-02,3.119779916892826202e-02,1.009550972237078792e+00,9.057587831615567353e+00,6.947389288152504561e-01,3.138203413561777011e-01,0.000000000000000000e+00,1.050495044347012942e-02,5.236300719054027414e-02,3.178772984294133130e-01,2.713338046289788183e-02,1.982847268753538339e+00,6.947880916993484646e-02,7.938116750369711427e-01,1.633254487307048697e-01,8.276839285105529598e+01,6.353934225068806618e-02,1.004658287258135101e-02,8.087859848689062936e-01,1.106781740262968716e-02,4.236711209601076722e-01,1.948687365151231532e-01,4.036993698404097164e-01,4.132946360983762168e-02,0.000000000000000000e+00,2.677584939810414774e-02,2.585928988754823341e-02,0.000000000000000000e+00,3.961929644915986870e-01,0.000000000000000000e+00,3.370993457981932145e-02,7.837395893453709128e-01,1.553261559531630455e-02,5.571749948409625830e+01,1.714082754578176437e-01,0.000000000000000000e+00,3.403251041289343526e-01,4.713209175770210341e-03,2.132231934665259482e-02,4.801109924562027564e-02,4.055284786455383150e-01,0.000000000000000000e+00,0.000000000000000000e+00,0.000000000000000000e+00,7.285882560962664289e-01,1.169029111080289729e-01,4.135466251090333500e+00,2.563850384771964031e-01,1.267650068657945539e+01,0.000000000000000000e+00,5.978897055154175876e-03,1.159634220872232252e-01,2.844693567877865537e+00,1.105637757169832397e-01,5.155353123529766296e-02,0.000000000000000000e+00,0.000000000000000000e+00,8.022574917334319988e-02,1.487020624052999562e-01,2.538333378722271508e-02
7.096085630410761125e-01,0.000000000000000000e+00,4.781257959066169058e-03,6.615760508179596400e+02,1.180553883265400006e-01,7.434970222581177950e+02,1.022142099488236568e+03,3.550593315205010185e+02,6.733507074195663744e-01,0.000000000000000000e+00,2.405703840092348056e-01,9.606996378516773802e+02,4.481704644031605372e-02,8.996211902932137150e+01,2.188476430340279832e-01,7.674254501493141430e-03,7.107556064446135524e-02,6.465743161308773468e-02,6.106352146909580642e-02,1.479683499595981175e+03,1.277912730161877286e-01,0.000000000000000000e+00,9.276960793758445845e-02,3.094022377716214578e+00,0.000000000000000000e+00,6.958973002617158121e-02,3.749208933498458796e-02,7.961918308971411307e+02,3.635866258078041202e+00,1.286555479626359189e+00,0.000000000000000000e+00,3.362860324732230843e-02,6.298220278296082220e-02,2.886614308269940032e+00,4.619533314850996248e+02,7.564330182826571658e+00,1.730240254522308341e-01,4.495203485025105472e+00,7.948013822342827606e-01,2.480351667069045085e+00,3.060726868098569420e-01,5.968960127674688421e-02,1.527420183993873082e-01,1.863740576098648488e-02,5.840462841708314590e-02,2.788493468238277539e-02,1.320000392935582190e-01,5.676087636035430720e-03,0.000000000000000000e+00,0.000000000000000000e+00,0.000000000000000000e+00,0.000000000000000000e+00,1.693816754343442643e-01,0.000000000000000000e+00,1.447595351861799898e-02,2.459634571391788316e-01,4.334402427730969787e-03,1.075333132184979335e-01,1.020795315108981582e-01,7.605139875112130673e-03,0.000000000000000000e+00,4.685323169407790665e-03,3.075064534039607250e-02,1.516324855756405465e-02,0.000000000000000000e+00,0.000000000000000000e+00,0.000000000000000000e+00,0.000000000000000000e+00,1.386464459829095941e-01,0.000000000000000000e+00,0.000000000000000000e+00,0.000000000000000000e+00,9.753090091259841721e-01,0.000000000000000000e+00,0.000000000000000000e+00,9.673126093809662068e-03,4.538951813962282533e-01,4.434664519889169529e-03,7.130768696778468259e-03,0.000000000000000000e+00,0.000000000000000000e+00,1.037962624571234400e-02,2.494698762750025695e-02,2.903570248531405634e-02
1.701471516815136059e-02,1.871331457157039135e-01,0.000000000000000000e+00,0.000000000000000000e+00,5.629082332286441080e-03,4.446511181369990906e-01,5.737903716311563290e-02,4.358060291324892810e-01,7.887264209330226497e-03,2.405703840092348056e-01,0.000000000000000000e+00,1.117459626620895680e-01,5.296327137882832403e+02,2.153582530215027546e+00,7.750222770418454914e-03,0.000000000000000000e+00,1.427831636259966563e+00,3.561136181776985268e+02,1.044451678003942448e+02,2.103244866684912326e-02,5.390869724404782209e-03,0.000000000000000000e+00,0.000000000000000000e+00,0.000000000000000000e+00,1.240589468551744678e+00,2.352904359727809833e+02,1.404425517633958842e+00,5.982818749695318836e-03,7.315029742632763288e+00,4.086758356487064231e-02,9.293195773380306335e+00,9.960584848080353826e-01,0.000000000000000000e+00,3.457633354208141441e+02,0.000000000000000000e+00,7.940843109622508500e-01,4.039196191383889101e+01,4.729863882169500755e+01,7.159914900156059137e-01,2.150491805808134871e-01,2.628750423490205240e-02,8.954279758523713895e+01,0.000000000000000000e+00,1.521315412678870826e+00,2.378474400200625283e-02,7.776959239316174471e-03,0.000000000000000000e+00,0.000000000000000000e+00,9.969248845184071062e-01,0.000000000000000000e+00,4.241162655242958213e-02,0.000000000000000000e+00,0.000000000000000000e+00,0.000000000000000000e+00,0.000000000000000000e+00,0.000000000000000000e+00,0.000000000000000000e+00,6.531592452390913052e-03,0.000000000000000000e+00,3.463206162610914518e-01,0.000000000000000000e+00,5.464015883996317768e+00,0.000000000000000000e+00,0.000000000000000000e+00,0.000000000000000000e+00,0.000000000000000000e+00,6.578710939656666479e-02,1.552572345219681987e-02,0.000000000000000000e+00,0.000000000000000000e+00,0.000000000000000000e+00,0.000000000000000000e+00,1.020637597147242004e-02,4.742313478464559862e-01,4.021593676272470219e-01,2.130847822359512589e-01,4.739925037495355646e-03,9.729942719891341088e-03,0.000000000000000000e+00,3.173996823315046178e-01,0.000000000000000000e+00,0.000000000000000000e+00,1.108656208561889164e-02,0.000000000000000000e+00
1.382825630078820811e-01,0.000000000000000000e+00,0.000000000000000000e+00,3.151552453752880112e+01,2.212365904264559924e-01,4.631911384599241615e+02,7.080629228958202903e-01,4.342454194756508734e+00,1.438427310248813455e+02,9.606996378516773802e+02,1.117459626620895680e-01,0.000000000000000000e+00,7.312134510427510670e-03,4.375893255922001401e+00,1.955142129956196300e+02,0.000000000000000000e+00,1.268111025697698548e-02,3.861926426714801242e-02,1.273441712998287824e-02,1.812463597252721229e+03,2.528569711804096176e-02,5.143518285292462966e-02,4.186562320598411630e-02,4.946809928587525462e+01,0.000000000000000000e+00,3.913580082877535227e-02,1.941958160900194089e-02,6.973459356542019982e+00,1.658192746205073620e+00,2.224790713187284608e-01,0.000000000000000000e+00,8.333449674393822448e-02,0.000000000000000000e+00,1.927980145605361795e+00,0.000000000000000000e+00,1.162270660831328861e+01,1.248605789259965432e-01,1.985401724193465611e+00,2.677472978141161586e-01,1.199102446754967275e+02,1.192036707460266409e-01,9.855912769397042264e-03,7.552296927914717850e-01,0.000000000000000000e+00,2.295165183006001378e-02,1.674420078210802146e-02,7.448021515691028993e-01,0.000000000000000000e+00,0.000000000000000000e+00,6.362430592945990566e-03,0.000000000000000000e+00,0.000000000000000000e+00,2.585415365082191030e+01,0.000000000000000000e+00,4.330167369887981399e-02,5.453958477694179768e-02,1.140314036145063069e-02,1.886466787832736802e-01,5.593157948666904744e-02,0.000000000000000000e+00,9.482229060235376039e+01,0.000000000000000000e+00,8.510410078374181647e-03,0.000000000000000000e+00,0.000000000000000000e+00,0.000000000000000000e+00,0.000000000000000000e+00,0.000000000000000000e+00,0.000000000000000000e+00,0.000000000000000000e+00,0.000000000000000000e+00,5.911089407933176401e-03,7.307988101457661978e-01,0.000000000000000000e+00,1.071453635159786213e-02,9.947097608399664212e-03,1.906203525257214593e-01,0.000000000000000000e+00,6.284623156596207821e-03,0.000000000000000000e+00,0.000000000000000000e+00,0.000000000000000000e+00,1.425460210152934733e-02,0.000000000000000000e+00
0.000000000000000000e+00,5.444543501896717430e+00,0.000000000000000000e+00,6.960368087239107195e-03,0.000000000000000000e+00,3.647754097201826029e-02,7.639178526570467032e-02,1.807276053792219450e-01,2.643642899253671047e-02,4.481704644031605372e-02,5.296327137882832403e+02,7.312134510427510670e-03,0.000000000000000000e+00,2.243978365528977448e-01,0.000000000000000000e+00,2.628269997633850275e-02,1.289445312838939130e-02,3.563604517805320504e-01,3.870265933143975101e-02,1.180830211783130863e-02,0.000000000000000000e+00,2.985412463603074329e-01,3.737481609430205742e-02,1.610151502048068686e-02,4.536169103241844596e+02,1.141320662099323755e+02,4.177162175704251581e+02,2.469751072369764933e-02,5.189149752398997117e-01,0.000000000000000000e+00,1.694996231770727491e+03,2.029073680501944088e-01,0.000000000000000000e+00,1.665077716459887114e+01,5.333586123092292491e-02,4.730524687283441665e+00,3.947741149690937590e+01,1.523163568554085714e+02,2.759154547429247373e+00,6.543098433509960676e-01,6.854115794927260197e+01,6.351263932131104184e+02,2.478427744606593208e+00,6.665241475690026896e+00,2.217738998677146522e+00,1.761002064346062906e-02,2.119879568029576014e-02,9.760160759093168895e-03,6.212971257756668919e+00,0.000000000000000000e+00,1.229897310537031996e-01,0.000000000000000000e+00,0.000000000000000000e+00,0.000000000000000000e+00,0.000000000000000000e+00,0.000000000000000000e+00,7.912439660041332631e-03,0.000000000000000000e+00,0.000000000000000000e+00,1.270895950686466769e+01,0.000000000000000000e+00,6.477299168913142502e+00,7.513389702863641079e-03,0.000000000000000000e+00,1.268497183305643261e-02,0.000000000000000000e+00,7.911345619604646939e-02,4.335435429537742857e-02,0.000000000000000000e+00,1.062374287222329558e-02,0.000000000000000000e+00,2.126552351822797240e-02,7.020265854434247672e-03,4.399497626760480173e+00,1.115209791927881833e+00,6.569217175126784714e-01,1.038369574706726750e-02,0.000000000000000000e+00,0.000000000000000000e+00,3.147302042738436612e+00,0.000000000000000000e+00,0.000000000000000000e+00,4.150521084825803952e-01,1.280615014109925433e-02
1.202572612790111862e+03,0.000000000000000000e+00,1.047136331815869958e-01,1.943253041821102478e-01,1.091909242803556640e-01,1.088648172632379207e+01,3.775483205279428489e+02,1.575138556265749003e+03,1.692324485046459992e-01,8.996211902932137150e+01,2.153582530215027546e+00,4.375893255922001401e+00,2.243978365528977448e-01,0.000000000000000000e+00,3.062376422280942492e-02,7.198426398682281589e-03,4.598665317197323521e-01,2.449593906806607491e-01,2.332743348407443074e-01,1.302399608344318116e+00,1.106968665553074382e+00,0.000000000000000000e+00,1.993416910065077596e+00,7.489131447983836676e-01,0.000000000000000000e+00,2.623300080367189091e-01,1.539464125025553354e-01,1.456176181035801598e+00,4.362095769265537228e+02,2.543747313850478520e+01,1.836822973964689215e-02,1.288325461606353599e+02,3.731194042878575035e-01,5.526637054484953460e+00,8.257633805076089462e-02,4.192098331392195121e+00,6.576261980176116850e-01,7.872968954075710180e+00,7.737494654360873581e-01,4.751369292784312748e+00,1.067244191923008900e+00,2.863582839608646013e-01,5.264166260679331577e-02,4.551800835376582956e-03,4.413427915547338265e-02,5.758132430719830469e-03,3.199507138421860825e-02,1.085492200302263545e-02,0.000000000000000000e+00,0.000000000000000000e+00,0.000000000000000000e+00,0.000000000000000000e+00,0.000000000000000000e+00,0.000000000000000000e+00,0.000000000000000000e+00,1.419907477220295339e-02,9.448445753668930844e-03,4.146385057171283334e-02,0.000000000000000000e+00,0.000000000000000000e+00,5.190265654231180845e-03,0.000000000000000000e+00,4.500542206283411964e-03,0.000000000000000000e+00,1.920454670143748391e-02,0.000000000000000000e+00,0.000000000000000000e+00,0.000000000000000000e+00,5.813788443959961964e-03,2.847984994122815250e-02,5.676178093205691902e-03,1.680076969346508062e-02,1.952622765690855966e-01,0.000000000000000000e+00,1.065986415000551128e-02,2.104416361101868818e-02,1.199681996220610947e-01,4.823535698182799224e-03,6.468384851132692737e-03,0.000000000000000000e+00,0.000000000000000000e+00,0.000000000000000000e+00,6.184127450246771490e-03,8.284531485511330284e-03
0.000000000000000000e+00,0.000000000000000000e+00,0.000000000000000000e+00,5.539702523950675028e-02,8.232952988966188457e+01,1.895625719006237944e+02,1.433540460472867151e-01,1.218824623565570642e+00,2.812431813313855145e+01,2.188476430340279832e-01,7.750222770418454914e-03,1.955142129956196300e+02,0.000000000000000000e+00,3.062376422280942492e-02,0.000000000000000000e+00,9.838166986881970860e-03,0.000000000000000000e+00,0.000000000000000000e+00,0.000000000000000000e+00,1.335435871518729500e-01,1.222626462299847803e-02,4.560472836377870570e-02,0.000000000000000000e+00,1.834116639015083594e+00,0.000000000000000000e+00,7.597565523727841177e-03,7.072638291792090505e-03,3.409678388596614207e-01,6.827352602248423774e-02,2.318986221996151981e-02,0.000000000000000000e+00,1.686433576008253166e+00,0.000000000000000000e+00,1.197176325480121470e-02,1.093118481538164133e+01,1.483236921407524056e+00,0.000000000000000000e+00,3.606296243484976433e-02,2.705133866172112350e-02,4.847848701803345648e+02,1.307038412202726541e+00,0.000000000000000000e+00,7.963230842361233852e-02,0.000000000000000000e+00,0.000000000000000000e+00,0.000000000000000000e+00,1.204374203863383258e-01,0.000000000000000000e+00,0.000000000000000000e+00,0.000000000000000000e+00,0.000000000000000000e+00,0.000000000000000000e+00,1.388175361248273655e-02,0.000000000000000000e+00,0.000000000000000000e+00,8.265200750446325198e-03,0.000000000000000000e+00,4.342506989231571107e-02,5.057189703877837221e-03,0.000000000000000000e+00,3.797266780904079431e-02,0.000000000000000000e+00,0.000000000000000000e+00,1.351415861546686158e-02,0.000000000000000000e+00,0.000000000000000000e+00,0.000000000000000000e+00,0.000000000000000000e+00,0.000000000000000000e+00,0.000000000000000000e+00,0.000000000000000000e+00,0.000000000000000000e+00,6.814899035812771455e-02,0.000000000000000000e+00,0.000000000000000000e+00,0.000000000000000000e+00,1.621191157190865831e-02,0.000000000000000000e+00,0.000000000000000000e+00,0.000000000000000000e+00,0.000000000000000000e+00,0.000000000000000000e+00,0.000000000000000000e+00,1.167380708239344755e-02
0.000000000000000000e+00,1.177496048745384050e+00,7.423558932178092595e-02,0.000000000000000000e+00,9.552102363276648161e-03,0.000000000000000000e+00,1.273148615934547312e-01,0.000000000000000000e+00,5.642393808245020903e-01,7.674254501493141430e-03,0.000000000000000000e+00,0.000000000000000000e+00,2.628269997633850275e-02,7.198426398682281589e-03,9.838166986881970860e-03,0.000000000000000000e+00,3.103729327927865628e-02,0.000000000000000000e+00,0.000000000000000000e+00,0.000000000000000000e+00,4.132767005708475949e+02,1.535806943931912656e+02,6.416253228036857763e+02,1.681615126323710001e+02,2.166352669874881121e-02,7.513375059529420544e-03,1.472662132152547372e+02,1.781012015934267652e+02,5.021142337463731925e-02,0.000000000000000000e+00,0.000000000000000000e+00,0.000000000000000000e+00,3.181545070836662437e-02,2.119452209224498562e-01,1.739620036415624460e-01,6.527272197144222687e+00,5.426812394722300148e+00,7.958297854835466589e-01,8.381191541521564314e-01,1.402020906061037797e-01,0.000000000000000000e+00,0.000000000000000000e+00,8.211551690580074503e-01,1.051789576517700164e-01,2.260205739764474808e-01,2.495476609117576183e-01,5.580156257929470148e-02,7.111141975442601335e-03,5.366208786102424390e-03,0.000000000000000000e+00,9.002152667778519357e-03,0.000000000000000000e+00,0.000000000000000000e+00,0.000000000000000000e+00,0.000000000000000000e+00,2.224351364729981045e-02,0.000000000000000000e+00,1.827812944290875541e-01,4.705226559286565698e-03,0.000000000000000000e+00,7.145755931699237021e-03,0.000000000000000000e+00,0.000000000000000000e+00,2.138814199436852095e-02,8.878382598471926457e+00,1.661576499807565152e-02,0.000000000000000000e+00,0.000000000000000000e+00,5.855020521964858331e-03,6.346415819035112760e-01,1.541065773792549942e+00,3.232441084923300512e+00,5.779677124504238872e-01,0.000000000000000000e+00,7.206199160977446588e-03,6.358237885829535196e-01,4.357485403925269729e-01,1.509980064811682759e-02,6.831647364573399835e-03,0.000000000000000000e+00,0.000000000000000000e+00,6.072965471777472604e-03,5.969278654172496291e-03,7.336834716831726333e-02
3.619805003899520535e-01,1.498869292353504967e+00,1.600564813153814896e+02,0.000000000000000000e+00,5.989438606197976939e-03,4.985629146743547624e-02,3.623965499585063421e-01,1.778348496421424951e-01,0.000000000000000000e+00,7.107556064446135524e-02,1.427831636259966563e+00,1.268111025697698548e-02,1.289445312838939130e-02,4.598665317197323521e-01,0.000000000000000000e+00,3.103729327927865628e-02,0.000000000000000000e+00,1.044658355281339546e+00,3.929646020706091463e+02,1.557343391176068022e-02,6.066829868934047632e+00,4.537257116400227747e-02,4.120946543542647191e+02,4.371565803405158546e-02,1.703486253887403767e-01,1.790996467986135201e+02,4.063816549725084570e+01,2.548045859557219184e-01,9.823908537116811113e-01,7.111094326069014038e+00,8.733610487582161436e-03,7.506211843862178532e-03,2.748950141789794910e-01,1.213988250771501214e+02,1.569202031804017294e-01,4.947439209857662057e+00,7.659167245187336270e+00,2.889463297953472321e+01,5.526055346538306878e+00,8.832667299580511389e-02,1.954996683924578593e-02,1.219269881786486445e-02,4.345240741193934220e-01,7.225101039930046376e-01,4.003634695518297204e-01,2.436948808407790878e-01,1.377597683712097378e-02,0.000000000000000000e+00,0.000000000000000000e+00,0.000000000000000000e+00,6.063620250504510034e-01,2.990737671864935887e-01,0.000000000000000000e+00,0.000000000000000000e+00,0.000000000000000000e+00,6.482730145773389803e-03,0.000000000000000000e+00,9.537258992696872467e-03,0.000000000000000000e+00,0.000000000000000000e+00,0.000000000000000000e+00,7.895790885395190944e-03,0.000000000000000000e+00,0.000000000000000000e+00,1.453466065018299558e-02,2.671126085856906363e-01,3.499571337754612405e-02,2.287802616980636750e-01,0.000000000000000000e+00,0.000000000000000000e+00,4.240065281063677693e-02,4.835480939037212211e-02,6.853310338380104796e-03,2.085701590963458599e-02,1.674080259765942547e+00,4.712251119696333035e+00,5.841370461664892322e-03,5.757300309678027930e-03,0.000000000000000000e+00,1.053975897956554476e-02,0.000000000000000000e+00,0.000000000000000000e+00,7.593930836155869668e-02,4.331721049493121589e-02
0.000000000000000000e+00,3.211621437608624952e-01,2.943422123453420108e-02,0.000000000000000000e+00,0.000000000000000000e+00,7.329269888304426606e-02,2.992281542718379719e-02,6.412173173906653145e-02,6.204482458344401374e-03,6.465743161308773468e-02,3.561136181776985268e+02,3.861926426714801242e-02,3.563604517805320504e-01,2.449593906806607491e-01,0.000000000000000000e+00,0.000000000000000000e+00,1.044658355281339546e+00,0.000000000000000000e+00,2.135205822165330858e+02,1.181273988206546499e-02,0.000000000000000000e+00,4.112365415192597955e-03,1.157665557581633031e-02,5.463839414344712903e-03,6.729490894137841739e-01,4.358094523701095682e+02,3.847525670804005760e+00,0.000000000000000000e+00,7.436482240840892599e-01,1.959989658800221496e-02,5.507994553740368504e-01,9.685901297681608069e-02,0.000000000000000000e+00,3.342299274707512424e+00,2.657843216054775123e-02,8.033864479742249820e-01,1.181872372798751947e+01,9.440369308545838223e+00,8.265069717923788639e-01,9.557171807174405509e-02,5.826418151298217753e-03,2.258449018524664731e-01,1.371838778591247948e-02,1.528484239201060024e-01,5.198070896184589507e-02,1.399579737401545135e-02,0.000000000000000000e+00,0.000000000000000000e+00,2.347802765903033231e-02,0.000000000000000000e+00,8.028248774085637585e-02,0.000000000000000000e+00,0.000000000000000000e+00,0.000000000000000000e+00,0.000000000000000000e+00,4.409857851795778542e-03,0.000000000000000000e+00,0.000000000000000000e+00,0.000000000000000000e+00,1.267510209456662040e-01,0.000000000000000000e+00,6.384733232353455579e-01,0.000000000000000000e+00,0.000000000000000000e+00,0.000000000000000000e+00,0.000000000000000000e+00,1.337861419877227342e-01,7.318477656199352810e-02,0.000000000000000000e+00,0.000000000000000000e+00,0.000000000000000000e+00,0.000000000000000000e+00,4.391131811276209780e-03,6.525722714314433626e-01,1.048558925647749218e+00,1.040422180716913392e+00,0.000000000000000000e+00,0.000000000000000000e+00,0.000000000000000000e+00,3.051191739513154921e-01,0.000000000000000000e+00,0.000000000000000000e+00,2.468934828360862602e-02,0.000000000000000000e+00
7.840581698039382486e-03,4.501239083743400204e-01,2.705273081509285693e-01,0.000000000000000000e+00,0.000000000000000000e+00,1.091482921291239416e-01,3.605251588934851176e-02,8.351699261956678499e-02,8.713464353952047117e-03,6.106352146909580642e-02,1.044451678003942448e+02,1.273441712998287824e-02,3.870265933143975101e-02,2.332743348407443074e-01,0.000000000000000000e+00,0.000000000000000000e+00,3.929646020706091463e+02,2.135205822165330858e+02,0.000000000000000000e+00,1.130488531003586566e-02,2.887437124429377902e-02,3.792087104419004234e-02,1.272129027405138058e-01,8.105925708008445210e-03,5.295730877811050119e-01,3.819866375866176327e+02,4.921363803525572678e+00,5.598817427515279110e-03,4.888447999499067609e-01,4.143950580236178960e-02,6.648721934979365429e-03,2.360420775906030971e-02,0.000000000000000000e+00,3.980093773163500259e+01,4.330939561051289771e-02,2.751717745860460695e+00,1.396169621297416441e+01,2.163871366665371454e+01,2.663687402974348473e+00,3.787541030978106710e-02,1.074336086904242177e-02,0.000000000000000000e+00,5.683753675107380832e-02,2.698531840327571540e-01,6.580086596385957554e-02,5.799384876979370163e-02,0.000000000000000000e+00,0.000000000000000000e+00,1.071790817623187453e-02,0.000000000000000000e+00,8.438630065408685155e-02,2.588183907337833836e-02,0.000000000000000000e+00,0.000000000000000000e+00,0.000000000000000000e+00,4.761498933465216007e-03,0.000000000000000000e+00,0.000000000000000000e+00,0.000000000000000000e+00,2.136138405705929888e-02,0.000000000000000000e+00,2.710933596545598290e-01,0.000000000000000000e+00,0.000000000000000000e+00,4.655711035610832736e-03,0.000000000000000000e+00,6.301724879322129214e-02,1.978129966696217656e-01,0.000000000000000000e+00,0.000000000000000000e+00,0.000000000000000000e+00,4.510333933738501500e-03,0.000000000000000000e+00,2.118716421537193140e-01,1.239869239570264181e+00,1.354240437394796936e+00,0.000000000000000000e+00,0.000000000000000000e+00,0.000000000000000000e+00,1.870482247618344140e-01,0.000000000000000000e+00,0.000000000000000000e+00,1.923067964787427905e-02,2.898436017440644830e-02
