0.000000000000000000e+00,1.904966761329778685e-02,9.614086890596338850e-03,6.135718026981299561e-02,0.000000000000000000e+00,1.123257021656398624e-01,9.326012564952974060e+01,4.968878534141010306e+01,1.751192342966984006e-01,1.140646662696025615e+01,1.259167903207615742e-02,1.334057954600950668e-01,0.000000000000000000e+00,7.220394169326190195e+02,8.534697440248423597e-03,1.415287681149091960e-02,1.326115901717377921e-01,0.000000000000000000e+00,0.000000000000000000e+00,0.000000000000000000e+00,6.313089238322852070e-01,1.102953153673927739e-01,5.363092543330907347e-01,5.300803599070484928e-01,0.000000000000000000e+00,1.146852045481391337e-02,6.347265113498735956e-02,1.201876368330137224e+00,1.395568488641951035e+03,1.177856529633997837e+02,0.000000000000000000e+00,9.620310693054013457e-03,2.100220126568791201e+00,4.916030430077467095e-01,0.000000000000000000e+00,5.239300102668738995e-02,1.995614192015441810e-02,1.577374473372520347e-01,1.766412106132970311e-02,9.172708114143219085e-03,1.347701744489848176e-02,0.000000000000000000e+00,9.524728496917883591e-02,5.044638228329458365e-03,5.495541000924908381e-02,1.355054398809364853e-02,1.418170679706381131e-02,7.149717724920020591e-03,0.000000000000000000e+00,1.485352777517449062e-02,0.000000000000000000e+00,1.712908970869361086e-02,0.000000000000000000e+00,0.000000000000000000e+00,0.000000000000000000e+00,7.332599208156261733e-03,0.000000000000000000e+00,4.948012572192050235e-02,0.000000000000000000e+00,0.000000000000000000e+00,0.000000000000000000e+00,0.000000000000000000e+00,0.000000000000000000e+00,0.000000000000000000e+00,7.421035991843382904e-03,0.000000000000000000e+00,0.000000000000000000e+00,0.000000000000000000e+00,0.000000000000000000e+00,0.000000000000000000e+00,0.000000000000000000e+00,0.000000000000000000e+00,8.632086932593872886e-02,0.000000000000000000e+00,6.408938717066125536e-03,1.657308089888530692e-02,4.989331732714528955e-02,6.136096324428115187e-03,0.000000000000000000e+00,0.000000000000000000e+00,0.000000000000000000e+00,0.000000000000000000e+00,1.545322338097032157e-02,0.000000000000000000e+00
1.904966761329778685e-02,0.000000000000000000e+00,1.684210851347109239e+00,0.000000000000000000e+00,0.000000000000000000e+00,0.000000000000000000e+00,8.837219776353721218e-03,3.039209555556150744e-02,1.998119925859275503e-01,0.000000000000000000e+00,1.236637799330749382e-01,3.417595438756086679e-02,4.642090322130075108e+00,0.000000000000000000e+00,0.000000000000000000e+00,2.394477698776173114e+00,1.376716902581996527e+00,0.000000000000000000e+00,3.864873470781149400e-02,0.000000000000000000e+00,2.187429880296364315e-01,3.889367373434821218e+01,2.161659295763597388e+00,1.669261886798333094e+00,1.095268903638817051e+02,6.303041653020794444e-01,1.478143737005737250e+02,2.788445734711779700e-01,3.761306462273996537e-02,6.411642495035133060e-02,3.488527800586582739e-02,0.000000000000000000e+00,0.000000000000000000e+00,6.302335787692463498e-01,2.724334575273117121e-02,1.443364960828790400e+00,1.416624420539623452e+00,2.055923339270728345e+00,1.014964838443450867e+00,9.477855039821957150e-02,1.352890126395807878e-02,1.111872664921816689e+00,3.963657276869215346e-02,3.463162400702213262e-02,5.199241953513192294e-02,6.199000465149978600e-02,0.000000000000000000e+00,0.000000000000000000e+00,0.000000000000000000e+00,0.000000000000000000e+00,1.913415019261438255e-01,1.191059644888809166e-01,0.000000000000000000e+00,0.000000000000000000e+00,0.000000000000000000e+00,0.000000000000000000e+00,0.000000000000000000e+00,0.000000000000000000e+00,0.000000000000000000e+00,0.000000000000000000e+00,0.000000000000000000e+00,1.482138373315839974e-01,0.000000000000000000e+00,0.000000000000000000e+00,1.310102679617364263e-02,4.468361573554670979e-02,2.039870637415219790e-02,3.695963884044321801e-02,0.000000000000000000e+00,0.000000000000000000e+00,0.000000000000000000e+00,4.682201369095227717e-02,0.000000000000000000e+00,5.841998930248525068e-02,6.701259204192707708e-01,1.121015054801837829e+00,0.000000000000000000e+00,0.000000000000000000e+00,0.000000000000000000e+00,1.407757120653802853e-02,6.201127303931785843e-03,0.000000000000000000e+00,1.535060899511231369e-02,3.103787703649009411e-02
9.614086890596338850e-03,1.684210851347109239e+00,0.000000000000000000e+00,2.052510632643824579e-02,0.000000000000000000e+00,1.093004520621177755e-01,1.003288585150379886e+00,5.345435627490952024e-01,0.000000000000000000e+00,1.077825988222464448e-01,0.000000000000000000e+00,8.989959478926386888e-03,9.797658674125736891e-03,6.084928810493569346e-02,0.000000000000000000e+00,2.304806174642885230e-01,2.338428832618091135e+01,0.000000000000000000e+00,6.531107478136623234e-02,1.041686700835355375e-02,9.705359565930047339e+00,7.268721722957875997e-01,4.059712430554590696e+02,9.515565275959929348e-02,1.249640925587768882e-02,2.088641952732057803e+02,1.688534885390842533e+02,1.096162043977256806e+00,2.129707277807395271e-01,2.957952322750743157e+00,0.000000000000000000e+00,0.000000000000000000e+00,0.000000000000000000e+00,7.721132040620372061e-01,3.007239197850514190e-02,6.412159000354559213e-01,1.331401770577821830e+00,3.264774958999571819e+00,1.634921150082735863e+00,4.890826109568020136e-02,3.641865560798079882e-02,0.000000000000000000e+00,6.975786574269006446e-02,1.480756874974463178e-01,1.253008497195340631e-01,9.192789391793725062e-02,5.434003015168544122e-03,0.000000000000000000e+00,0.000000000000000000e+00,0.000000000000000000e+00,0.000000000000000000e+00,1.810866997967703895e-01,0.000000000000000000e+00,0.000000000000000000e+00,0.000000000000000000e+00,0.000000000000000000e+00,0.000000000000000000e+00,0.000000000000000000e+00,5.228490357976392153e-03,0.000000000000000000e+00,0.000000000000000000e+00,0.000000000000000000e+00,0.000000000000000000e+00,0.000000000000000000e+00,1.932548780925634133e-02,1.258057710650818395e-01,0.000000000000000000e+00,2.209648774172481844e-02,0.000000000000000000e+00,0.000000000000000000e+00,1.797131899680794176e-02,4.311379829694709370e-02,7.575254937797972973e-03,0.000000000000000000e+00,1.852546552222302800e-01,8.557161483720547857e-01,0.000000000000000000e+00,0.000000000000000000e+00,7.579866996096024448e-03,0.000000000000000000e+00,0.000000000000000000e+00,0.000000000000000000e+00,6.811598134418682220e-03,3.368380343482147571e-02
6.135718026981299561e-02,0.000000000000000000e+00,2.052510632643824579e-02,0.000000000000000000e+00,0.000000000000000000e+00,2.587289984339653515e-01,7.217563376425427890e+00,6.609146373338268265e-01,7.511002331260943521e+00,1.374712929813066467e+03,0.000000000000000000e+00,8.061684912789726241e+02,6.218398473941858830e-03,3.581078990604770196e-01,7.552929801864300963e-01,0.000000000000000000e+00,8.483132628683798596e-03,0.000000000000000000e+00,0.000000000000000000e+00,1.169617048129733348e+03,5.231497934573706848e-02,2.754793124301718188e-01,6.623460681189512200e-02,1.047827932343808470e+03,0.000000000000000000e+00,1.811318362854707001e-02,1.947832486138698083e-02,1.273754017219019261e+03,9.437055420413784645e-01,3.115000009973449835e-01,0.000000000000000000e+00,6.851631585544872526e-03,6.527105044660613808e-02,1.576903211294009566e-01,5.672229763799803148e-01,7.431527850421463244e-01,7.334414425303373286e-03,6.445050647408622213e-01,7.905527429969928799e-02,4.754980649185331920e-01,9.679676061145922605e-02,0.000000000000000000e+00,1.754022381146077558e-01,0.000000000000000000e+00,1.067835276556450552e-01,3.284088932758478380e-02,2.278002394424494537e-01,6.692756461625770821e-03,0.000000000000000000e+00,1.690063770663380663e-02,0.000000000000000000e+00,0.000000000000000000e+00,0.000000000000000000e+00,0.000000000000000000e+00,2.051067556696860653e-02,1.100703685247345354e-01,6.242538667952971312e-03,2.864294876613877605e-01,1.571609776216708887e-01,0.000000000000000000e+00,2.132276553839280098e+01,0.000000000000000000e+00,2.891542250774120290e-02,1.751652372537644553e-02,7.007171401981715682e-03,0.000000000000000000e+00,0.000000000000000000e+00,0.000000000000000000e+00,1.641592410600301832e+01,0.000000000000000000e+00,0.000000000000000000e+00,1.408448963738768642e-02,4.744042686285554478e-01,0.000000000000000000e+00,4.729494165097709694e-03,0.000000000000000000e+00,2.264790069267671457e-01,7.815456281743939082e-02,2.272294304767297907e-02,9.948461123985142054e-03,0.000000000000000000e+00,0.000000000000000000e+00,8.666954723795661231e-02,2.093146833306030324e-02
0.000000000000000000e+00,0.000000000000000000e+00,0.000000000000000000e+00,0.000000000000000000e+00,0.000000000000000000e+00,1.962269893496276154e+02,1.032621258075428795e-02,5.731268506055265277e+00,3.158759769433651665e-01,1.134298082098839089e-02,6.676594538405748125e+00,1.250757801467655028e+00,1.273075290954018765e-02,0.000000000000000000e+00,1.588614454458199816e+02,0.000000000000000000e+00,0.000000000000000000e+00,0.000000000000000000e+00,0.000000000000000000e+00,3.638599827768845135e-02,0.000000000000000000e+00,0.000000000000000000e+00,0.000000000000000000e+00,6.662302663237598677e-02,0.000000000000000000e+00,0.000000000000000000e+00,0.000000000000000000e+00,1.752204124722091250e-02,8.852664383708748475e-03,0.000000000000000000e+00,0.000000000000000000e+00,2.424863936891119351e+02,0.000000000000000000e+00,2.008270587905056637e-01,5.227748680916677770e+00,1.507200469362685313e-01,0.000000000000000000e+00,6.673260475382523926e-02,2.750558649516665968e-02,1.412972775896673454e+02,6.430232387354780599e+01,3.923027584087003528e-02,6.194456558745727731e-03,0.000000000000000000e+00,0.000000000000000000e+00,6.509342977098704457e-03,0.000000000000000000e+00,0.000000000000000000e+00,1.846455878731665876e-02,0.000000000000000000e+00,0.000000000000000000e+00,0.000000000000000000e+00,0.000000000000000000e+00,0.000000000000000000e+00,0.000000000000000000e+00,0.000000000000000000e+00,0.000000000000000000e+00,0.000000000000000000e+00,0.000000000000000000e+00,0.000000000000000000e+00,0.000000000000000000e+00,0.000000000000000000e+00,0.000000000000000000e+00,0.000000000000000000e+00,0.000000000000000000e+00,0.000000000000000000e+00,0.000000000000000000e+00,0.000000000000000000e+00,0.000000000000000000e+00,0.000000000000000000e+00,0.000000000000000000e+00,0.000000000000000000e+00,0.000000000000000000e+00,0.000000000000000000e+00,0.000000000000000000e+00,0.000000000000000000e+00,0.000000000000000000e+00,0.000000000000000000e+00,0.000000000000000000e+00,0.000000000000000000e+00,0.000000000000000000e+00,0.000000000000000000e+00,0.000000000000000000e+00,0.000000000000000000e+00
1.123257021656398624e-01,0.000000000000000000e+00,1.093004520621177755e-01,2.587289984339653515e-01,1.962269893496276154e+02,0.000000000000000000e+00,1.868772654469054828e+01,2.066487579168379398e+03,5.595778544908592833e-01,2.516672348088912713e+03,2.055231767161700140e-01,4.997321451966698760e+02,1.849577776584718225e-01,7.025114939664141467e+00,2.418075066175364327e+02,6.900394506807529769e-03,4.689496115143515498e-02,3.196283082123234365e-02,1.078114172086835354e-01,1.497739919477584669e+00,8.529481643300172722e-02,7.803256397387879281e-03,2.373388884062300475e-01,2.563560062972495834e-01,0.000000000000000000e+00,2.187787825280174125e-01,1.276376559548822731e-01,5.652008216969978127e-01,3.129616483275173167e+00,1.277965874326527196e+00,8.590953124406013400e-03,3.170770626833027563e+02,2.479436943538575536e-02,1.417430966210983856e+00,4.735905227031177674e+03,2.150283961386598719e+00,1.075419694380729541e-01,2.365393238622977456e+00,5.196697248796924296e-01,2.182554682886934216e+01,7.940699520406738543e+00,1.108089639514168723e-01,3.716775154465139230e-02,0.000000000000000000e+00,5.167815210232677703e-03,0.000000000000000000e+00,7.190965708532152945e-02,1.077633924618408463e-02,0.000000000000000000e+00,4.226497059038815569e-03,6.879947560555945384e-03,0.000000000000000000e+00,6.286403341033065806e-03,0.000000000000000000e+00,0.000000000000000000e+00,2.625898578844484965e-02,1.616801773859259314e-02,5.449578048524860580e-02,5.657659785551767510e-03,0.000000000000000000e+00,1.643793234232979183e-02,0.000000000000000000e+00,7.362087518477958281e-03,8.461715051848924321e-03,0.000000000000000000e+00,0.000000000000000000e+00,0.000000000000000000e+00,4.771741527657730360e-03,2.048343382008623037e-02,0.000000000000000000e+00,7.173358835301163645e-03,7.127422359481753837e-03,8.266027097352357522e-02,0.000000000000000000e+00,9.911037189678950643e-03,1.192859678404222835e-02,4.296356531617499808e-02,6.893177210274298305e-03,0.000000000000000000e+00,0.000000000000000000e+00,0.000000000000000000e+00,0.000000000000000000e+00,3.584645188525364956e-02,1.039595351595705257e-02
9.326012564952974060e+01,8.837219776353721218e-03,1.003288585150379886e+00,7.217563376425427890e+00,1.032621258075428795e-02,1.868772654469054828e+01,0.000000000000000000e+00,6.937478982264370586e+01,1.459909179309043070e+00,1.754767155591950996e+03,3.714298237994632934e-02,1.563434652934569069e+00,9.740071067919667605e-03,1.364749033932734847e+03,3.606011632103389153e-01,1.635185338252556908e-01,1.465305909894279168e-01,0.000000000000000000e+00,2.513033574403301593e-02,2.088522600546249386e+00,4.310289463276798294e+00,9.787458996764147878e-02,5.125618013404501738e+00,3.106696506905617383e+01,0.000000000000000000e+00,5.984529372103643274e-02,4.067383957825679297e-01,9.943314337770970042e+02,4.493636378087634142e+01,1.189670049185945118e+03,0.000000000000000000e+00,2.453693158187483792e-02,3.709409983894830787e-01,1.297467475282908733e+00,1.499708793373661697e+00,3.451248250451032895e+00,5.836585821011500141e-02,4.322694200899096728e+00,1.441525925447118217e+00,2.559743132810043509e+00,6.277934502942971173e-01,1.946574929887540106e-02,3.674549552189664281e-01,0.000000000000000000e+00,2.952005209541369579e-01,4.923381290703719021e-02,4.314252743596970752e-01,5.700325956458348470e-02,7.192774387506767862e-03,3.262614661236483415e-02,0.000000000000000000e+00,4.214079972095660653e-02,9.269469595935377060e-02,0.000000000000000000e+00,6.452806516924978683e-03,7.806590017013306793e-02,4.059731479616152106e-02,2.861624544733745723e-01,6.115227712058567827e-02,4.856244823622855693e-03,1.641641523791321361e-02,0.000000000000000000e+00,9.379624918686987889e-02,8.989072891442368568e-03,3.774642018162902013e-02,0.000000000000000000e+00,4.673743653262080015e-03,0.000000000000000000e+00,1.480717721973083371e-02,7.186906617698263049e-03,0.000000000000000000e+00,4.682184503844231960e-02,6.225355498117199904e-01,0.000000000000000000e+00,4.373500813357970168e-03,5.334559540212104739e-02,3.278082201084615566e-01,2.016542879548667289e-01,3.489890590630645439e-02,0.000000000000000000e+00,0.000000000000000000e+00,7.500122167669892419e-03,1.317049438795261929e-01,3.775561941960711015e-02
4.968878534141010306e+01,3.039209555556150744e-02,5.345435627490952024e-01,6.609146373338268265e-01,5.731268506055265277e+00,2.066487579168379398e+03,6.937478982264370586e+01,0.000000000000000000e+00,3.101413633804556147e-01,5.848584329195753071e+02,3.276019029823480366e-01,3.044177127351322909e+01,2.510055338316209417e-01,2.274400908432676715e+03,1.244898938970332658e+01,1.299076509801476709e-01,4.090027234080702012e-01,4.210518369399086219e-02,1.046026896425304442e-01,1.161778117297303181e+00,1.999958565842943514e+00,6.537820636331936885e-02,2.702473258381997923e+00,9.980089471623545538e-01,0.000000000000000000e+00,2.676444692698689565e-01,3.657948479406338271e-01,1.989475663454386423e+00,1.128529553672342622e+01,2.534589817261737821e+01,0.000000000000000000e+00,1.872201824040949418e+02,3.487296510959321527e-02,5.347961484049946534e+00,8.381140161164566393e+00,1.022968510254971264e+00,1.473019595750058031e-01,1.607887844639628527e+00,5.818755623092721763e-01,1.419105153829413801e+01,1.052971246757355672e+01,2.228838907656973400e-01,1.891665934990065245e-01,5.684589424682529035e-03,9.892879368464924106e-02,7.846751907155070926e-02,2.634781087977496328e-01,4.838915926964568875e-02,2.437428955122344920e-02,2.900086788424879186e-02,0.000000000000000000e+00,5.658635329118426489e-03,4.505187568466628018e-02,0.000000000000000000e+00,1.040011092647609957e-02,8.802418594289722342e-02,1.626502944214542473e-02,1.313573587051686808e-01,1.223179547316621124e-02,9.060276288933726690e-03,1.237527547007059685e-02,0.000000000000000000e+00,1.591310127518703182e-02,7.705543273957599255e-03,6.490217830708864925e-03,1.054766848540825662e-02,0.000000000000000000e+00,0.000000000000000000e+00,1.362108612137255016e-02,5.078469624380311728e-03,6.762879329722047694e-03,1.855055252324267628e-02,2.527875547315101001e-01,0.000000000000000000e+00,5.170390300721439472e-03,6.350124381416186181e-02,1.472382581925072431e-01,8.393287905489520140e-02,1.182889934614899698e-02,0.000000000000000000e+00,5.233650352929599021e-03,0.000000000000000000e+00,1.064992371503964280e-01,9.164839075866603943e-03
1.751192342966984006e-01,1.998119925859275503e-01,0.000000000000000000e+00,7.511002331260943521e+00,3.158759769433651665e-01,5.595778544908592833e-01,1.459909179309043070e+00,3.101413633804556147e-01,0.000000000000000000e+00,1.766487844255216544e+00,1.477051675397519567e-02,2.735177634806464084e+02,4.766020625310923853e-02,3.426912414279910668e-01,7.035097411287178204e+01,6.968773035473689870e-01,0.000000000000000000e+00,0.000000000000000000e+00,0.000000000000000000e+00,7.420340572562840187e+00,1.771526558587358247e-01,1.683263515884045773e+02,9.725150014209642257e-02,5.397662675829075170e+02,8.668231540368777355e-02,1.346188223040686686e-02,2.503835998423983855e-01,9.301108364704742115e+00,9.286288341223836174e-01,5.448309344627664252e-01,0.000000000000000000e+00,1.945326647410844725e-02,2.553049293748588244e-01,2.412717095138096901e-01,1.242535827640537960e+01,1.108406473659683034e+00,1.518157205113726538e-02,4.675486460473505801e-01,8.514314648151972975e-02,4.694116314437947857e+00,1.567121661931838716e-01,2.429960515366320906e-02,4.646519563467775282e-01,1.915976776207401963e-02,4.945743805529988490e-01,1.544480256174149968e-01,5.758759305725110744e-01,6.961952553473715888e-02,0.000000000000000000e+00,1.454936745248934793e-01,0.000000000000000000e+00,0.000000000000000000e+00,4.191460548056689661e-01,0.000000000000000000e+00,4.159575784962860762e-02,2.323003043431509096e-01,5.891862574301295202e-02,2.006108677434516707e+01,4.999105919513469609e-01,0.000000000000000000e+00,6.835315654055180712e-01,7.981101391017701718e-03,9.784893714227456407e-02,5.782197166380066006e-02,5.299129732194268749e-02,6.763769947192107071e-03,0.000000000000000000e+00,0.000000000000000000e+00,2.982965916150757124e-01,0.000000000000000000e+00,4.995354310497548272e-02,1.280754563478766206e-01,3.311469516009465597e+00,0.000000000000000000e+00,1.854214031346196334e-02,1.119788645360906068e-02,1.346336085499943547e+00,1.410179187081886665e-01,1.065795992578617984e-01,0.000000000000000000e+00,0.000000000000000000e+00,1.133081788113106392e-01,3.057109661058303174e-01,1.570697113383289975e-02
1.140646662696025615e+01,0.000000000000000000e+00,1.077825988222464448e-01,1.374712929813066467e+03,1.134298082098839089e-02,2.516672348088912713e+03,1.754767155591950996e+03,5.848584329195753071e+02,1.766487844255216544e+00,0.000000000000000000e+00,5.619781988896603575e-02,1.892693294038115710e+03,4.033245466396960521e-02,4.692761004477786457e+01,5.779113546421996706e-01,1.828586111229005967e-02,4.706565548382497105e-02,6.453927480174430527e-03,3.306635507654727413e-02,7.713526774496843927e+02,3.190779375888138092e-01,1.415024612626459774e-02,4.418666654458296428e-01,9.190648815766815360e+00,0.000000000000000000e+00,8.299459025947865387e-02,4.317982466667438790e-02,1.355729942360178029e+03,4.184029613618609922e+00,4.767509898758476083e+00,0.000000000000000000e+00,2.555149540995029986e-02,1.006751705990850537e-01,1.029896280679482690e+00,1.626253999561228284e+03,2.691521511552132040e+00,0.000000000000000000e+00,4.317703099666207578e+00,6.035340033566999329e-01,2.494689527481588787e+00,6.928973291743917295e-01,1.622659693888130195e-02,1.524720459836118869e-01,6.415311544349991228e-03,1.051735343097590369e-01,4.250306285430755643e-02,2.343991765232562030e-01,4.080032283653885899e-03,0.000000000000000000e+00,7.480377648582278889e-03,0.000000000000000000e+00,0.000000000000000000e+00,2.311515837169983434e-01,0.000000000000000000e+00,2.960922607629335943e-02,6.649387963536751434e-02,3.828027572168511000e-02,1.261730046283898732e-01,0.000000000000000000e+00,4.391962847382642476e-03,0.000000000000000000e+00,0.000000000000000000e+00,8.613172676646271841e-02,1.490545438397272195e-02,0.000000000000000000e+00,0.000000000000000000e+00,0.000000000000000000e+00,0.000000000000000000e+00,0.000000000000000000e+00,5.277055902683667511e-03,6.949210934361154356e-03,1.719829432986152290e-02,3.368840573397458016e-01,0.000000000000000000e+00,8.867052293331305693e-03,2.943410648704243918e-02,1.623789312638963533e-01,4.720619458851382094e-02,1.308810118834091533e-02,0.000000000000000000e+00,0.000000000000000000e+00,1.360472337328883473e-02,3.596266491953840905e-02,0.000000000000000000e+00
1.259167903207615742e-02,1.236637799330749382e-01,0.000000000000000000e+00,0.000000000000000000e+00,6.676594538405748125e+00,2.055231767161700140e-01,3.714298237994632934e-02,3.276019029823480366e-01,1.477051675397519567e-02,5.619781988896603575e-02,0.000000000000000000e+00,4.102150544109404717e-01,5.847143134858287112e+02,9.510581437882345002e-01,1.846912956863587529e-01,1.214958546788260166e-02,1.330025308110943105e-01,3.353373405111563557e+02,1.307532471267122105e+02,8.893358003934001207e-03,0.000000000000000000e+00,2.854139586086757926e-02,0.000000000000000000e+00,2.424458211849030154e-02,2.396425223893602352e-01,3.876330837023737672e+02,4.372154540666292277e+00,7.539347869877682969e-03,3.058077972102299036e+00,0.000000000000000000e+00,5.916232411029015736e+01,7.223653628046990072e+00,0.000000000000000000e+00,3.274369370056700745e+02,1.859643432137820726e-02,2.077766236118186727e-01,1.178754775671294297e+01,1.064693465863206079e+01,2.031026422044343582e-01,4.055898105420465694e-01,1.545059371127169845e-01,1.338758857722688411e+01,4.996609508897999208e-03,7.004491217436173423e-02,1.412597369873714453e-02,8.239785088661993884e-03,4.734367290561534644e-03,0.000000000000000000e+00,0.000000000000000000e+00,0.000000000000000000e+00,2.886741132551967973e-02,0.000000000000000000e+00,0.000000000000000000e+00,0.000000000000000000e+00,0.000000000000000000e+00,1.041178179154345247e-02,0.000000000000000000e+00,0.000000000000000000e+00,0.000000000000000000e+00,9.478931413055183275e-03,0.000000000000000000e+00,4.508545095831631988e-01,0.000000000000000000e+00,0.000000000000000000e+00,0.000000000000000000e+00,0.000000000000000000e+00,5.280816682941357615e-02,1.532725162055849528e-02,0.000000000000000000e+00,0.000000000000000000e+00,1.371037778799970644e-02,0.000000000000000000e+00,0.000000000000000000e+00,2.735210178428421762e-02,6.707999365773790190e-01,5.621239102078297023e-01,1.099950877666760335e-02,4.842945672045913252e-03,4.439152900490185051e-03,6.408537074115902565e-02,0.000000000000000000e+00,0.000000000000000000e+00,4.532839048040168510e-03,0.000000000000000000e+00
1.334057954600950668e-01,3.417595438756086679e-02,8.989959478926386888e-03,8.061684912789726241e+02,1.250757801467655028e+00,4.997321451966698760e+02,1.563434652934569069e+00,3.044177127351322909e+01,2.735177634806464084e+02,1.892693294038115710e+03,4.102150544109404717e-01,0.000000000000000000e+00,1.730146107512299247e-01,1.006875941056685164e+01,2.231365396393678395e+02,8.774020246008871690e-03,3.357843493980489091e-02,2.983851985830105955e-02,2.443554087495162230e-01,1.270122259469102119e+03,2.956087646386915124e-02,3.819224997210050043e-01,3.619449002291613704e-02,3.576522901209829115e+02,8.584787284307806438e-03,4.314747957466493200e-01,2.047541916515009663e-01,2.590455953488222107e+00,5.340606531657337896e+00,2.144617438661742537e-01,7.786725282559298425e-03,4.720248588943221080e-01,5.178633100954592450e-02,2.496991712828956267e+00,5.828337003653316060e+03,1.974462555806985975e+01,1.510368496270395600e-01,4.643672572677522759e+00,4.086378981251494458e-01,3.845755817274094568e+01,2.277517330350367963e+00,1.499426298302765914e-01,9.521003953459620250e-01,9.105565988399070415e-03,3.307239842395392482e-01,6.867939754063540070e-02,1.553406597742478246e+00,8.286692584038310438e-02,1.173821116761761089e-02,5.311537823158450633e-02,5.831437155266639034e-03,7.131391780291849308e-03,6.198879079417219939e-01,0.000000000000000000e+00,9.680096917361942499e-02,1.636621426599318141e-01,1.172564531578757646e-01,1.033159466968674778e+00,1.332352476750655379e+00,6.624241574575430967e-03,0.000000000000000000e+00,4.418052858615568838e-03,1.577488946201624498e-01,7.224685329107327636e-02,0.000000000000000000e+00,0.000000000000000000e+00,0.000000000000000000e+00,4.999898149657748883e-03,7.593016160780042823e-01,8.331503210475143043e-03,4.143065220909532449e-03,2.103414003716665148e-02,1.401412861418309230e+00,0.000000000000000000e+00,1.064271665670982366e-02,2.464775034067420711e-02,8.728920591371235327e-01,1.749926479186647010e-01,2.400497026738303633e-02,0.000000000000000000e+00,0.000000000000000000e+00,8.853424994525375610e-03,2.352744617357752088e-01,0.000000000000000000e+00
0.000000000000000000e+00,4.642090322130075108e+00,9.797658674125736891e-03,6.218398473941858830e-03,1.273075290954018765e-02,1.849577776584718225e-01,9.740071067919667605e-03,2.510055338316209417e-01,4.766020625310923853e-02,4.033245466396960521e-02,5.847143134858287112e+02,1.730146107512299247e-01,0.000000000000000000e+00,4.670921983193428439e-01,1.055289454464866522e-01,1.906081480537818451e-01,2.556722825639850052e-02,4.494065689973865685e-01,7.485713140221596229e-02,2.348744079324110307e-02,2.531945407502779119e-02,5.296837471085902305e-01,3.597290662849595561e-02,2.213888420760275200e-01,2.879724230064326207e+02,6.938717959027292181e+01,6.768918674506946900e+02,7.980391344577825175e-02,7.240731154121047286e-01,7.611925597887393528e-03,5.406892414970644722e+02,7.136599812632122841e-01,0.000000000000000000e+00,3.645845350750290237e+01,3.367103236075096040e-02,1.129587595987054716e+00,5.020659883115619238e+01,3.927892501083603349e+01,7.249361535063517659e-01,8.253860408537827542e-01,5.432412568515483287e+01,1.245855427284367067e+02,6.571460865551410901e-02,4.581970100549310199e-01,2.021745216481694862e-02,7.975826683007926354e-03,0.000000000000000000e+00,1.702711409953961211e-02,1.627536630953969055e-01,0.000000000000000000e+00,1.376323799239599077e-01,7.005665806565546452e-03,0.000000000000000000e+00,0.000000000000000000e+00,0.000000000000000000e+00,0.000000000000000000e+00,0.000000000000000000e+00,0.000000000000000000e+00,0.000000000000000000e+00,1.949921195835357945e+00,0.000000000000000000e+00,8.706380382037369969e+00,0.000000000000000000e+00,2.018747248368735550e-02,0.000000000000000000e+00,0.000000000000000000e+00,1.398383315902063107e-01,5.838202624379595224e-02,0.000000000000000000e+00,0.000000000000000000e+00,0.000000000000000000e+00,0.000000000000000000e+00,9.942491525173664454e-03,1.340694511882748463e+00,3.061698266192670825e+00,2.911990055658959964e+00,5.794505829519017853e-03,4.273556385206175520e-03,0.000000000000000000e+00,4.018687720646282879e-01,0.000000000000000000e+00,0.000000000000000000e+00,3.297478519502322625e-01,0.000000000000000000e+00
7.220394169326190195e+02,0.000000000000000000e+00,6.084928810493569346e-02,3.581078990604770196e-01,0.000000000000000000e+00,7.025114939664141467e+00,1.364749033932734847e+03,2.274400908432676715e+03,3.426912414279910668e-01,4.692761004477786457e+01,9.510581437882345002e-01,1.006875941056685164e+01,4.670921983193428439e-01,0.000000000000000000e+00,2.736308404631957014e+00,3.719171310934148156e-02,1.485438277125130380e-01,1.184523692001378109e-01,2.713000630295047677e-01,8.234154575080340210e-01,6.820196918080870807e-01,1.288992145843045611e-01,1.059525087907742469e+00,1.116737009363395705e+00,0.000000000000000000e+00,9.502820097196585936e-01,4.501488473130703105e-01,1.357219888794812146e+00,1.420040747079958237e+03,1.393416556115313369e+02,3.542735914244774659e-02,1.401149507802474545e+02,4.777270080968800126e-01,7.203764216878006721e+00,8.933858304224985281e-01,4.790358141066121678e-01,2.459110551655925014e-01,2.982212104579209822e+00,4.800968735630825046e-01,5.503266663597614183e+00,3.013578728174308718e+00,2.026417668226439817e-01,2.096771042911141358e-01,6.968555901405396914e-03,1.120401176452514164e-01,2.197232144963812486e-02,1.945020642520458032e-01,1.273170262141630656e-02,1.436136823500524379e-02,1.867769338289360093e-02,5.486421825939716800e-03,6.002123126500221589e-03,4.247885200280214490e-02,0.000000000000000000e+00,4.739237102580157353e-03,7.671337406934315706e-02,4.680388835770363243e-02,1.295556199885617710e-01,1.260701782836153896e-02,4.469731272548234206e-03,9.511354455131139016e-03,1.403117647296535896e-02,2.722853529226336097e-02,6.946723414070337180e-03,2.669331952695891408e-02,4.920347298317451733e-03,0.000000000000000000e+00,0.000000000000000000e+00,0.000000000000000000e+00,1.161466707942544925e-02,0.000000000000000000e+00,2.183645590415596305e-02,2.678021149862196970e-01,9.951427268149787633e-03,2.953573232319590264e-02,4.159901930245669260e-02,1.516722241833126095e-01,5.306006701537031855e-02,2.326881883831303718e-02,0.000000000000000000e+00,0.000000000000000000e+00,1.845738120633135665e-02,9.353831813812588103e-02,1.646448434498653385e-02
8.534697440248423597e-03,0.000000000000000000e+00,0.000000000000000000e+00,7.552929801864300963e-01,1.588614454458199816e+02,2.418075066175364327e+02,3.606011632103389153e-01,1.244898938970332658e+01,7.035097411287178204e+01,5.779113546421996706e-01,1.846912956863587529e-01,2.231365396393678395e+02,1.055289454464866522e-01,2.736308404631957014e+00,0.000000000000000000e+00,0.000000000000000000e+00,2.387576086660020760e-02,7.362295936301579274e-03,3.140558138814210365e-02,1.386300759035992813e+00,1.296873155630022707e-02,7.413487275410170219e-02,3.166404962152719743e-02,1.892178944779635552e+00,0.000000000000000000e+00,1.568334994060954779e-01,1.211294363996319318e-01,6.438198329955786559e-01,1.071531782717553671e+00,5.938182017456747341e-02,0.000000000000000000e+00,2.480056912979917705e+00,2.159375884487097288e-02,8.344641222177765494e-01,1.430058382179004752e+02,3.331215579925121073e+00,7.866912404166925832e-01,9.636452639107232487e-01,2.682241239316160986e-01,2.121839864478827735e+02,4.416612690585598244e+00,9.962005951320615504e-02,1.378262807357284181e-01,1.713773147362904897e-02,9.738876322866835133e-02,3.809096265414576438e-02,9.317391924434613448e-02,5.294756755953208306e-03,2.377004110139553303e-02,2.743702648148386297e-02,0.000000000000000000e+00,0.000000000000000000e+00,2.624701512426041300e-02,0.000000000000000000e+00,0.000000000000000000e+00,0.000000000000000000e+00,2.989447956549663721e-02,1.162590824376462523e-01,3.769939751669038747e-02,0.000000000000000000e+00,3.480506196544826125e-02,0.000000000000000000e+00,4.826366501469759283e-03,0.000000000000000000e+00,0.000000000000000000e+00,0.000000000000000000e+00,0.000000000000000000e+00,0.000000000000000000e+00,1.418864811807346929e-02,0.000000000000000000e+00,0.000000000000000000e+00,0.000000000000000000e+00,1.298856982525600778e-01,0.000000000000000000e+00,1.049914094515177684e-02,1.349849991493408050e-02,7.945710264524039057e-02,2.211851999297096902e-02,5.445810051780731326e-03,0.000000000000000000e+00,0.000000000000000000e+00,0.000000000000000000e+00,7.180004756042242253e-02,0.000000000000000000e+00
1.415287681149091960e-02,2.394477698776173114e+00,2.304806174642885230e-01,0.000000000000000000e+00,0.000000000000000000e+00,6.900394506807529769e-03,1.635185338252556908e-01,1.299076509801476709e-01,6.968773035473689870e-01,1.828586111229005967e-02,1.214958546788260166e-02,8.774020246008871690e-03,1.906081480537818451e-01,3.719171310934148156e-02,0.000000000000000000e+00,0.000000000000000000e+00,8.790287956655422341e-02,0.000000000000000000e+00,0.000000000000000000e+00,6.217663968164832168e-03,4.435833579995904756e+02,2.740435425923564594e+02,7.043588176846144222e+01,1.328490316698813842e+02,3.577905333760584283e-01,3.991402163087099525e-02,7.409585749763364504e+01,1.582153496171004008e+02,7.666748864074984793e-02,7.543574885708850264e-01,0.000000000000000000e+00,0.000000000000000000e+00,2.441460534398256013e-02,8.404809123902310386e-01,5.398320815985756527e-01,1.198220328296761394e+01,7.962065851136258310e+00,5.286763803459848532e+00,5.199748401835367240e+00,5.698778424932878783e-01,1.593879193421648410e-01,1.624353655568728377e-02,1.478218861671267703e+00,7.405305406747594299e-01,2.930708591444408651e-01,2.661777595419478892e-01,2.248446422193709979e-02,7.589601032915796464e-03,0.000000000000000000e+00,0.000000000000000000e+00,8.312414150916051098e-03,1.788988779588048528e-01,0.000000000000000000e+00,0.000000000000000000e+00,0.000000000000000000e+00,1.574614010264868691e-02,0.000000000000000000e+00,3.379343594051555100e-02,0.000000000000000000e+00,0.000000000000000000e+00,0.000000000000000000e+00,1.925358852799182591e-02,0.000000000000000000e+00,0.000000000000000000e+00,3.255121576188323207e+00,1.592456679281573778e-02,0.000000000000000000e+00,0.000000000000000000e+00,0.000000000000000000e+00,2.038944367292549187e-01,4.051719409740140998e-01,3.373550079417674930e+00,4.146848331337316673e-01,0.000000000000000000e+00,1.797436973797586490e-02,1.582009094373602043e+00,2.499292801587869317e-01,1.311947917653528105e-02,0.000000000000000000e+00,0.000000000000000000e+00,0.000000000000000000e+00,0.000000000000000000e+00,2.468176392945477943e-02,1.414012262796112140e-01
1.326115901717377921e-01,1.376716902581996527e+00,2.338428832618091135e+01,8.483132628683798596e-03,0.000000000000000000e+00,4.689496115143515498e-02,1.465305909894279168e-01,4.090027234080702012e-01,0.000000000000000000e+00,4.706565548382497105e-02,1.330025308110943105e-01,3.357843493980489091e-02,2.556722825639850052e-02,1.485438277125130380e-01,2.387576086660020760e-02,8.790287956655422341e-02,0.000000000000000000e+00,1.721071000087582084e-02,2.902839825569575396e+02,0.000000000000000000e+00,1.542423848282731713e+00,1.049894315867530015e-01,2.560409890736430043e+02,5.410399246198224765e-02,1.635391696973417103e-02,9.776437494742580725e+01,1.397328345433000685e+01,4.192333672852435744e-01,2.626790454358573501e-01,1.114655910656039417e+00,0.000000000000000000e+00,0.000000000000000000e+00,2.541745846552604868e-02,1.817258786440253857e+02,3.464246708642519657e-02,1.399744172891213667e+00,3.961023549446577086e+00,1.390309506926339900e+01,1.175938813342659373e+00,3.205832224885034332e-02,2.209537425513062939e-02,0.000000000000000000e+00,1.290330173917747791e-01,1.364282594396210024e-01,2.447676320554298401e-01,1.671727808193163578e-01,7.029727673138256444e-03,7.737456356087339497e-03,0.000000000000000000e+00,1.174311137531041001e-02,5.778584149175420431e-02,1.852858141228125588e-01,0.000000000000000000e+00,0.000000000000000000e+00,0.000000000000000000e+00,0.000000000000000000e+00,0.000000000000000000e+00,0.000000000000000000e+00,0.000000000000000000e+00,0.000000000000000000e+00,0.000000000000000000e+00,0.000000000000000000e+00,5.337261137081919862e-03,0.000000000000000000e+00,1.388371404391930235e-02,1.904908176164085976e-01,0.000000000000000000e+00,6.086134561882192151e-02,0.000000000000000000e+00,1.281939622220397423e-02,1.727432690608010635e-02,4.214477399403242230e-02,0.000000000000000000e+00,9.179770886724182219e-03,8.484766990256423780e-01,2.257294197871205998e+00,1.414749234613399582e-02,0.000000000000000000e+00,5.003816081661401072e-03,0.000000000000000000e+00,0.000000000000000000e+00,0.000000000000000000e+00,1.516514111728313810e-02,2.063270025038956013e-02
0.000000000000000000e+00,0.000000000000000000e+00,0.000000000000000000e+00,0.000000000000000000e+00,0.000000000000000000e+00,3.196283082123234365e-02,0.000000000000000000e+00,4.210518369399086219e-02,0.000000000000000000e+00,6.453927480174430527e-03,3.353373405111563557e+02,2.983851985830105955e-02,4.494065689973865685e-01,1.184523692001378109e-01,7.362295936301579274e-03,0.000000000000000000e+00,1.721071000087582084e-02,0.000000000000000000e+00,3.905887032080402150e+02,0.000000000000000000e+00,0.000000000000000000e+00,1.071885391219113207e-02,0.000000000000000000e+00,0.000000000000000000e+00,0.000000000000000000e+00,3.150809311935468031e+02,4.473429156402919382e-01,5.471468316478220531e-03,2.705434662394722856e-01,0.000000000000000000e+00,6.840963409235981119e-02,6.520768744467698996e-02,0.000000000000000000e+00,9.277407158290355005e-01,2.184386696263445130e-02,1.103927083885234139e-01,2.137912982962954178e+00,1.690817879727867457e+00,7.099806272009767660e-02,6.956075248798959665e-02,0.000000000000000000e+00,5.000334126228756643e-02,0.000000000000000000e+00,1.391310698280403581e-02,0.000000000000000000e+00,0.000000000000000000e+00,0.000000000000000000e+00,0.000000000000000000e+00,0.000000000000000000e+00,0.000000000000000000e+00,0.000000000000000000e+00,0.000000000000000000e+00,0.000000000000000000e+00,0.000000000000000000e+00,0.000000000000000000e+00,0.000000000000000000e+00,0.000000000000000000e+00,0.000000000000000000e+00,0.000000000000000000e+00,0.000000000000000000e+00,0.000000000000000000e+00,9.779769499427513890e-02,0.000000000000000000e+00,0.000000000000000000e+00,0.000000000000000000e+00,0.000000000000000000e+00,0.000000000000000000e+00,0.000000000000000000e+00,0.000000000000000000e+00,0.000000000000000000e+00,0.000000000000000000e+00,0.000000000000000000e+00,0.000000000000000000e+00,0.000000000000000000e+00,2.228336027752196025e-01,1.505259692040231412e-01,0.000000000000000000e+00,0.000000000000000000e+00,0.000000000000000000e+00,2.703100733219466340e-02,0.000000000000000000e+00,0.000000000000000000e+00,0.000000000000000000e+00,0.000000000000000000e+00
0.000000000000000000e+00,3.864873470781149400e-02,6.531107478136623234e-02,0.000000000000000000e+00,0.000000000000000000e+00,1.078114172086835354e-01,2.513033574403301593e-02,1.046026896425304442e-01,0.000000000000000000e+00,3.306635507654727413e-02,1.307532471267122105e+02,2.443554087495162230e-01,7.485713140221596229e-02,2.713000630295047677e-01,3.140558138814210365e-02,0.000000000000000000e+00,2.902839825569575396e+02,3.905887032080402150e+02,0.000000000000000000e+00,0.000000000000000000e+00,0.000000000000000000e+00,0.000000000000000000e+00,7.874691099422791163e-02,1.266381574936481687e-02,0.000000000000000000e+00,2.040522613494233042e+02,5.171508548007905937e+00,2.092260573746657082e-02,4.685807467682715499e-01,9.431182523588205538e-03,0.000000000000000000e+00,6.018241324718354157e-02,0.000000000000000000e+00,6.189055017215326870e+01,7.000736665804413450e-02,1.303625285972465742e+00,6.326554201867330640e+00,8.361495590310870085e+00,1.022379047512472328e+00,6.715354877171336723e-02,6.852098229244507621e-02,0.000000000000000000e+00,6.783561373861635678e-03,6.111493405837936654e-02,5.172492492276544590e-02,2.066882732042868778e-02,0.000000000000000000e+00,0.000000000000000000e+00,0.000000000000000000e+00,0.000000000000000000e+00,4.205259354770633090e-02,0.000000000000000000e+00,0.000000000000000000e+00,0.000000000000000000e+00,0.000000000000000000e+00,0.000000000000000000e+00,1.243707282775899196e-02,0.000000000000000000e+00,0.000000000000000000e+00,0.000000000000000000e+00,0.000000000000000000e+00,1.175907655291434303e-02,0.000000000000000000e+00,0.000000000000000000e+00,0.000000000000000000e+00,0.000000000000000000e+00,3.596115811091773334e-02,5.293288812764438550e-02,0.000000000000000000e+00,0.000000000000000000e+00,0.000000000000000000e+00,0.000000000000000000e+00,1.012748756915650243e-02,4.494252862971247209e-02,7.232830781931238739e-01,6.496477778106873879e-01,9.652300102051983993e-03,4.105906011490972549e-03,4.810735127248554586e-03,1.900728648660484146e-02,0.000000000000000000e+00,0.000000000000000000e+00,1.597279806146108955e-02,1.270206016965281723e-02
