0.000000000000000000e+00,0.000000000000000000e+00,3.401021590890175306e-01,5.169010574457280627e-02,0.000000000000000000e+00,3.628570974968418072e-01,1.803182993030988541e+02,6.488868693008370769e+01,2.469764826653683687e-02,9.744640159742434804e+00,6.612798599664017341e-02,1.136727784691241375e-02,2.372648256009311438e-02,1.170937534629914126e+03,1.068281346798020948e-02,2.800552185595767130e-02,7.168540171367622227e-01,0.000000000000000000e+00,2.831963761053327838e-02,3.757443989654517258e-02,1.189789754656481957e+00,1.663681934558272971e-02,1.033760594538357669e+00,1.221462336028265733e-01,0.000000000000000000e+00,1.182673241762483007e-01,1.506878354856715230e-01,1.038643112040297689e+00,1.215306517327154552e+03,1.224216274205354154e+02,0.000000000000000000e+00,9.496883268841803394e-02,9.962856804347188788e-01,1.593840174730239534e+00,1.194333349689445482e-02,4.974941089345928935e-01,1.012855350795421189e-01,8.624128865736769844e-01,1.069593478426280053e-01,6.485122465992271268e-02,3.361474276471462797e-02,0.000000000000000000e+00,8.006367857638726007e-03,0.000000000000000000e+00,8.713184002261259442e-03,7.504823637904170335e-03,7.800069888321508986e-03,6.660762340999404688e-03,0.000000000000000000e+00,6.829125151721286702e-03,0.000000000000000000e+00,1.372854214837461104e-02,0.000000000000000000e+00,0.000000000000000000e+00,0.000000000000000000e+00,0.000000000000000000e+00,0.000000000000000000e+00,0.000000000000000000e+00,0.000000000000000000e+00,0.000000000000000000e+00,0.000000000000000000e+00,0.000000000000000000e+00,0.000000000000000000e+00,0.000000000000000000e+00,1.637378480500478392e-02,0.000000000000000000e+00,0.000000000000000000e+00,0.000000000000000000e+00,6.818574581228755219e-03,8.817684128155110768e-03,1.274886509889241147e-02,0.000000000000000000e+00,0.000000000000000000e+00,0.000000000000000000e+00,0.000000000000000000e+00,7.114600476796345031e-03,6.261830628068223645e-03,0.000000000000000000e+00,0.000000000000000000e+00,0.000000000000000000e+00,0.000000000000000000e+00,0.000000000000000000e+00,0.000000000000000000e+00,7.340785458219433596e-03
0.000000000000000000e+00,0.000000000000000000e+00,9.598856306412527628e-01,0.000000000000000000e+00,0.000000000000000000e+00,0.000000000000000000e+00,7.307544993373856282e-03,0.000000000000000000e+00,1.825968260292847978e+00,0.000000000000000000e+00,1.079029830574123883e-01,8.966092652588332490e-03,1.729204903417572270e+00,0.000000000000000000e+00,0.000000000000000000e+00,7.296188592374749371e-01,8.883300445587150040e-02,0.000000000000000000e+00,1.591290909379419194e-01,0.000000000000000000e+00,5.380912443979671972e-02,1.397312560202686029e+02,2.611968987391871666e-01,8.787017799503379356e-01,1.965728944656532349e+02,4.626479208110930941e+00,3.356520649672135619e+02,1.328831556800185165e-01,0.000000000000000000e+00,2.153021088714424797e-02,1.783117237795332419e-02,0.000000000000000000e+00,0.000000000000000000e+00,3.253503057644740459e-01,1.675941294489221092e-02,2.505926121575716703e-01,2.135633417374888321e+00,9.170415307907836544e-01,8.788831954597650653e-02,2.189288285047766291e-02,0.000000000000000000e+00,6.614161467113378878e-02,2.545318420235970769e-01,1.470829687279168851e+00,3.550013090483840617e-01,7.517272702202847101e-02,1.183474587557679578e-02,0.000000000000000000e+00,0.000000000000000000e+00,0.000000000000000000e+00,2.232834686846172190e+01,4.403489412078909759e-01,0.000000000000000000e+00,0.000000000000000000e+00,0.000000000000000000e+00,2.478499846686355382e-02,0.000000000000000000e+00,0.000000000000000000e+00,0.000000000000000000e+00,1.787583812596102439e-02,0.000000000000000000e+00,4.065919048368594191e-01,7.744981910924433714e-03,9.043219610274716089e-03,1.046471336847332699e-02,2.439143396138443998e-01,1.141245897254434226e-02,2.502373311300269410e-01,7.332591003970627061e-03,7.347778792572122637e-03,6.992387898706936555e-02,1.478925030820274211e-01,7.311274709410969623e-03,3.060956928165724733e+00,3.834690282126620442e+00,2.793625849142726381e+01,8.482353066038771441e-03,0.000000000000000000e+00,0.000000000000000000e+00,0.000000000000000000e+00,0.000000000000000000e+00,0.000000000000000000e+00,1.583014271811540308e-01,0.000000000000000000e+00
3.401021590890175306e-01,9.598856306412527628e-01,0.000000000000000000e+00,1.020195785559005301e-02,0.000000000000000000e+00,1.593739727317445079e-02,2.324151923059832647e+00,6.488775447051889911e-01,0.000000000000000000e+00,3.773031658766633212e-02,3.628071150295897329e-01,7.941843350848101085e-03,8.404087118283332103e-03,6.148736184984574527e-01,0.000000000000000000e+00,4.457016017766340932e-01,1.427091718854740918e+02,3.490584121163436276e-02,2.329102069180367440e+00,5.337118570014459315e-03,1.271541686901029600e+01,7.696711327387826262e-01,5.771816287190114281e+02,4.043094773655789842e-01,0.000000000000000000e+00,7.369830111579276490e+02,3.392231705196864482e+02,5.637883073304135628e+00,4.323457456283789080e-01,5.000479184955954892e+00,2.255889758258432243e-02,1.043841884776809670e-02,1.220243436831116440e-01,1.423191097718614984e+01,7.361706628943954778e-01,2.331004533663107026e+01,4.151434223152737957e+01,3.127215086642567243e+01,7.848307432256357963e+00,5.794571774437298206e-01,1.558960920838878828e-01,2.153806590067778789e-02,3.522776645986787636e-01,1.193004959813815491e+00,4.166377111236995168e-01,1.484844399023096950e-01,6.588622699008027384e-02,1.296814838058179230e-02,0.000000000000000000e+00,0.000000000000000000e+00,7.764548181775521307e-01,5.837233433912296654e-01,0.000000000000000000e+00,0.000000000000000000e+00,5.471120255617255984e-03,7.745729854453531349e-02,5.679927718205002828e-03,6.914136252035120618e-03,0.000000000000000000e+00,8.649503029061610115e-03,0.000000000000000000e+00,0.000000000000000000e+00,1.282713364667193053e-02,0.000000000000000000e+00,1.355872011012864420e-01,1.449236426727024962e-01,0.000000000000000000e+00,3.068081125596644476e-02,0.000000000000000000e+00,6.427168976990087212e-02,1.896519294688308876e-01,3.932845290353573775e-01,1.032529243669037949e-01,2.203738454855218298e-02,5.615020751520825026e-01,6.827937009673106239e+00,8.112803404721687095e-02,0.000000000000000000e+00,9.545929877529808760e-02,0.000000000000000000e+00,0.000000000000000000e+00,6.894925713003975838e-03,2.010019973230940671e-01,3.122314574570672074e-01
5.169010574457280627e-02,0.000000000000000000e+00,1.020195785559005301e-02,0.000000000000000000e+00,1.713647885183291336e-02,1.473451571973641405e+00,4.948623109849318524e+00,9.428655826349712221e-01,1.229053285266987494e+01,6.628294064303860296e+02,1.532292480676101208e-02,6.431223883568151223e+01,8.001164720328243080e-03,4.381022579797477223e-01,1.249457666242395765e-01,0.000000000000000000e+00,0.000000000000000000e+00,0.000000000000000000e+00,0.000000000000000000e+00,0.000000000000000000e+00,3.189167943584681614e-02,8.508283645941409901e-02,3.662860647510845363e-02,4.045162928916947749e+02,0.000000000000000000e+00,0.000000000000000000e+00,1.298118064547086614e-02,1.159553439446851826e+03,1.213134387663453717e+00,1.344230628728969590e-01,0.000000000000000000e+00,3.328520950909667764e-02,2.529146389938369266e-01,1.429890534007544067e+00,8.370540030235294748e-02,2.696998615955467304e+00,8.543196717442280708e-02,1.953276250522232083e+00,2.670346960230894906e-01,1.202254523190855240e+00,1.570961218258605796e-01,0.000000000000000000e+00,4.577460613791649591e-01,0.000000000000000000e+00,1.166928009446421971e-01,2.427155093853147760e-02,6.706186485144399745e-01,1.922740405791900989e-02,0.000000000000000000e+00,5.480564176314339266e-03,0.000000000000000000e+00,0.000000000000000000e+00,2.171196075704922279e+01,0.000000000000000000e+00,4.738074773947480861e-02,3.169985700987743571e-01,1.337879283933674814e-02,2.371962697727377112e+00,6.339697229832231828e-01,5.049843471496157261e-03,1.031732066830507888e+00,0.000000000000000000e+00,3.484475617948643716e-02,1.408097454377950364e-01,3.867513399680482661e-02,6.011986728788816167e-03,0.000000000000000000e+00,0.000000000000000000e+00,1.386673449818678350e+00,3.071895093582594979e-02,4.255119616296783314e-02,5.056991076420089271e-03,4.684056212831123389e+00,0.000000000000000000e+00,0.000000000000000000e+00,7.058309350956705995e-03,2.925209376134998873e+00,7.490471467893985991e-03,7.220783021287736046e-03,0.000000000000000000e+00,0.000000000000000000e+00,7.217141857209260873e-03,1.355581828365191692e-02,2.852726265383635079e-02
0.000000000000000000e+00,0.000000000000000000e+00,0.000000000000000000e+00,1.713647885183291336e-02,0.000000000000000000e+00,3.603403864711542610e+02,1.800119594127087136e-02,1.114447029941846745e+00,7.238114300059844686e-02,4.396175499711658941e-02,1.882637640371569165e-02,2.170846847475184638e-01,2.320900964008257295e-02,1.207936807999429596e-01,2.538558207822023292e+02,2.107426377969039838e-02,0.000000000000000000e+00,0.000000000000000000e+00,0.000000000000000000e+00,9.579048637467441410e-03,2.289446453936138867e-02,0.000000000000000000e+00,7.082507416585272220e-02,3.677187324263526957e-02,0.000000000000000000e+00,1.124251818271802469e-02,2.111005940908519327e-02,1.264449029062522378e-01,2.340430558794876159e+00,2.922868331155434318e-02,0.000000000000000000e+00,4.168905899109889219e+02,1.444700355179017945e-02,5.114004968460814382e+01,1.196758681797706636e+01,1.186771904671342748e+00,1.416629551328028036e-01,3.590485647204438191e+00,5.902796877205912507e-01,7.825446178044101089e+02,5.505972948170749532e+02,1.984904612038807317e-02,0.000000000000000000e+00,0.000000000000000000e+00,0.000000000000000000e+00,3.411437387027711071e-02,1.215135722850562740e-02,0.000000000000000000e+00,0.000000000000000000e+00,0.000000000000000000e+00,0.000000000000000000e+00,0.000000000000000000e+00,0.000000000000000000e+00,0.000000000000000000e+00,0.000000000000000000e+00,0.000000000000000000e+00,0.000000000000000000e+00,0.000000000000000000e+00,0.000000000000000000e+00,0.000000000000000000e+00,0.000000000000000000e+00,0.000000000000000000e+00,0.000000000000000000e+00,0.000000000000000000e+00,0.000000000000000000e+00,0.000000000000000000e+00,0.000000000000000000e+00,0.000000000000000000e+00,0.000000000000000000e+00,0.000000000000000000e+00,0.000000000000000000e+00,0.000000000000000000e+00,0.000000000000000000e+00,0.000000000000000000e+00,0.000000000000000000e+00,6.737680159641565823e-03,8.403499269617739631e-03,0.000000000000000000e+00,0.000000000000000000e+00,0.000000000000000000e+00,0.000000000000000000e+00,0.000000000000000000e+00,0.000000000000000000e+00,1.174574878958106056e-01
3.628570974968418072e-01,0.000000000000000000e+00,1.593739727317445079e-02,1.473451571973641405e+00,3.603403864711542610e+02,0.000000000000000000e+00,1.707565252206733675e+01,1.346375428733812669e+03,1.524419344530887344e+00,5.797428437346335386e+02,2.942158009428544885e-01,3.003403531756496818e+02,1.119285085539410557e-01,7.413433943728260367e+00,5.093885307604739978e+02,0.000000000000000000e+00,9.440588701112115344e-02,0.000000000000000000e+00,5.352895503794977833e-02,1.117683164379251259e+01,1.598042779794472956e-01,9.993847629049769019e-03,5.972661297838716132e-02,9.173564002458001188e-01,0.000000000000000000e+00,7.574923093193767706e-03,2.117250332839531665e-02,5.925170464761116307e+00,3.963732376305609595e+00,5.826640044501931737e-01,0.000000000000000000e+00,1.337844175457894380e+02,9.650650644763565655e-02,1.393544730235258911e+01,3.920206278337394490e-02,4.984554132554970707e+00,1.457297834091035027e-01,1.207164380317447439e+01,1.371387989443503264e+00,4.065678915387286452e+02,4.630078158742487204e+01,2.046517249436081709e-01,2.007539539270042708e-02,4.987044990928943440e-03,5.794714561765073463e-02,1.472242524638934028e-02,3.675652048816879791e-02,1.282789315126034793e-02,1.349507267995266394e-02,0.000000000000000000e+00,0.000000000000000000e+00,6.352542660063263680e-03,3.879935613976717712e-02,0.000000000000000000e+00,0.000000000000000000e+00,1.979556092037356926e-02,0.000000000000000000e+00,2.469491217585478501e-02,5.090602702776843985e-02,0.000000000000000000e+00,8.560817661737364637e-02,0.000000000000000000e+00,4.235560938764618318e-03,0.000000000000000000e+00,1.360757502739226577e-02,0.000000000000000000e+00,0.000000000000000000e+00,0.000000000000000000e+00,3.887040939077205520e-02,1.066422798822860493e-02,9.285555192208841749e-03,0.000000000000000000e+00,1.484557291524989664e-01,0.000000000000000000e+00,0.000000000000000000e+00,4.664121478956939452e-03,8.131245400776933308e-02,0.000000000000000000e+00,0.000000000000000000e+00,0.000000000000000000e+00,0.000000000000000000e+00,6.267436975372557388e-03,1.393798621237627919e-02,3.424501061338762475e-02
1.803182993030988541e+02,7.307544993373856282e-03,2.324151923059832647e+00,4.948623109849318524e+00,1.800119594127087136e-02,1.707565252206733675e+01,0.000000000000000000e+00,4.759097722348094806e+01,1.884151878301955962e+00,1.665284197546816358e+03,1.250694971206038897e-01,1.426448534023614823e+00,8.738819039333954597e-03,3.205759523554878569e+02,6.887740104715692202e-02,7.034311496859255164e-02,1.178460368472458386e+00,1.947410757293058584e-02,4.571319048471536584e-02,1.977496088162579602e+00,1.249979957795179963e+01,1.433473431730877545e-01,8.375368004451772208e+00,1.822130859413893944e+01,0.000000000000000000e+00,4.395057395915525356e-01,2.144067125214016989e-01,7.810377105431329028e+02,3.067720063305116085e+01,1.054736561609791806e+03,0.000000000000000000e+00,7.031083989849955251e-02,3.057136983985244250e+00,9.592475783603319428e+00,4.028918260536337170e-01,1.142374257065713827e+01,9.504909174988505072e-01,1.220919348072617616e+01,1.335124110987955470e+00,1.551817837131950872e+00,7.710707372687786165e-01,0.000000000000000000e+00,3.698792229470833082e-01,2.287087745506581268e-02,1.541040412639195778e-01,2.844726686953600106e-02,7.060245857650901402e-02,6.846376385851643542e-03,9.215208356007170698e-03,2.240770319503636310e-02,0.000000000000000000e+00,5.300889689972120011e-02,3.044109493054197313e-01,0.000000000000000000e+00,2.168908835402917970e-02,4.797636867114103421e-01,7.021121753189184592e-03,6.294388903292763571e-01,1.361845463039580706e-01,5.165745094252620698e-03,1.408009968820580493e-01,0.000000000000000000e+00,3.015526186773085857e-02,8.382644921708494110e-03,2.498278262654387016e-01,1.866783897697568348e-02,0.000000000000000000e+00,5.057525337788304487e-03,1.368531002994641810e-01,1.995580388697793528e-01,3.055929794412784450e-01,1.472486985885747834e-01,1.854092212400838102e+00,0.000000000000000000e+00,1.598037306394198276e-02,1.085650889673204916e-01,1.495500528143268726e+00,2.620277710314646707e-02,5.409965162082102513e-02,0.000000000000000000e+00,0.000000000000000000e+00,1.482750659037372458e-02,1.310819618245246954e-01,9.937003746390071779e-02
6.488868693008370769e+01,0.000000000000000000e+00,6.488775447051889911e-01,9.428655826349712221e-01,1.114447029941846745e+00,1.346375428733812669e+03,4.759097722348094806e+01,0.000000000000000000e+00,3.978661672745968936e-01,1.629588766820014030e+02,5.121793878984549631e-01,1.236947936993274944e+01,1.720844794108276066e-01,1.097757364078858700e+03,4.270278926356722238e+00,1.216115234044100844e-02,8.947044400989441204e-01,0.000000000000000000e+00,1.190115417369931733e-01,3.841140129187101682e+00,2.379480370796994926e+00,3.018214706535466210e-02,1.797288009285912924e+00,7.494777806207851834e-01,0.000000000000000000e+00,2.993242056014508434e-01,2.503712480670491902e-01,5.715645179809818011e+00,3.166906496416484629e+01,1.523900252550837209e+01,1.017321364718852192e-02,2.350838894696057082e+02,2.433927512580747465e-01,2.725783621636483645e+01,1.043344451140546386e-01,4.349058715773281847e+00,2.523768561642696362e-01,1.670550327886939357e+01,1.833611823420871589e+00,4.771708877971057206e+01,1.017485714861901691e+01,3.142848583069853818e-01,4.411608254394261408e-02,8.546227231110271536e-03,5.292689400712174974e-02,4.168872888192922538e-02,2.705744958812243695e-02,0.000000000000000000e+00,2.961224449119442478e-02,0.000000000000000000e+00,6.132363074520710833e-03,1.950645259299756129e-02,1.930383895980891315e-02,0.000000000000000000e+00,0.000000000000000000e+00,4.465859710021677365e-02,0.000000000000000000e+00,1.902551084375517926e-02,2.385456833970428514e-02,0.000000000000000000e+00,3.243178876729009563e-02,0.000000000000000000e+00,0.000000000000000000e+00,0.000000000000000000e+00,4.394749337643111264e-02,0.000000000000000000e+00,0.000000000000000000e+00,0.000000000000000000e+00,1.849103204194917430e-02,3.643835503460135516e-02,9.756547273383719965e-02,5.635456463745371070e-02,2.745943293841422439e-01,0.000000000000000000e+00,5.946957415679673085e-03,3.710908638117499381e-02,1.884495052073133781e-01,0.000000000000000000e+00,1.274264936705279960e-02,0.000000000000000000e+00,0.000000000000000000e+00,7.278618048809254101e-03,1.282542916879042191e-02,2.768483318248952246e-02
2.469764826653683687e-02,1.825968260292847978e+00,0.000000000000000000e+00,1.229053285266987494e+01,7.238114300059844686e-02,1.524419344530887344e+00,1.884151878301955962e+00,3.978661672745968936e-01,0.000000000000000000e+00,2.286861116512926007e+00,1.427264573268342135e-02,1.186933963602847371e+02,0.000000000000000000e+00,2.391830764360249328e-01,9.564773850729042692e+01,2.750198373249933770e+00,3.400078732427517375e-02,0.000000000000000000e+00,0.000000000000000000e+00,4.248140053620182321e+00,8.777823616414308638e-01,2.679554183736166237e+02,6.453387810505744060e-01,8.668573298591333014e+02,0.000000000000000000e+00,2.774219472092877975e-02,1.902104596891353472e+00,1.700003261142833466e+01,4.166757391102344221e-01,1.213108211192658770e+00,0.000000000000000000e+00,1.819363944413013301e-02,1.082593920133538834e-01,8.210746571945198857e-01,5.898398384034157088e-02,2.511092790917893680e+01,3.519389523934745578e-01,9.138031456069719560e-01,2.606671809246994265e-01,2.771498289752205437e+02,1.122806732555958475e-01,0.000000000000000000e+00,2.186645303109028049e+00,1.251039008187075086e-01,2.485068720609060477e-01,7.455592888292295051e-02,1.637318159049564681e+00,1.217252872972912972e-02,6.137216266357581849e-03,1.563459455232990569e-02,0.000000000000000000e+00,7.814362026547959361e-02,1.113147513307681136e+00,0.000000000000000000e+00,7.567150231383146242e-02,3.983633961890422071e-01,3.834504960606654328e-02,2.429054350446648769e+01,5.710914939473014096e-01,0.000000000000000000e+00,1.696877411737995667e+00,0.000000000000000000e+00,8.605799022337555504e-02,4.588685931528929673e-01,1.577674813902903095e+00,0.000000000000000000e+00,0.000000000000000000e+00,0.000000000000000000e+00,8.478693603198851347e-01,5.062025265385747819e-01,1.702232534712937806e+01,2.595670629318582723e-01,9.000285629159398226e+00,0.000000000000000000e+00,1.561002054656806387e-02,3.476691614173115785e-01,2.894001802827102843e+00,7.515201262713946950e-02,1.499936151118745342e-01,0.000000000000000000e+00,8.502403074440717870e-03,5.664184880875197670e-02,1.559851398434093372e-01,1.852985769853335296e-02
9.744640159742434804e+00,0.000000000000000000e+00,3.773031658766633212e-02,6.628294064303860296e+02,4.396175499711658941e-02,5.797428437346335386e+02,1.665284197546816358e+03,1.629588766820014030e+02,2.286861116512926007e+00,0.000000000000000000e+00,1.457028483124153395e-01,6.251638072990151613e+02,3.174633642495312130e-02,5.339540638884196255e+01,2.384527015676989325e-01,0.000000000000000000e+00,2.666984328442079458e-02,0.000000000000000000e+00,1.960307482556117309e-02,1.184683432526313482e+03,2.131071268298292964e-01,0.000000000000000000e+00,2.122841551383631287e-01,1.970285926109236030e+01,0.000000000000000000e+00,3.184679112138910639e-02,6.481717750150830029e-03,1.120189724211240446e+03,5.712878096902890057e+00,8.647757810424768765e-01,0.000000000000000000e+00,1.044701446100085862e-01,4.203059073855039407e-01,6.435084109229577187e+00,3.090463952544355575e-01,8.598975400678570580e+00,1.564489399760320143e-01,7.474142977510933150e+00,7.152460466967532904e-01,3.291028273405084636e+00,9.061816792959210831e-01,6.753442325358863241e-02,1.745253078041216488e-01,0.000000000000000000e+00,3.477902845811409877e-02,3.121946163006404651e-02,1.874105839769308890e-01,2.520285839066787811e-02,7.390392737531783877e-03,0.000000000000000000e+00,0.000000000000000000e+00,4.269046604562165385e-03,8.347522191718419471e-01,0.000000000000000000e+00,2.621246289899176532e-02,2.148897090474570226e-01,0.000000000000000000e+00,1.005630562690013496e+00,3.265516433663868123e-01,7.533006040221168487e-03,3.334298029442954725e-01,0.000000000000000000e+00,2.210858998681445101e-02,2.656551343940489682e-02,2.786485782060040689e-02,0.000000000000000000e+00,0.000000000000000000e+00,0.000000000000000000e+00,5.373117487641140277e-01,1.839178062423367163e-02,4.239329504913121743e-02,2.233007881954784946e-02,1.871592372573283258e+00,0.000000000000000000e+00,0.000000000000000000e+00,0.000000000000000000e+00,1.548068090675583930e+00,3.783737595580712737e-02,4.078160173283641027e-02,0.000000000000000000e+00,0.000000000000000000e+00,1.251159789386065667e-02,6.679245101211185587e-02,2.607749938681904953e-02
6.612798599664017341e-02,1.079029830574123883e-01,3.628071150295897329e-01,1.532292480676101208e-02,1.882637640371569165e-02,2.942158009428544885e-01,1.250694971206038897e-01,5.121793878984549631e-01,1.427264573268342135e-02,1.457028483124153395e-01,0.000000000000000000e+00,2.168924220829252514e-01,1.562535080387876405e+03,1.025177320856216934e+00,9.927729474219347539e-03,8.894440675997030907e-03,4.711778303933475520e+00,4.198780227422692519e+02,4.744443231245728043e+02,1.095602500760142206e-01,1.683791145102840892e-01,1.201116002741072289e-02,2.983619803999577602e-01,2.530063333084255767e-02,9.370447231247588604e+00,3.241433673958672443e+02,6.241313085411508865e+00,4.895711193677799999e-02,3.475456285191824435e+01,1.281668652072011916e-01,4.718205327812811589e+01,2.854492657113961163e-01,2.283488497670596931e-02,6.915794635359789027e+02,2.623111096642633325e-02,9.219962859896400076e-01,1.455020911090448408e+02,3.377837030349710972e+02,1.757183742855292552e+00,1.838167953511911645e-01,1.395843204665549453e-01,1.832006575653148275e+02,3.991415861380275681e-02,9.540053335106528642e-01,2.225993765716159992e-02,1.892165670168233574e-02,5.841659439170031852e-03,0.000000000000000000e+00,3.715403523333495328e-01,0.000000000000000000e+00,9.331461231705608789e-03,0.000000000000000000e+00,0.000000000000000000e+00,0.000000000000000000e+00,0.000000000000000000e+00,5.465566870338315134e-03,6.777059999358858028e-03,0.000000000000000000e+00,0.000000000000000000e+00,1.637179497906021131e-01,0.000000000000000000e+00,3.436198230654546659e+00,0.000000000000000000e+00,0.000000000000000000e+00,0.000000000000000000e+00,0.000000000000000000e+00,2.997977591105609879e-02,6.386872554794907619e-02,0.000000000000000000e+00,0.000000000000000000e+00,0.000000000000000000e+00,0.000000000000000000e+00,0.000000000000000000e+00,1.188883011216974372e+00,3.775417000449144411e-01,1.870742052647108300e-01,4.112538057731911917e-03,0.000000000000000000e+00,0.000000000000000000e+00,1.336758647428898383e-01,0.000000000000000000e+00,0.000000000000000000e+00,0.000000000000000000e+00,1.858769693908258677e-02
1.136727784691241375e-02,8.966092652588332490e-03,7.941843350848101085e-03,6.431223883568151223e+01,2.170846847475184638e-01,3.003403531756496818e+02,1.426448534023614823e+00,1.236947936993274944e+01,1.186933963602847371e+02,6.251638072990151613e+02,2.168924220829252514e-01,0.000000000000000000e+00,5.546262793298547406e-02,1.917314882647902730e+00,1.841541785352680733e+02,5.747041263801873183e-03,8.224950178533982706e-03,0.000000000000000000e+00,2.234213215647840381e-02,1.560712301490830214e+03,1.568965518158640590e-02,3.073348927007155118e-01,6.672440162762903818e-03,3.145954794867333604e+01,0.000000000000000000e+00,7.053513653915796655e-02,2.603677613681554953e-02,2.083293217587796953e+00,3.222367802296941086e+00,6.242564236896625679e-02,0.000000000000000000e+00,3.213614378556524653e-01,5.085213156769844561e-02,3.667236114795458413e+00,0.000000000000000000e+00,6.755318001009642082e+00,9.625032250929650701e-02,4.480717204827558753e+00,3.430466946441681486e-01,3.108813861507556453e+02,4.812690295829662457e-01,4.900606874835977678e-02,7.493422225855911334e-01,0.000000000000000000e+00,2.626431269985480058e-02,1.578463520415497590e-02,6.205129834868481353e-01,0.000000000000000000e+00,0.000000000000000000e+00,0.000000000000000000e+00,0.000000000000000000e+00,8.048444918270876089e-03,4.884986006169109163e-01,0.000000000000000000e+00,7.142528833420772050e-02,1.175304782902778511e-01,6.183281420728165521e-03,9.743648414795760271e-01,3.459091516077689721e-01,0.000000000000000000e+00,3.554738002895316384e+00,0.000000000000000000e+00,8.187561318320303594e-03,1.230285903692681371e-01,1.695539882431253836e-02,0.000000000000000000e+00,0.000000000000000000e+00,0.000000000000000000e+00,4.710327835788117867e-01,0.000000000000000000e+00,2.029086378593535078e-02,1.274545901938477395e-02,1.260935976443856577e+00,0.000000000000000000e+00,0.000000000000000000e+00,1.003778797700112871e-02,6.812299969537032318e-01,6.223123514986069957e-03,1.535252299146379860e-02,0.000000000000000000e+00,0.000000000000000000e+00,9.432559631045518006e-03,5.469653588049689340e-03,2.456051135513537265e+00
2.372648256009311438e-02,1.729204903417572270e+00,8.404087118283332103e-03,8.001164720328243080e-03,2.320900964008257295e-02,1.119285085539410557e-01,8.738819039333954597e-03,1.720844794108276066e-01,0.000000000000000000e+00,3.174633642495312130e-02,1.562535080387876405e+03,5.546262793298547406e-02,0.000000000000000000e+00,8.530523827797573122e-02,0.000000000000000000e+00,2.371903318410765668e-02,2.453223793736570083e-02,6.515826360203060830e-01,9.933654953312084368e-01,7.512455228009020866e-03,0.000000000000000000e+00,0.000000000000000000e+00,3.364123337949564280e-02,7.610842710141002901e-03,1.881888757988026782e+03,1.712318572129426855e+02,1.977856235288678022e+02,1.930701653956505559e-02,6.766010370405824148e-02,2.499699363837988922e-02,1.324340897402328437e+03,8.631646074398507951e-02,0.000000000000000000e+00,2.369481160312889187e+02,2.520702457919038811e-02,2.371982478032900588e+01,3.195713216659782461e+02,2.962734559900034697e+02,6.872708372922359032e+00,7.712851298325358596e-02,1.736497779303316236e+01,1.840507774720805173e+03,3.933400341803354738e+00,9.922978236172804500e+00,8.043041501234047264e-01,7.911125487443837478e-01,2.028748445222615382e-02,3.294769510203985341e-01,4.889579616902837245e+01,0.000000000000000000e+00,3.241672600374532753e-01,0.000000000000000000e+00,0.000000000000000000e+00,0.000000000000000000e+00,2.879484736733938302e-02,0.000000000000000000e+00,0.000000000000000000e+00,0.000000000000000000e+00,0.000000000000000000e+00,5.290310668443532371e+00,6.840211710898350290e-03,4.631841226683123836e+01,7.044274581386116008e-03,0.000000000000000000e+00,0.000000000000000000e+00,0.000000000000000000e+00,6.866271935508628799e-01,6.205063202237360853e-01,8.079840203209166100e-03,0.000000000000000000e+00,0.000000000000000000e+00,0.000000000000000000e+00,0.000000000000000000e+00,2.212209995754248837e+01,4.349048053518512980e+00,3.112761285318871973e+00,4.251519521205830709e-03,0.000000000000000000e+00,0.000000000000000000e+00,8.083301348121921803e-01,0.000000000000000000e+00,0.000000000000000000e+00,3.969676559139878602e-01,1.107268868014584830e-02
1.170937534629914126e+03,0.000000000000000000e+00,6.148736184984574527e-01,4.381022579797477223e-01,1.207936807999429596e-01,7.413433943728260367e+00,3.205759523554878569e+02,1.097757364078858700e+03,2.391830764360249328e-01,5.339540638884196255e+01,1.025177320856216934e+00,1.917314882647902730e+00,8.530523827797573122e-02,0.000000000000000000e+00,1.501637088254746677e-02,8.229771565320483442e-03,1.147626985025050672e+00,1.041268047635915753e-02,2.470321277768944279e-01,1.021518616694194082e+00,2.667094433084138405e+00,3.381314421100788115e-02,2.337345371982285425e+00,6.158697194832495336e-01,0.000000000000000000e+00,3.828744224897173698e-01,3.484905199166738465e-01,3.608361423674638413e+00,4.845782961631435342e+02,3.347504613018260500e+01,1.130879413356304306e-02,9.246816528052877970e+01,9.128072259228217078e-01,1.879279804496589179e+01,5.380708012777164068e-02,1.453451931042482048e+00,2.312367849880136439e-01,7.367317883293818426e+00,6.836380267804604838e-01,1.614332324660479046e+00,1.159735058759415738e+00,1.583697427956096693e-01,4.104037429552791216e-02,7.583193719149452020e-03,2.058866561885630553e-02,5.939253156315748780e-03,1.932595971045399097e-02,0.000000000000000000e+00,1.479293981124871551e-02,6.349937809637708382e-03,0.000000000000000000e+00,1.923724586293736050e-02,1.236339526837340781e-02,0.000000000000000000e+00,0.000000000000000000e+00,5.623604310240080950e-03,8.083538615406617514e-03,3.892596228042418532e-02,0.000000000000000000e+00,0.000000000000000000e+00,0.000000000000000000e+00,0.000000000000000000e+00,0.000000000000000000e+00,0.000000000000000000e+00,6.976154651606535084e-02,0.000000000000000000e+00,0.000000000000000000e+00,6.054865007719638717e-03,0.000000000000000000e+00,6.315592904894623549e-02,3.656470340529408697e-02,2.818957668830488275e-02,1.277173784900947073e-01,0.000000000000000000e+00,6.262363164889944538e-03,4.030501309846813013e-02,1.224783408056169254e-01,0.000000000000000000e+00,2.868834204509277536e-02,0.000000000000000000e+00,0.000000000000000000e+00,0.000000000000000000e+00,1.379937818994548746e-02,6.766309075243904722e-03
1.068281346798020948e-02,0.000000000000000000e+00,0.000000000000000000e+00,1.249457666242395765e-01,2.538558207822023292e+02,5.093885307604739978e+02,6.887740104715692202e-02,4.270278926356722238e+00,9.564773850729042692e+01,2.384527015676989325e-01,9.927729474219347539e-03,1.841541785352680733e+02,0.000000000000000000e+00,1.501637088254746677e-02,0.000000000000000000e+00,1.047060861051623930e-02,0.000000000000000000e+00,0.000000000000000000e+00,0.000000000000000000e+00,1.713759249272588658e-01,2.469297913035205239e-02,1.273282703219435208e-01,1.411825655443104122e-01,1.535929863082448055e+00,0.000000000000000000e+00,0.000000000000000000e+00,1.343150778491921001e-02,1.236452489787395886e-01,2.245805889350599091e-02,3.033431049887978792e-02,0.000000000000000000e+00,1.525942664492595746e+00,0.000000000000000000e+00,1.859737066036979136e-01,9.469773152718440556e+00,1.589425426755824322e+00,9.647614747377819544e-02,1.284048767248883172e-01,1.237250692880966091e-01,1.592329975787614103e+03,2.411580545786532248e+00,0.000000000000000000e+00,8.647932593809155855e-02,1.132373544694983969e-02,0.000000000000000000e+00,2.375281286767753908e-02,3.138015749725374115e-01,0.000000000000000000e+00,0.000000000000000000e+00,0.000000000000000000e+00,0.000000000000000000e+00,0.000000000000000000e+00,9.418510985699896088e-02,0.000000000000000000e+00,1.384314447398490681e-02,2.041483600296942549e-02,0.000000000000000000e+00,2.187715223496962680e-01,0.000000000000000000e+00,0.000000000000000000e+00,3.614298642588940624e-01,0.000000000000000000e+00,0.000000000000000000e+00,3.816763634313351944e-02,8.472048322838612866e-03,0.000000000000000000e+00,0.000000000000000000e+00,0.000000000000000000e+00,9.175223855627655245e-02,0.000000000000000000e+00,1.501561224087666867e-02,0.000000000000000000e+00,2.922408125529290523e-01,0.000000000000000000e+00,8.719914525251903220e-03,7.526146745162025017e-03,8.463741684015012312e-02,0.000000000000000000e+00,0.000000000000000000e+00,0.000000000000000000e+00,0.000000000000000000e+00,0.000000000000000000e+00,8.467778066844877313e-03,1.740543745325187630e-01
2.800552185595767130e-02,7.296188592374749371e-01,4.457016017766340932e-01,0.000000000000000000e+00,2.107426377969039838e-02,0.000000000000000000e+00,7.034311496859255164e-02,1.216115234044100844e-02,2.750198373249933770e+00,0.000000000000000000e+00,8.894440675997030907e-03,5.747041263801873183e-03,2.371903318410765668e-02,8.229771565320483442e-03,1.047060861051623930e-02,0.000000000000000000e+00,3.324671293206725720e-01,0.000000000000000000e+00,4.352646760164649575e-02,0.000000000000000000e+00,9.086436684525442615e+02,1.623126893410611160e+02,1.257095402378073004e+03,1.257016165716047738e+02,0.000000000000000000e+00,1.702431489307370815e-01,3.558323212487332512e+02,5.103862880832329552e+01,2.135145094454878045e-02,3.534913494640425924e-01,0.000000000000000000e+00,0.000000000000000000e+00,0.000000000000000000e+00,1.808703605056040331e+00,7.752483225731880978e-01,1.159634185703673026e+01,2.202356645862714402e+01,9.978862175172666937e+00,2.428667158578451613e+00,1.058900640617437938e+00,7.602113599317539272e-02,0.000000000000000000e+00,1.457887327701484104e+00,1.562991035637730342e+00,5.802922969653702134e-01,1.232111262922093164e-01,6.632483607551439841e-02,2.309410696670503860e-02,0.000000000000000000e+00,2.482911837821349596e-02,1.020674305599838100e-01,1.256646772367558507e+00,0.000000000000000000e+00,0.000000000000000000e+00,0.000000000000000000e+00,1.139599096308797910e-01,2.066489701343425869e-02,1.869381733462428252e-01,0.000000000000000000e+00,9.472062863417202161e-03,0.000000000000000000e+00,0.000000000000000000e+00,1.901184401291012432e-02,0.000000000000000000e+00,2.313026539266080928e+00,4.442786020794241980e-02,0.000000000000000000e+00,1.441760256043562310e-02,1.583762280027059544e-02,6.419368951369073262e-01,4.877488668157398344e+00,3.057796963499630483e+00,3.401345024618261381e-01,0.000000000000000000e+00,8.199561225383990293e-02,1.821593001679543633e+01,3.991324043280381484e-01,2.113879949406567010e-02,3.483494389463716034e-01,0.000000000000000000e+00,0.000000000000000000e+00,1.000668476347266883e-02,3.899362634853380527e-01,1.837165049344194612e-01
7.168540171367622227e-01,8.883300445587150040e-02,1.427091718854740918e+02,0.000000000000000000e+00,0.000000000000000000e+00,9.440588701112115344e-02,1.178460368472458386e+00,8.947044400989441204e-01,3.400078732427517375e-02,2.666984328442079458e-02,4.711778303933475520e+00,8.224950178533982706e-03,2.453223793736570083e-02,1.147626985025050672e+00,0.000000000000000000e+00,3.324671293206725720e-01,0.000000000000000000e+00,6.288147491197506600e-01,5.552835483904750618e+02,0.000000000000000000e+00,1.082539895750859671e+01,2.556571136175698200e-01,4.633120618140581541e+02,1.638766890140038179e-01,6.457632120058788561e-02,3.251414186600214862e+02,2.590880390591879490e+01,1.733672670530311377e+00,1.296215464605824597e+00,7.649204302223114205e+00,5.975298731529184865e-02,9.976844361699880454e-03,4.061119773195002725e-01,1.470914487554838672e+02,1.408571020297521847e-01,3.119117248660054909e+00,1.543557046976270364e+01,1.424990673892755133e+01,1.534663979804167910e+00,1.282514939049273495e-01,2.748708430043414822e-02,6.639505978447804435e-02,3.745273361122586353e-02,2.890346145700277702e-01,5.411764561149601943e-02,0.000000000000000000e+00,0.000000000000000000e+00,0.000000000000000000e+00,9.513760409758310194e-03,0.000000000000000000e+00,8.600627956260470386e-02,1.012045590322527971e-01,0.000000000000000000e+00,0.000000000000000000e+00,0.000000000000000000e+00,1.479711736637683017e-02,0.000000000000000000e+00,0.000000000000000000e+00,0.000000000000000000e+00,0.000000000000000000e+00,0.000000000000000000e+00,0.000000000000000000e+00,6.540766362320491259e-03,0.000000000000000000e+00,1.067142028881420124e-01,5.762210010116574493e-03,0.000000000000000000e+00,1.751816544690486949e-02,0.000000000000000000e+00,8.555854070800208988e-02,7.717762630052311945e-02,1.387670231008656663e-01,5.879202977447827577e-02,0.000000000000000000e+00,3.133562224594570456e-01,9.487742984083219477e-01,3.335769397838041217e-02,6.411771611943803059e-03,4.245791868834988825e-02,0.000000000000000000e+00,0.000000000000000000e+00,0.000000000000000000e+00,1.862723746025677848e-02,3.337912259319537195e-02
0.000000000000000000e+00,0.000000000000000000e+00,3.490584121163436276e-02,0.000000000000000000e+00,0.000000000000000000e+00,0.000000000000000000e+00,1.947410757293058584e-02,0.000000000000000000e+00,0.000000000000000000e+00,0.000000000000000000e+00,4.198780227422692519e+02,0.000000000000000000e+00,6.515826360203060830e-01,1.041268047635915753e-02,0.000000000000000000e+00,0.000000000000000000e+00,6.288147491197506600e-01,0.000000000000000000e+00,9.082098108617716434e+02,0.000000000000000000e+00,0.000000000000000000e+00,0.000000000000000000e+00,3.359451159611463039e-02,0.000000000000000000e+00,4.910415643295690802e-01,7.138586422782883574e+02,2.112718320979591002e+00,8.008045191885894420e-03,6.190158106818544753e-02,0.000000000000000000e+00,5.727190199187770503e-01,0.000000000000000000e+00,0.000000000000000000e+00,1.010279530063896702e+00,9.750491069253318377e-03,1.147660288491844233e-01,3.555383044246240409e+00,3.060783147003860449e+00,4.376936723112357513e-02,0.000000000000000000e+00,0.000000000000000000e+00,0.000000000000000000e+00,0.000000000000000000e+00,1.254251682288858860e-01,1.576777182540541403e-02,0.000000000000000000e+00,0.000000000000000000e+00,0.000000000000000000e+00,0.000000000000000000e+00,0.000000000000000000e+00,1.479283963901372248e-02,0.000000000000000000e+00,0.000000000000000000e+00,0.000000000000000000e+00,0.000000000000000000e+00,0.000000000000000000e+00,0.000000000000000000e+00,0.000000000000000000e+00,0.000000000000000000e+00,3.536672748760746193e-02,0.000000000000000000e+00,3.473089773268703273e-01,0.000000000000000000e+00,0.000000000000000000e+00,0.000000000000000000e+00,0.000000000000000000e+00,4.192912456214032552e-02,9.252094589453122367e-03,0.000000000000000000e+00,0.000000000000000000e+00,0.000000000000000000e+00,0.000000000000000000e+00,0.000000000000000000e+00,1.938271846014051336e-01,1.262631630842160624e-01,1.418159433050042439e-01,0.000000000000000000e+00,0.000000000000000000e+00,0.000000000000000000e+00,1.163187569852753948e-02,0.000000000000000000e+00,0.000000000000000000e+00,1.014055678830172100e-02,0.000000000000000000e+00
2.831963761053327838e-02,1.591290909379419194e-01,2.329102069180367440e+00,0.000000000000000000e+00,0.000000000000000000e+00,5.352895503794977833e-02,4.571319048471536584e-02,1.190115417369931733e-01,0.000000000000000000e+00,1.960307482556117309e-02,4.744443231245728043e+02,2.234213215647840381e-02,9.933654953312084368e-01,2.470321277768944279e-01,0.000000000000000000e+00,4.352646760164649575e-02,5.552835483904750618e+02,9.082098108617716434e+02,0.000000000000000000e+00,8.688910654475724693e-03,3.334133768862938552e-01,3.722013467955741922e-02,3.262835192829190767e+00,9.022841269806304229e-03,1.744998333738237317e+00,6.818423348503065426e+02,1.437351908109342524e+01,1.440452216187694534e-01,3.819404046096200878e-01,3.559919547008090768e-01,4.800999747351227809e-01,2.129684290535881555e-02,9.982635186595582855e-03,9.146355468067652339e+01,3.705120612824779058e-02,2.433799149122954475e+00,2.332216844416458201e+01,5.129397917758436876e+01,1.708791034017680399e+00,3.222925488016605694e-02,0.000000000000000000e+00,7.790600229990082837e-02,9.003672648301246778e-03,5.463548193845584322e-01,3.346639503349371769e-02,0.000000000000000000e+00,8.890765852464378727e-03,0.000000000000000000e+00,0.000000000000000000e+00,0.000000000000000000e+00,2.770330439875452050e-02,0.000000000000000000e+00,0.000000000000000000e+00,0.000000000000000000e+00,0.000000000000000000e+00,1.014447706781023209e-02,0.000000000000000000e+00,0.000000000000000000e+00,0.000000000000000000e+00,0.000000000000000000e+00,0.000000000000000000e+00,2.194653315540932570e-01,0.000000000000000000e+00,0.000000000000000000e+00,7.292992780008368536e-03,8.102877463637140482e-03,4.102982201880227275e-02,8.442407749930899707e-02,0.000000000000000000e+00,6.205185651379269314e-03,9.013224144812318622e-03,7.208217121143493077e-03,0.000000000000000000e+00,1.999904125147429212e-01,5.884484280557231717e-01,6.401298381943455462e-01,5.665178738913369608e-03,0.000000000000000000e+00,0.000000000000000000e+00,8.787877406321063095e-03,0.000000000000000000e+00,0.000000000000000000e+00,3.375507486540597207e-02,1.696160191066483150e-02
