0.000000000000000000e+00,8.779320638175268018e-03,6.289038666485166629e-02,1.464405269287054334e-02,0.000000000000000000e+00,1.814666998388325680e-01,2.325425253552942877e+02,1.434575684864151945e+01,1.156651059954759558e-01,4.588054632270455735e-01,1.151741868103307170e-01,8.435612214371805695e-02,3.000614272937610766e-02,9.249905869515459926e+02,2.024347867451486288e-02,1.547958493331579553e-02,9.571036229407689500e-02,0.000000000000000000e+00,3.880239868404830594e-02,6.680201319801397364e-02,8.661746726276364772e-01,1.541963846340535689e-02,1.619123975672654758e+00,3.266245183128140273e-01,0.000000000000000000e+00,3.699683268814686621e-02,3.622394512213813339e-02,6.693635871213367006e-01,1.338700404894575740e+03,7.212768650878365406e+01,0.000000000000000000e+00,7.177541689342904763e-02,7.909768605771460015e-01,8.290578749708913397e-01,2.403115024160448407e-02,3.166594700050192612e-01,7.961430600660393542e-02,7.370770844109452158e-01,2.334601063622195605e-01,3.394662102418969513e-02,5.020343785795709779e-02,1.204381983301181999e-02,5.197963359022019468e-03,0.000000000000000000e+00,1.409324593080802691e-02,0.000000000000000000e+00,6.549102076693728847e-03,0.000000000000000000e+00,0.000000000000000000e+00,0.000000000000000000e+00,0.000000000000000000e+00,0.000000000000000000e+00,0.000000000000000000e+00,0.000000000000000000e+00,0.000000000000000000e+00,2.386324320605446095e-02,0.000000000000000000e+00,3.334482282764462957e-02,0.000000000000000000e+00,0.000000000000000000e+00,0.000000000000000000e+00,0.000000000000000000e+00,5.196310251818383845e-03,0.000000000000000000e+00,0.000000000000000000e+00,0.000000000000000000e+00,0.000000000000000000e+00,0.000000000000000000e+00,0.000000000000000000e+00,0.000000000000000000e+00,0.000000000000000000e+00,0.000000000000000000e+00,1.750526764357176676e-02,0.000000000000000000e+00,0.000000000000000000e+00,0.000000000000000000e+00,1.195679900293111081e-02,4.140702768292562827e-03,0.000000000000000000e+00,0.000000000000000000e+00,0.000000000000000000e+00,0.000000000000000000e+00,6.430215734444336487e-03,2.763561523720952165e-02
8.779320638175268018e-03,0.000000000000000000e+00,6.623920376181097192e-01,0.000000000000000000e+00,0.000000000000000000e+00,0.000000000000000000e+00,0.000000000000000000e+00,0.000000000000000000e+00,1.789479477205187408e+00,0.000000000000000000e+00,6.113251996327458970e-01,0.000000000000000000e+00,7.959426621293723692e+00,0.000000000000000000e+00,8.183136640126660588e-03,2.109268355403087103e+00,5.373660206315010734e-01,3.974632927462868476e-02,2.715606615142363567e-01,0.000000000000000000e+00,1.000727634207258521e-01,1.590992279262780187e+02,5.972189954943801782e-01,3.818378749151028373e+00,2.779962170856053945e+02,3.997385515132843459e+00,6.303516192257588955e+02,3.567844900061285518e-01,6.467672444207984463e-03,8.607264467643857553e-03,4.159701074470595339e-01,0.000000000000000000e+00,1.846377326883109210e-02,1.264659862662586565e-01,0.000000000000000000e+00,8.004065424191993960e-01,1.401656904552072369e+00,8.356915592447377028e-01,2.109559043220376462e-01,8.210711184450460859e-03,0.000000000000000000e+00,6.453797690991937008e-01,6.159205701978930358e-01,6.811452924700911460e-01,4.295490473267477571e-01,2.906989987822454213e-01,0.000000000000000000e+00,0.000000000000000000e+00,9.369809135603938965e-02,0.000000000000000000e+00,1.461088047459986967e+02,9.546844845440507488e-01,6.804392205266386606e-03,0.000000000000000000e+00,0.000000000000000000e+00,0.000000000000000000e+00,0.000000000000000000e+00,2.272312381928500921e-02,0.000000000000000000e+00,2.600379240401325398e-01,5.760007481259717121e-03,1.543499339632178335e+00,0.000000000000000000e+00,0.000000000000000000e+00,5.439822863406976877e-02,2.643443260151520646e-01,9.884357918355454742e-02,4.463077485257073707e-01,0.000000000000000000e+00,0.000000000000000000e+00,3.506678011647564208e+00,1.814106581812005570e-01,5.275950162107304053e-02,3.022849030113244950e+01,5.337230421252932011e+00,4.282966751961248519e+01,1.828803487496104274e-02,0.000000000000000000e+00,1.043113091565898293e-02,2.117254133840176245e-01,0.000000000000000000e+00,0.000000000000000000e+00,5.799377379504682545e-02,4.094612949863235540e-02
6.289038666485166629e-02,6.623920376181097192e-01,0.000000000000000000e+00,8.828842628264646844e-03,0.000000000000000000e+00,6.698029612535095871e-03,4.717406854721025722e-01,7.252224713366257902e-02,1.060601009396456261e-02,5.952293911950262695e-03,1.153164110160112034e-02,0.000000000000000000e+00,6.419523752757041492e-03,3.230078648516483963e-01,0.000000000000000000e+00,9.643349269226973719e-02,1.420983911337571897e+02,2.481789928880866539e-02,1.301817672715423369e+00,7.094037235252264803e-03,8.340744401292699450e+00,2.881628718195677896e-01,6.945847884017770184e+02,4.023453209479558451e-02,0.000000000000000000e+00,5.052064502896895419e+02,7.936378620108117730e+02,5.489017278737201577e-01,2.413583279119101976e-01,1.117376537516002077e+00,0.000000000000000000e+00,0.000000000000000000e+00,5.957910709976935171e-02,2.556577589168264275e+00,4.852737406348387461e-01,9.504535589486891922e+00,1.381262375903375172e+01,1.279370789311031231e+01,5.442179766400862206e+00,1.183451468375289889e-01,3.059789686147762131e-02,0.000000000000000000e+00,1.996860627008948397e-01,4.298137779510846634e-01,1.749307249809435028e-01,3.163931115916224224e-01,2.315544299873633152e-02,6.376968184440104034e-03,0.000000000000000000e+00,0.000000000000000000e+00,9.029098803231566661e-01,2.548116959291141792e-01,0.000000000000000000e+00,0.000000000000000000e+00,0.000000000000000000e+00,0.000000000000000000e+00,0.000000000000000000e+00,0.000000000000000000e+00,0.000000000000000000e+00,0.000000000000000000e+00,0.000000000000000000e+00,0.000000000000000000e+00,0.000000000000000000e+00,0.000000000000000000e+00,4.998297000018874642e-02,1.990922265106343514e-01,0.000000000000000000e+00,1.211705990272572350e-02,0.000000000000000000e+00,4.724724730497984609e-03,2.742519557657720486e-01,1.983459081118370826e-01,2.606131453535360035e-02,1.403731983063798844e-02,1.588326079942783964e-01,3.417876619048938913e+00,3.192813139066120326e-02,0.000000000000000000e+00,6.224756095105334758e-03,0.000000000000000000e+00,0.000000000000000000e+00,0.000000000000000000e+00,1.663208416744155899e-02,1.816108020036433235e-01
1.464405269287054334e-02,0.000000000000000000e+00,8.828842628264646844e-03,0.000000000000000000e+00,7.603466947032136436e-03,1.897176173575557456e+00,7.450284678501765789e+00,8.780129970846528575e-01,4.865598765839699524e+00,5.902044536286545053e+02,6.976568895930561343e-02,4.010395800729890681e+01,7.442774077804564965e-03,1.085907664914646409e+00,2.861918122169297973e-01,0.000000000000000000e+00,0.000000000000000000e+00,1.292163116270921702e-02,1.698932590664811379e-02,3.218765718343318895e+03,9.275293400007995903e-03,0.000000000000000000e+00,0.000000000000000000e+00,2.418987566543126206e+02,0.000000000000000000e+00,0.000000000000000000e+00,0.000000000000000000e+00,6.342201218710276862e+02,7.903534089780762661e-01,4.797522665958969118e-02,0.000000000000000000e+00,1.585082241892713656e-02,5.024594650380524025e-02,6.838339508961770452e-01,1.356674941547985069e-01,1.933664839374260591e+00,1.466878206368943220e-02,1.220861327019187481e+00,1.690856743866336331e-01,8.133715426986096730e-01,6.671247637397947905e-02,8.797632307135311650e-03,4.512768508685777169e-01,0.000000000000000000e+00,3.339630982395034309e-01,7.030034733537700309e-02,4.575907211822913823e-01,7.980704678001337982e-02,4.908671712056550743e-03,2.160811544052440233e-02,0.000000000000000000e+00,0.000000000000000000e+00,1.110188944274873712e+01,0.000000000000000000e+00,7.375938288868362502e-02,5.858446931481792186e-01,1.500635118438012616e-01,8.320713273585851333e-01,2.576846211611197646e+00,4.185640227006923175e-02,2.746427866314738964e+01,0.000000000000000000e+00,2.293658380797402307e-01,6.616057540999983888e-02,0.000000000000000000e+00,0.000000000000000000e+00,0.000000000000000000e+00,0.000000000000000000e+00,2.647721602035538968e+00,7.927204132219659027e-03,0.000000000000000000e+00,4.552918683063268690e-03,2.452673835385842604e+00,0.000000000000000000e+00,0.000000000000000000e+00,0.000000000000000000e+00,3.023419757892264581e+00,1.152360018726553414e-01,3.456738737475125584e-02,0.000000000000000000e+00,5.544345585584701391e-03,1.335665013355937132e-02,1.300974146796089193e-01,3.240068869261700929e-02
0.000000000000000000e+00,0.000000000000000000e+00,0.000000000000000000e+00,7.603466947032136436e-03,0.000000000000000000e+00,1.854143457219111042e+02,1.811082093294038090e-02,2.969272871681951642e+00,6.078240031575572744e-02,4.638553054561787153e-02,8.049956165081541271e-02,4.492667956926749140e-01,2.324482893799603017e-02,4.243145661630239734e-02,1.477128630587420446e+02,0.000000000000000000e+00,1.086000534085040416e-02,0.000000000000000000e+00,0.000000000000000000e+00,4.494271451465171874e-02,8.254086204670755059e-03,0.000000000000000000e+00,0.000000000000000000e+00,0.000000000000000000e+00,0.000000000000000000e+00,0.000000000000000000e+00,0.000000000000000000e+00,0.000000000000000000e+00,2.732517142040811753e-01,0.000000000000000000e+00,0.000000000000000000e+00,1.203896961905794285e+02,0.000000000000000000e+00,1.907081941386872259e+01,1.193334327535821790e-02,9.064882148731958633e-01,7.666259158793931050e-02,1.285971031940799092e+00,1.771159862937505824e-01,5.853960536397872829e+02,3.331657695278911433e+02,0.000000000000000000e+00,0.000000000000000000e+00,0.000000000000000000e+00,5.520761106197571468e-03,0.000000000000000000e+00,1.146549277860801040e-02,0.000000000000000000e+00,0.000000000000000000e+00,0.000000000000000000e+00,0.000000000000000000e+00,0.000000000000000000e+00,0.000000000000000000e+00,0.000000000000000000e+00,0.000000000000000000e+00,0.000000000000000000e+00,0.000000000000000000e+00,0.000000000000000000e+00,1.141403964670224293e-02,0.000000000000000000e+00,1.187349301927712389e-02,0.000000000000000000e+00,0.000000000000000000e+00,0.000000000000000000e+00,4.564311798156793845e-03,0.000000000000000000e+00,0.000000000000000000e+00,0.000000000000000000e+00,0.000000000000000000e+00,0.000000000000000000e+00,0.000000000000000000e+00,0.000000000000000000e+00,0.000000000000000000e+00,0.000000000000000000e+00,0.000000000000000000e+00,0.000000000000000000e+00,0.000000000000000000e+00,0.000000000000000000e+00,0.000000000000000000e+00,0.000000000000000000e+00,0.000000000000000000e+00,0.000000000000000000e+00,0.000000000000000000e+00,0.000000000000000000e+00
1.814666998388325680e-01,0.000000000000000000e+00,6.698029612535095871e-03,1.897176173575557456e+00,1.854143457219111042e+02,0.000000000000000000e+00,1.667910838516442951e+01,9.025535280639157918e+02,9.671034234361889359e-01,4.924559001436411450e+02,3.171393582024385482e-01,3.689631721950265728e+02,1.976345630771787210e-01,8.263990588097925638e+00,2.630019331758607564e+02,0.000000000000000000e+00,5.140280817331004636e-03,4.503682314868764913e-02,9.580818181934608324e-02,1.564963801557492751e+01,6.660513405794633857e-02,0.000000000000000000e+00,6.108164199510172920e-02,5.294584402045570126e-01,0.000000000000000000e+00,3.309956402179388413e-02,1.055806798439794941e-02,3.066388455528947343e+00,1.427813030512392833e+00,7.573095059580187138e-01,0.000000000000000000e+00,7.656971603344317145e+01,3.445755137357528475e-02,2.157594072436303190e+00,2.128477069835914837e-01,4.525193991135457061e+00,2.219743485867553545e-01,2.327615054663186189e+00,2.692091655347170764e-01,1.363263164017000975e+02,1.013214930606545927e+01,9.149757525821362869e-02,1.596128506921423718e-01,1.183772904035026129e-02,4.384283051711473228e-02,2.406525869058357900e-02,1.505803238639765174e-01,1.246269870264449242e-02,0.000000000000000000e+00,0.000000000000000000e+00,0.000000000000000000e+00,0.000000000000000000e+00,6.672393103878022924e-02,0.000000000000000000e+00,1.084187347725886104e-02,6.556403649328527983e-02,2.650333069768367675e-02,3.187681630470098892e-02,1.095810031899012993e-01,5.831427296464849336e-03,1.933881653235254294e-01,0.000000000000000000e+00,3.510904686358104487e-02,9.182607662452853606e-03,0.000000000000000000e+00,0.000000000000000000e+00,4.319386522678328282e-03,0.000000000000000000e+00,5.788332686442846514e-02,0.000000000000000000e+00,0.000000000000000000e+00,6.299543807907746241e-03,1.287532716022752877e-01,0.000000000000000000e+00,0.000000000000000000e+00,4.450096697390776811e-03,1.755442391317589834e-01,0.000000000000000000e+00,0.000000000000000000e+00,0.000000000000000000e+00,4.522232573557870630e-03,5.695270855162264459e-03,2.661427279517937505e-02,2.396336892497187565e-02
2.325425253552942877e+02,0.000000000000000000e+00,4.717406854721025722e-01,7.450284678501765789e+00,1.811082093294038090e-02,1.667910838516442951e+01,0.000000000000000000e+00,5.250094019286354552e+01,1.306893846415354998e+00,8.841452633896112729e+02,3.277645473879330917e-01,1.393414867904047449e+00,3.001496488918692362e-02,2.516430131959674554e+02,1.894026308112320145e-01,2.344593849133989882e-02,1.333803803770737817e-01,9.046587496101443637e-02,8.945399300043835322e-02,2.494167573745398880e-01,1.054072294926863407e+01,1.530763140496175789e-01,6.791069696131080136e+00,1.530986954424981583e+01,0.000000000000000000e+00,5.755878420066879581e-02,2.994051220009071868e-01,6.404970231541607291e+02,2.079617510540193948e+01,1.093290570765827397e+03,0.000000000000000000e+00,1.290423801514168356e-01,1.087561089776606815e+00,5.482796329637648292e+00,1.335010003251479560e+00,1.236359209700274242e+01,6.365472077454837896e-01,1.121999718177035810e+01,3.258423137648138734e+00,1.350793678054682090e+00,8.668383250713430632e-01,2.975570281267067227e-02,5.477537982064265565e-01,1.851775049442234630e-02,1.790280192508881540e-01,2.112324784312798187e-01,1.296902651066309253e-01,1.781164812645574802e-02,0.000000000000000000e+00,4.059459687005848028e-02,0.000000000000000000e+00,9.561331115107237280e-03,2.820109828122124157e-02,0.000000000000000000e+00,0.000000000000000000e+00,4.284168863113361758e-01,2.666822484961426168e-02,5.359680783170841512e-01,1.628847352943654792e-01,4.870964337370174528e-03,9.700668807201533184e-02,0.000000000000000000e+00,1.287331775610681961e-01,1.635425518730761543e-02,5.795979171280236930e-02,6.682114434064591844e-03,0.000000000000000000e+00,0.000000000000000000e+00,4.525211216600773939e-02,2.743580034858906710e-02,5.138764771652736679e-02,1.220327086702993474e-01,7.731658476769888155e-01,0.000000000000000000e+00,4.564938118466191005e-03,4.002305916397493751e-02,6.816687336025436528e-01,1.391876383024241992e-01,8.097627960022052429e-02,0.000000000000000000e+00,4.520201097081277646e-03,1.178193496564620621e-02,1.065081587347163627e-01,3.636293623829930377e-01
1.434575684864151945e+01,0.000000000000000000e+00,7.252224713366257902e-02,8.780129970846528575e-01,2.969272871681951642e+00,9.025535280639157918e+02,5.250094019286354552e+01,0.000000000000000000e+00,3.668077847667799984e-01,1.165129383175571149e+02,9.727564411543102585e-01,6.814542672779730026e+00,4.026022077902035590e-01,1.582492561705468461e+03,3.891587107698215142e+00,1.786619545610074883e-02,5.333270060971999349e-02,8.937319042770278110e-02,1.380700889966577916e-01,2.767530229190335866e+00,8.981124003580350790e-01,0.000000000000000000e+00,1.304128660326229205e+00,7.609824876785982184e-01,1.115529737899193484e-02,7.327277355839763306e-02,6.253588589979519607e-02,1.735609882598996956e+00,7.898613841722955442e+00,8.365228062092576522e+00,0.000000000000000000e+00,1.396284919507060067e+02,9.957481621604497013e-02,4.786982647687159087e+00,2.036206895433202990e-01,8.029930543545042099e+00,2.517814878474289864e-01,4.658579407502256409e+00,6.089878071311679575e-01,3.109135146815265927e+01,5.944065514427905761e+00,2.149674466953449270e-01,2.047631688124041671e-01,1.226202519874617855e-02,6.410259757738386022e-02,3.739672066834882902e-02,5.414126432422187996e-02,1.922455295978630838e-02,1.279510936932895006e-02,0.000000000000000000e+00,0.000000000000000000e+00,0.000000000000000000e+00,6.763139269843342072e-02,0.000000000000000000e+00,2.379382503205352759e-02,1.665980426096852207e-01,2.044623216902381746e-02,1.133154988746701980e-01,1.012158945980464742e-01,0.000000000000000000e+00,4.184869042002149764e-02,4.102525066117660053e-03,3.712025480225922269e-02,3.211235944836464407e-02,6.065496739804756600e-03,0.000000000000000000e+00,0.000000000000000000e+00,0.000000000000000000e+00,2.481971975892556179e-02,4.104120772470978840e-03,1.001951432508015744e-02,1.716080979666053524e-02,2.960025684474888452e-01,0.000000000000000000e+00,0.000000000000000000e+00,5.742975051410826107e-03,2.870653106722779180e-01,3.896325021674635486e-02,6.566450326215667044e-02,0.000000000000000000e+00,0.000000000000000000e+00,0.000000000000000000e+00,3.045735688402352592e-02,3.130919211331885388e-02
1.156651059954759558e-01,1.789479477205187408e+00,1.060601009396456261e-02,4.865598765839699524e+00,6.078240031575572744e-02,9.671034234361889359e-01,1.306893846415354998e+00,3.668077847667799984e-01,0.000000000000000000e+00,2.300797009799955273e+00,1.006034878193971527e-01,1.057626487623732743e+02,1.656476559277579239e-02,9.804274879329288872e-01,3.839724852192097160e+01,1.054224158041419912e+01,3.656319700625434987e-02,0.000000000000000000e+00,6.770717967197722835e-03,1.909385142135042512e+00,1.026508820880035699e+00,1.967258252976317578e+02,1.857942313479168162e+00,7.140381373837848287e+02,9.205173852564335624e-02,1.280000218750037590e-02,1.885453172705056968e+00,1.191785045306463964e+01,1.852773920380011319e+00,9.282713428748737838e-01,0.000000000000000000e+00,7.936447493009472776e-02,6.027962302922319493e-01,1.201629659882553991e+00,3.274558709275553481e-01,5.966538816703435444e+00,7.161810569963690254e-01,2.137419693960053380e+00,8.167053585572762175e-01,5.940899880490215423e+01,1.949520434547472314e-01,8.019723801916393835e-03,1.201296007836247792e+00,3.920409234887483468e-02,5.775531570536750481e-01,1.609675921492452477e-01,4.749247278075144907e-01,6.211149317567470768e-02,0.000000000000000000e+00,9.965225533836719052e-02,4.085041592245357983e-02,0.000000000000000000e+00,4.398785344983324741e-01,0.000000000000000000e+00,9.495713793441615258e-02,1.446030225001094349e+00,9.897083144102633567e-02,1.313161623895581158e+02,2.960156598399673045e-01,1.601228774987055112e-02,3.938704686590394632e-01,0.000000000000000000e+00,2.352985903027495218e-01,8.099936626548687180e-02,2.667158080251460728e+00,2.258282828422055258e-02,0.000000000000000000e+00,7.252372630039689676e-03,1.526033832967262083e-01,1.622384599443553455e-01,2.396618037761531639e+01,7.678157891536999680e-01,1.238022934913215423e+01,0.000000000000000000e+00,1.133712110973559596e-02,2.835833341925285134e-01,3.446317865720335494e+00,2.052029360041934536e-01,2.193522827683060117e-01,0.000000000000000000e+00,0.000000000000000000e+00,6.790286363563034777e-02,2.335621350218547165e-01,8.280722115080346724e-02
4.588054632270455735e-01,0.000000000000000000e+00,5.952293911950262695e-03,5.902044536286545053e+02,4.638553054561787153e-02,4.924559001436411450e+02,8.841452633896112729e+02,1.165129383175571149e+02,2.300797009799955273e+00,0.000000000000000000e+00,3.776097650429979802e-01,7.784817426132025275e+02,4.785368515732775496e-02,4.941195496237995854e+01,4.030837381038619993e-01,0.000000000000000000e+00,6.860843673558010732e-03,6.111776840763837038e-02,7.984802467088074340e-02,1.032442880026141893e+03,1.505891003509900461e-01,0.000000000000000000e+00,9.958706177828023642e-02,4.934103842609283141e+00,0.000000000000000000e+00,4.106521074606245963e-02,4.299103345430027763e-03,4.759108567246491930e+02,4.310159586693790956e+00,3.906240037339289151e-01,5.492496845015812888e-03,2.039974958993081844e-01,1.737023513261818086e-01,2.564572392123229960e+00,5.527573206465428157e-01,7.396590152796148843e+00,1.420472585391108489e-01,5.566102731987648156e+00,7.514146334338348554e-01,1.451334483337604064e+00,7.550858823205698345e-01,2.120195757494846428e-02,8.775484543148697192e-01,2.739668395112488178e-02,6.637524909856260535e-01,1.850396684216537579e-01,3.142306386967924081e-01,8.820481347190708976e-02,0.000000000000000000e+00,2.202853270774173325e-02,0.000000000000000000e+00,0.000000000000000000e+00,3.842613799885914894e+00,7.551540624444746594e-03,1.701727167953653030e-01,8.414054417141679787e-01,2.212999764365084221e-01,7.709598160219756080e-01,1.891401954229757099e+00,4.546283452313786000e-02,1.019521277625092370e+00,5.132184527782404290e-03,3.690003205159351207e-01,1.598241777965939484e-02,0.000000000000000000e+00,0.000000000000000000e+00,4.537326461248148562e-03,0.000000000000000000e+00,6.354857319222035894e-01,9.362262977361342567e-03,1.122095999168564069e-02,1.927344188319549123e-02,2.906035389884229048e+00,0.000000000000000000e+00,4.098357580198007215e-03,4.962784793505184769e-03,3.630477996265429663e+00,2.156533858394093506e-01,3.133616477054243510e-02,4.566927904754577820e-03,9.850617777324346264e-03,1.345809561868510466e-02,2.622522226559929615e-01,6.530696891354081934e-02
1.151741868103307170e-01,6.113251996327458970e-01,1.153164110160112034e-02,6.976568895930561343e-02,8.049956165081541271e-02,3.171393582024385482e-01,3.277645473879330917e-01,9.727564411543102585e-01,1.006034878193971527e-01,3.776097650429979802e-01,0.000000000000000000e+00,3.730431627364511060e-01,1.146549935683453668e+03,5.752243553459315262e-01,0.000000000000000000e+00,0.000000000000000000e+00,1.032533455878815287e+00,5.980370444908551235e+02,2.805853544599474958e+02,1.876970866756094702e-01,3.623710888738097824e-02,3.171736322423508725e-02,8.107694336278097047e-02,1.993421956023229691e-01,2.589572239552401811e+01,8.811810496794096252e+02,4.718991241256723868e+00,1.421931051135912893e-01,5.578963514926128298e+00,1.116924371938683158e-01,8.850187834103164164e+01,2.768373036429389700e+00,2.083235321417627531e-02,5.859961967458086747e+02,2.302543357443508076e-02,1.877442096853781273e+00,6.952959970847358306e+01,8.614210318556349932e+01,1.146671495843949895e+00,9.634592001120867444e-01,7.330432874387490805e-02,1.030259552221774442e+02,4.873683092704826636e-02,5.625034055432393210e+00,3.184021676809902640e-02,1.156738907396595920e-02,1.913354735888232391e-02,0.000000000000000000e+00,2.756878343789041175e+00,0.000000000000000000e+00,5.916511198303776864e-02,0.000000000000000000e+00,4.604780143459531738e-03,0.000000000000000000e+00,0.000000000000000000e+00,3.086817931861188247e-02,0.000000000000000000e+00,2.140038873613985676e-02,2.285196482125242262e-02,3.973440171612907967e+00,1.708430759840731672e-02,6.167858531463697780e+00,0.000000000000000000e+00,0.000000000000000000e+00,0.000000000000000000e+00,4.609524348094770282e-03,1.195660674114119304e-01,2.591596328501566751e-02,5.399598375209964905e-03,0.000000000000000000e+00,0.000000000000000000e+00,0.000000000000000000e+00,6.252152419426659780e-02,1.222047453195224787e+00,6.366842362424409707e-01,9.052887485182133931e-01,5.880893880657870471e-02,0.000000000000000000e+00,0.000000000000000000e+00,6.105219782908091197e-01,0.000000000000000000e+00,6.569096498640293949e-03,9.812787273442579242e-03,0.000000000000000000e+00
8.435612214371805695e-02,0.000000000000000000e+00,0.000000000000000000e+00,4.010395800729890681e+01,4.492667956926749140e-01,3.689631721950265728e+02,1.393414867904047449e+00,6.814542672779730026e+00,1.057626487623732743e+02,7.784817426132025275e+02,3.730431627364511060e-01,0.000000000000000000e+00,4.763098291362044545e-02,4.954256295051790993e+00,2.486521247314291543e+02,0.000000000000000000e+00,1.213004258545224111e-02,4.756853238389351785e-02,8.894846100392475585e-02,1.353222965192112952e+03,0.000000000000000000e+00,1.755011638641293045e-02,4.115129953174196178e-03,1.878621173184122384e+01,0.000000000000000000e+00,4.894237693188333710e-02,5.847007815876355610e-03,2.468367779082119462e+00,1.456237582674236641e+00,5.782436714035778247e-02,5.628992402973189736e-03,2.052143743156249200e-01,0.000000000000000000e+00,1.479021046541568962e+00,0.000000000000000000e+00,2.296462591545212373e+00,5.238107378637067713e-02,2.457951514377128444e+00,1.313881720629111183e-01,1.297758823203112115e+02,4.443150180441736152e-01,2.409996346335969639e-02,3.644946150898713544e-01,0.000000000000000000e+00,1.473535663413735319e-01,5.033837683150781117e-02,2.181981326895777507e+00,2.132687117103460733e-02,0.000000000000000000e+00,5.775243823751430999e-03,0.000000000000000000e+00,0.000000000000000000e+00,8.598751632219671093e-01,1.134389183975783449e-02,2.569695138545841639e-01,5.830358551974291342e-02,7.620334994628610858e-02,2.521485654212396454e-01,1.048937223000812713e+00,4.879214935984500616e-03,7.771606355670318322e+00,0.000000000000000000e+00,7.740070326989943739e-02,3.593721158397483184e-01,0.000000000000000000e+00,0.000000000000000000e+00,0.000000000000000000e+00,0.000000000000000000e+00,2.415878416330364542e-01,0.000000000000000000e+00,0.000000000000000000e+00,0.000000000000000000e+00,1.193229441431615356e+00,0.000000000000000000e+00,0.000000000000000000e+00,0.000000000000000000e+00,1.707450830235298422e+00,5.024889387195094481e-02,8.349964630887123443e-03,0.000000000000000000e+00,0.000000000000000000e+00,6.657513127905599626e-03,3.869051133156851258e-02,9.653244857039222637e-03
3.000614272937610766e-02,7.959426621293723692e+00,6.419523752757041492e-03,7.442774077804564965e-03,2.324482893799603017e-02,1.976345630771787210e-01,3.001496488918692362e-02,4.026022077902035590e-01,1.656476559277579239e-02,4.785368515732775496e-02,1.146549935683453668e+03,4.763098291362044545e-02,0.000000000000000000e+00,2.354210772607094604e-01,7.375256856095512070e+00,2.660637337002560304e-02,0.000000000000000000e+00,1.011159412582527173e+00,2.047952397800670843e-01,3.333798844382730719e-02,0.000000000000000000e+00,1.877577339219156927e-01,0.000000000000000000e+00,3.714359960677748873e-02,8.979626516383115131e+02,8.804022780218876676e+01,5.345343816793287033e+02,4.376151597754743966e-02,3.150689158472941842e-01,3.305189743681702375e-02,0.000000000000000000e+00,3.780238803908644862e-01,0.000000000000000000e+00,5.751289053562492626e+01,1.244054951708302437e-02,9.459419096445834896e+00,6.762405584584365670e+01,2.344424577937145386e+02,1.401457897690519872e+01,4.223862424506484858e-01,1.958545890628620612e+01,4.183441555040341200e+02,3.049251367854268757e+00,1.081402452919163970e+01,8.313536449942634521e-01,1.869508676572301020e+00,3.270586838927199563e-02,3.861486431745129178e-01,1.446098239719481882e+01,8.314366691786369626e-03,5.779487199448439805e-01,0.000000000000000000e+00,6.936358676296027967e-03,0.000000000000000000e+00,0.000000000000000000e+00,1.290925210999574989e-02,2.919307285923655043e-02,6.227543271429132957e-03,8.395074221968727018e-03,8.270094721730355758e+00,1.313747136151119377e-02,1.214769197915579113e+01,3.297046440965057529e-02,2.291549056181869243e-02,1.218688767797726155e-02,0.000000000000000000e+00,3.711893224870767560e-01,1.053991369328651645e-01,0.000000000000000000e+00,5.934883095861638244e-03,1.204084694173860465e-02,1.228427690438883835e-02,4.873673861860023521e-02,3.428288645933437184e+00,2.260870108969238679e+00,2.355217045061629655e+00,6.839364374087431725e-03,1.328150178084620478e-02,7.736752098813587906e-03,1.778635765332053031e+00,0.000000000000000000e+00,0.000000000000000000e+00,1.128625428911158787e-02,2.224064431141743389e-02
9.249905869515459926e+02,0.000000000000000000e+00,3.230078648516483963e-01,1.085907664914646409e+00,4.243145661630239734e-02,8.263990588097925638e+00,2.516430131959674554e+02,1.582492561705468461e+03,9.804274879329288872e-01,4.941195496237995854e+01,5.752243553459315262e-01,4.954256295051790993e+00,2.354210772607094604e-01,0.000000000000000000e+00,3.394554217247351402e-01,3.251988899876068900e-02,2.316953945831670691e-01,7.990729977149296781e-02,5.793833819822307579e-02,2.767308861970857237e+00,2.526616362720837117e+00,4.512408931771461074e-02,4.064909042166850561e+00,1.944003190594757902e+00,0.000000000000000000e+00,1.005808816184745602e-01,2.591868506838765907e-01,3.334457692141617358e+00,5.136875557976444497e+02,3.673870918994729351e+01,7.192672552638179791e-03,1.237266685910206689e+02,3.359342842146627595e-01,4.235479370554713796e+00,2.046147967279850211e-01,3.361594613376350349e+00,2.257944255068812245e-01,2.981303771571701233e+00,6.898254010889490750e-01,6.337859980182007469e+00,1.348767579392609495e+00,7.639916535955966481e-02,3.059469201009897832e-01,0.000000000000000000e+00,1.307789967036348255e-01,7.151875113552845498e-02,7.673482791365303368e-02,3.453269177329200412e-02,0.000000000000000000e+00,0.000000000000000000e+00,0.000000000000000000e+00,0.000000000000000000e+00,3.212267410831493725e-02,0.000000000000000000e+00,1.449879347255628170e-02,2.168486024022424630e-01,4.100992838634763549e-02,1.965525681645006739e-01,5.912235544488919636e-02,8.799581987630556226e-03,7.110668430337251100e-02,0.000000000000000000e+00,5.877749804715072524e-02,0.000000000000000000e+00,4.251669566593878173e-03,0.000000000000000000e+00,0.000000000000000000e+00,4.362524915138919074e-03,4.012930867984999123e-02,0.000000000000000000e+00,1.205821433422620860e-02,4.534505688301306014e-03,3.986945900051589997e-01,0.000000000000000000e+00,0.000000000000000000e+00,5.471685077539403114e-02,2.847384963234478872e-01,7.752444130681218626e-02,3.395037118756492195e-02,0.000000000000000000e+00,0.000000000000000000e+00,5.615067325801908517e-03,5.866456442429212464e-02,7.080344310158144527e-02
2.024347867451486288e-02,8.183136640126660588e-03,0.000000000000000000e+00,2.861918122169297973e-01,1.477128630587420446e+02,2.630019331758607564e+02,1.894026308112320145e-01,3.891587107698215142e+00,3.839724852192097160e+01,4.030837381038619993e-01,0.000000000000000000e+00,2.486521247314291543e+02,7.375256856095512070e+00,3.394554217247351402e-01,0.000000000000000000e+00,0.000000000000000000e+00,0.000000000000000000e+00,0.000000000000000000e+00,0.000000000000000000e+00,6.474574331936624461e-01,0.000000000000000000e+00,1.059004427229296719e-01,0.000000000000000000e+00,4.535007496469424026e+00,0.000000000000000000e+00,0.000000000000000000e+00,2.796221689259256044e-02,4.580529428692883265e-01,3.135497571082042079e-01,1.041037968991091918e-02,0.000000000000000000e+00,9.417894219756614005e-01,1.064394347581371948e-02,2.415970762779905190e+00,6.637661082332695084e-02,1.570745919117479295e+00,3.897623418728210498e-01,6.248737594139480933e+00,8.019449015344124465e-01,5.731999427496539283e+02,6.941913922833387574e+01,1.126030334855524506e+00,2.355463878990528559e-01,6.774276940343230968e-02,6.395916981512875070e-03,0.000000000000000000e+00,4.702496451731782989e-01,3.559367629210361678e-02,3.293486759431041300e-02,0.000000000000000000e+00,0.000000000000000000e+00,0.000000000000000000e+00,6.712083945360892978e-02,0.000000000000000000e+00,3.730368114932406526e-02,1.505179437256710766e-02,3.065804216261446349e-02,2.661647647862911553e-02,8.612025241337790959e-02,0.000000000000000000e+00,1.537518614819479434e-01,0.000000000000000000e+00,2.798141890922751368e-02,4.713507927862618102e-02,0.000000000000000000e+00,0.000000000000000000e+00,0.000000000000000000e+00,0.000000000000000000e+00,3.531636487873842517e-02,0.000000000000000000e+00,0.000000000000000000e+00,0.000000000000000000e+00,1.187132954763466391e-01,0.000000000000000000e+00,0.000000000000000000e+00,0.000000000000000000e+00,1.206814907443593266e-01,0.000000000000000000e+00,0.000000000000000000e+00,0.000000000000000000e+00,0.000000000000000000e+00,6.778463319386675290e-03,0.000000000000000000e+00,0.000000000000000000e+00
1.547958493331579553e-02,2.109268355403087103e+00,9.643349269226973719e-02,0.000000000000000000e+00,0.000000000000000000e+00,0.000000000000000000e+00,2.344593849133989882e-02,1.786619545610074883e-02,1.054224158041419912e+01,0.000000000000000000e+00,0.000000000000000000e+00,0.000000000000000000e+00,2.660637337002560304e-02,3.251988899876068900e-02,0.000000000000000000e+00,0.000000000000000000e+00,2.107427818040766634e-02,5.637532048538723174e-03,1.231588238798374431e-02,7.295810864653111058e-03,1.918646541612344549e+02,1.596165361916483789e+02,3.981512071404631570e+02,1.367974551422470597e+02,1.571817127877710163e-01,7.088889450280126681e-02,2.153900424003486194e+02,6.162978306065654976e+01,2.373734954984178108e-02,4.107517495101253857e-02,0.000000000000000000e+00,5.586745528071741448e-03,0.000000000000000000e+00,4.156678873454147105e-01,8.043115407646393988e-01,1.008677929782499838e+01,6.618374100646154723e+00,3.501035193888520247e+00,3.572502601557858259e+00,2.700627756010165470e-01,8.636299843116531511e-03,0.000000000000000000e+00,8.797855886496583899e-01,4.820448448549408127e-01,4.410678533002851953e-01,5.169506493472929565e-01,2.744799740601849836e-02,6.943386439249287292e-03,0.000000000000000000e+00,0.000000000000000000e+00,9.764418793434710697e-02,6.368531760643707240e-02,0.000000000000000000e+00,0.000000000000000000e+00,0.000000000000000000e+00,4.877136814736791198e-02,4.324491252334685017e-03,2.355154931084674219e-01,4.477554223457668077e-03,0.000000000000000000e+00,9.490205550646524726e-03,0.000000000000000000e+00,2.019653946480525972e-02,0.000000000000000000e+00,5.682223883375900009e+00,3.533159175441213939e-02,0.000000000000000000e+00,1.664855901407281957e-02,0.000000000000000000e+00,6.693124549230704545e-01,8.390701732314589378e+00,4.616302138389725584e+00,2.302568258450012006e+00,6.045634317904463421e-03,9.491161106398913680e-03,2.196176221055213151e+00,1.044749393671164039e+00,1.901941032746782764e-02,4.231510145364537206e-02,0.000000000000000000e+00,0.000000000000000000e+00,8.168041093462603125e-03,7.861835979217657311e-02,3.805066587241981990e-01
9.571036229407689500e-02,5.373660206315010734e-01,1.420983911337571897e+02,0.000000000000000000e+00,1.086000534085040416e-02,5.140280817331004636e-03,1.333803803770737817e-01,5.333270060971999349e-02,3.656319700625434987e-02,6.860843673558010732e-03,1.032533455878815287e+00,1.213004258545224111e-02,0.000000000000000000e+00,2.316953945831670691e-01,0.000000000000000000e+00,2.107427818040766634e-02,0.000000000000000000e+00,6.389893913206423637e-01,9.752961268776626866e+02,0.000000000000000000e+00,2.631132569529367693e+00,1.645005689470173116e-01,3.847501994214543402e+02,7.293173336104558091e-02,7.368555619856016065e-03,5.061198609530719636e+02,3.667412763164656297e+01,1.988948723986571354e-01,5.707770431374206144e-01,1.063194072894874553e+00,2.311101581829415330e-02,2.157628070893963593e-02,7.709546304486643298e-02,2.081949959693076266e+02,3.967271267710563709e-01,1.089596702409296469e+01,2.753540599057170368e+01,4.158631492675220187e+01,4.682979135138748639e+00,1.191665747166389677e-01,2.929916967113904355e-02,2.630345692929837026e-02,2.169120586012204810e-01,5.266088395393484500e-01,1.513585766056251836e-01,2.726157022730208435e-01,2.391737721797479108e-02,0.000000000000000000e+00,0.000000000000000000e+00,0.000000000000000000e+00,6.827597123755857478e-01,2.466347935976415384e-01,0.000000000000000000e+00,0.000000000000000000e+00,5.285859108980757969e-03,4.561660267261115516e-03,0.000000000000000000e+00,3.429579932243397716e-02,4.563815632879139432e-03,7.520380223520629209e-03,4.322591887726586445e-03,5.570272190998731832e-02,0.000000000000000000e+00,0.000000000000000000e+00,2.298117226670959995e-02,1.267709292817018885e-01,1.132564515477140800e-02,1.679396896273647466e-01,0.000000000000000000e+00,4.728082244505830284e-03,8.795675118635644385e-02,4.869795615815482315e-02,1.086646801073216234e-02,4.402244179928700013e-02,6.387575703545097516e-01,3.680498376098000790e+00,2.546301811332245951e-02,0.000000000000000000e+00,1.477987670487298892e-02,7.382882248570702549e-03,0.000000000000000000e+00,0.000000000000000000e+00,2.816112473380990439e-02,2.269657740878234520e-01
0.000000000000000000e+00,3.974632927462868476e-02,2.481789928880866539e-02,1.292163116270921702e-02,0.000000000000000000e+00,4.503682314868764913e-02,9.046587496101443637e-02,8.937319042770278110e-02,0.000000000000000000e+00,6.111776840763837038e-02,5.980370444908551235e+02,4.756853238389351785e-02,1.011159412582527173e+00,7.990729977149296781e-02,0.000000000000000000e+00,5.637532048538723174e-03,6.389893913206423637e-01,0.000000000000000000e+00,5.303211763738135005e+02,2.731207218095249231e-02,1.555831790775780848e-02,0.000000000000000000e+00,4.937878188115907285e-02,1.890816672618639283e-02,1.830999693178816112e-01,4.040266123379289525e+02,2.952929810888023532e+00,2.740671029481284507e-02,4.173979492219762055e-01,3.328143807013812100e-02,2.092587841592071118e+00,9.779276838253117554e-02,1.020130041052077531e-02,5.940627660483327688e+00,4.552440750490029109e-02,1.571945017374045239e+00,2.421814273276416429e+01,2.398143226740489453e+01,1.610231579816837177e+00,7.041520152156253987e-02,3.637681666219838572e-02,8.827800761692538023e-01,3.051734518244757915e-02,5.282806629102339002e-01,3.498780141035818386e-02,3.025051307108977613e-02,2.363447442702054646e-02,0.000000000000000000e+00,3.178540101250611205e-02,0.000000000000000000e+00,1.587498401640474385e-02,0.000000000000000000e+00,0.000000000000000000e+00,0.000000000000000000e+00,0.000000000000000000e+00,4.296166731860419190e-03,0.000000000000000000e+00,0.000000000000000000e+00,0.000000000000000000e+00,7.697251989086387747e-01,0.000000000000000000e+00,1.213698908195676385e+00,0.000000000000000000e+00,0.000000000000000000e+00,0.000000000000000000e+00,0.000000000000000000e+00,1.542702382266586125e-01,7.275620783689581983e-02,0.000000000000000000e+00,0.000000000000000000e+00,0.000000000000000000e+00,0.000000000000000000e+00,1.021178078094584288e-02,3.446778908142542064e-01,7.781755055922719988e-01,6.568794549436193231e-01,1.874858099531245825e-02,0.000000000000000000e+00,0.000000000000000000e+00,5.022815019785925594e-01,0.000000000000000000e+00,0.000000000000000000e+00,8.231265709705833794e-03,1.142438122038891973e-02
3.880239868404830594e-02,2.715606615142363567e-01,1.301817672715423369e+00,1.698932590664811379e-02,0.000000000000000000e+00,9.580818181934608324e-02,8.945399300043835322e-02,1.380700889966577916e-01,6.770717967197722835e-03,7.984802467088074340e-02,2.805853544599474958e+02,8.894846100392475585e-02,2.047952397800670843e-01,5.793833819822307579e-02,0.000000000000000000e+00,1.231588238798374431e-02,9.752961268776626866e+02,5.303211763738135005e+02,0.000000000000000000e+00,5.210126312990358971e-02,1.183962629914885045e-01,0.000000000000000000e+00,1.259093776425537881e+00,3.981124379560803395e-02,1.501019457413045877e-01,8.303293384953565237e+02,9.494664338520587776e+00,6.852436393437265350e-02,7.567072430131974725e-01,7.990544464879816011e-02,7.928181709744769323e-01,2.003851364365363819e-01,0.000000000000000000e+00,1.028754811156795057e+02,3.335649098769682408e-01,1.632220200091928675e+01,5.333832608280568621e+01,8.762852718926959028e+01,1.087892027653878912e+01,1.950250087456677772e-01,0.000000000000000000e+00,3.736806042262783012e-01,1.368224666895910269e-01,4.287514151392494699e-01,7.866278146063665488e-02,1.372153016178260243e-01,3.139918350372632172e-02,4.059667498265833417e-03,0.000000000000000000e+00,0.000000000000000000e+00,1.644418600627229610e-01,3.830960907597289605e-02,0.000000000000000000e+00,0.000000000000000000e+00,0.000000000000000000e+00,8.403872929250657056e-03,4.277751780868092185e-03,1.306803119011387161e-02,0.000000000000000000e+00,2.485504026020670942e-01,5.251380935458320118e-03,5.142213575547641691e-01,0.000000000000000000e+00,0.000000000000000000e+00,4.190258288861071004e-03,4.413341925830756296e-02,2.041450598629090674e-01,1.141092523891150401e-01,0.000000000000000000e+00,9.782114139566405048e-03,0.000000000000000000e+00,1.485723279001433320e-02,2.439802518953143942e-02,3.397119406130447716e-01,1.285263888614320615e+00,1.919594180458942256e+00,1.651541175505062339e-02,0.000000000000000000e+00,4.869782581476680625e-03,2.637774228497526408e-01,0.000000000000000000e+00,0.000000000000000000e+00,3.060387116018206330e-02,1.486925971842308625e-01
