0.000000000000000000e+00,0.000000000000000000e+00,8.451330666114214088e-03,9.357384449987727476e-03,0.000000000000000000e+00,9.925089396396562236e-02,1.477670428894189456e+02,1.392023111755129383e+00,0.000000000000000000e+00,3.316606855501363915e-01,0.000000000000000000e+00,7.310290731960637778e-02,0.000000000000000000e+00,6.745230024017486130e+02,0.000000000000000000e+00,0.000000000000000000e+00,4.715173404977920923e-02,0.000000000000000000e+00,0.000000000000000000e+00,3.161904726166363255e-02,5.264626356269389573e-01,0.000000000000000000e+00,3.034243147698297283e-01,5.511314989698661015e-02,0.000000000000000000e+00,5.904589914085406344e-03,7.737259954980894514e-03,2.205198607989903303e-01,6.632844463270681672e+02,2.800027265168033352e+01,0.000000000000000000e+00,1.823146943269274636e-02,1.209823024100744160e+00,3.918105224317761648e-01,2.182608272836691204e-02,1.651942098206096166e-01,0.000000000000000000e+00,1.488712541190950756e-01,5.350184367715779543e-02,7.254758638355663508e-03,0.000000000000000000e+00,0.000000000000000000e+00,0.000000000000000000e+00,0.000000000000000000e+00,0.000000000000000000e+00,5.513688563084097674e-03,0.000000000000000000e+00,0.000000000000000000e+00,0.000000000000000000e+00,0.000000000000000000e+00,0.000000000000000000e+00,0.000000000000000000e+00,0.000000000000000000e+00,0.000000000000000000e+00,0.000000000000000000e+00,0.000000000000000000e+00,0.000000000000000000e+00,0.000000000000000000e+00,0.000000000000000000e+00,0.000000000000000000e+00,0.000000000000000000e+00,0.000000000000000000e+00,0.000000000000000000e+00,0.000000000000000000e+00,0.000000000000000000e+00,0.000000000000000000e+00,0.000000000000000000e+00,0.000000000000000000e+00,0.000000000000000000e+00,0.000000000000000000e+00,0.000000000000000000e+00,0.000000000000000000e+00,0.000000000000000000e+00,0.000000000000000000e+00,0.000000000000000000e+00,0.000000000000000000e+00,0.000000000000000000e+00,0.000000000000000000e+00,0.000000000000000000e+00,0.000000000000000000e+00,0.000000000000000000e+00,0.000000000000000000e+00,0.000000000000000000e+00,0.000000000000000000e+00
0.000000000000000000e+00,0.000000000000000000e+00,1.344401707530299694e-01,0.000000000000000000e+00,0.000000000000000000e+00,0.000000000000000000e+00,0.000000000000000000e+00,0.000000000000000000e+00,2.570796685113503788e+00,0.000000000000000000e+00,1.288623071710121026e-01,0.000000000000000000e+00,1.171088877612511148e+01,0.000000000000000000e+00,7.239571878125184747e-03,2.742036521498393831e-01,2.746388664007089475e-01,0.000000000000000000e+00,0.000000000000000000e+00,0.000000000000000000e+00,2.204530908773178269e-02,1.301774225347202787e+02,1.524351454002317689e-02,2.140531842522754413e+00,9.560479822992081722e+01,3.089956460305295138e+00,2.288035581705578636e+02,9.176463636568578386e-03,0.000000000000000000e+00,0.000000000000000000e+00,3.009658921462519121e-01,0.000000000000000000e+00,0.000000000000000000e+00,1.353308404020073796e-01,6.687791881663966015e-03,2.420938846024718594e-01,6.188434481915858765e-01,3.003592900107804886e-01,1.792487288719724348e-01,2.169609134499395423e-02,0.000000000000000000e+00,1.877842543568334355e-01,8.521032368786732314e-02,2.527797584781669715e-01,9.202535796579811023e-02,6.842566675096507789e-02,0.000000000000000000e+00,0.000000000000000000e+00,0.000000000000000000e+00,0.000000000000000000e+00,4.303093198183029244e+01,1.761489726514283427e-01,9.371857058015391900e-03,0.000000000000000000e+00,0.000000000000000000e+00,0.000000000000000000e+00,0.000000000000000000e+00,0.000000000000000000e+00,0.000000000000000000e+00,0.000000000000000000e+00,0.000000000000000000e+00,4.390641908687527017e-01,0.000000000000000000e+00,0.000000000000000000e+00,1.072662683463684354e-02,1.027273103783091085e-01,1.280668880599674340e-02,1.239659476241473102e-01,0.000000000000000000e+00,0.000000000000000000e+00,1.140855316775527095e+00,2.751969650994415262e-02,1.306943325871229820e-02,1.137348875733665610e+00,1.256065855251847552e+00,7.497839271466089528e+00,4.623511121267057447e-03,0.000000000000000000e+00,0.000000000000000000e+00,1.109818915235666684e-02,0.000000000000000000e+00,0.000000000000000000e+00,0.000000000000000000e+00,6.521159838268550391e-03
8.451330666114214088e-03,1.344401707530299694e-01,0.000000000000000000e+00,0.000000000000000000e+00,0.000000000000000000e+00,0.000000000000000000e+00,6.046962867412944420e-02,0.000000000000000000e+00,0.000000000000000000e+00,6.230170658535197879e-03,7.231417383627377661e-03,0.000000000000000000e+00,0.000000000000000000e+00,1.031809223928272651e-02,0.000000000000000000e+00,3.103491069326905563e-02,7.850884232129962470e+01,0.000000000000000000e+00,2.066238379862783969e-01,0.000000000000000000e+00,1.533783446542722917e+00,1.363448791456891435e-02,3.728696609018611525e+02,5.814003519310297768e-03,0.000000000000000000e+00,4.735304804369695262e+02,2.117460399387187522e+02,4.751868582990701612e-02,3.513539253239521959e-02,2.206804614949508525e-01,0.000000000000000000e+00,0.000000000000000000e+00,7.146953673157517735e-03,1.947632297410159641e+00,1.851524004937813439e-01,3.745371146557538555e+00,2.175387284404279420e+00,5.099579564107753704e+00,3.877081745930451184e+00,4.961025418125344921e-02,0.000000000000000000e+00,0.000000000000000000e+00,5.985158539054202115e-02,8.111669076479062490e-02,3.420430001863404568e-02,1.672678709952017118e-01,1.578250505846433283e-02,0.000000000000000000e+00,0.000000000000000000e+00,0.000000000000000000e+00,7.761807899009287581e-02,2.029730356536682823e-01,0.000000000000000000e+00,0.000000000000000000e+00,0.000000000000000000e+00,0.000000000000000000e+00,0.000000000000000000e+00,0.000000000000000000e+00,0.000000000000000000e+00,0.000000000000000000e+00,0.000000000000000000e+00,0.000000000000000000e+00,0.000000000000000000e+00,0.000000000000000000e+00,0.000000000000000000e+00,1.223126654422487664e-01,0.000000000000000000e+00,4.511670960840794692e-02,0.000000000000000000e+00,4.393808200644496592e-03,2.150795948091569279e-02,1.656699645424034723e-02,0.000000000000000000e+00,0.000000000000000000e+00,3.369549590230126457e-01,1.106740836962291308e+00,0.000000000000000000e+00,0.000000000000000000e+00,4.458376265568364180e-03,0.000000000000000000e+00,0.000000000000000000e+00,0.000000000000000000e+00,7.507523160014739627e-03,9.518621098228326194e-02
9.357384449987727476e-03,0.000000000000000000e+00,0.000000000000000000e+00,0.000000000000000000e+00,2.078369772367118576e-02,2.960916317441993351e-01,1.699700080626299625e+00,6.433677498768590464e-02,4.881598075266246894e+00,0.000000000000000000e+00,1.445198303497377545e-02,3.232762652875415199e+01,0.000000000000000000e+00,1.380189417462974466e-01,3.892445934767924109e-01,8.699726938807474108e-03,0.000000000000000000e+00,0.000000000000000000e+00,0.000000000000000000e+00,2.738844140366075862e+03,1.426996451289151875e-02,0.000000000000000000e+00,5.954725513921723008e-03,1.855500509385758505e+02,0.000000000000000000e+00,4.731929985689260418e-03,0.000000000000000000e+00,9.788584877642466608e+02,2.842075548984595579e-01,9.453051058094269488e-02,0.000000000000000000e+00,6.337025806052354673e-03,2.682265328514934002e-02,1.901881276889595684e-01,5.861731216637550146e-02,1.129279723831404514e+00,0.000000000000000000e+00,2.282287117134527143e-01,1.556163446035692954e-01,7.278123670493461539e-01,4.611259093825671035e-02,0.000000000000000000e+00,1.950128656603900557e-01,0.000000000000000000e+00,3.049878431145810684e-02,6.353715293717300712e-03,7.258200424706812148e-02,0.000000000000000000e+00,0.000000000000000000e+00,0.000000000000000000e+00,0.000000000000000000e+00,0.000000000000000000e+00,0.000000000000000000e+00,0.000000000000000000e+00,0.000000000000000000e+00,2.421759923689881522e-01,5.189897375671248189e-03,2.949196730147055079e-01,4.159925766596978214e+00,0.000000000000000000e+00,1.574001059041859607e+00,0.000000000000000000e+00,0.000000000000000000e+00,1.138606331325998748e-02,0.000000000000000000e+00,0.000000000000000000e+00,0.000000000000000000e+00,0.000000000000000000e+00,8.141313490654478358e+01,0.000000000000000000e+00,0.000000000000000000e+00,0.000000000000000000e+00,7.361272519526392832e-01,0.000000000000000000e+00,0.000000000000000000e+00,0.000000000000000000e+00,9.099968434504036585e-01,1.328917869069571461e-02,0.000000000000000000e+00,0.000000000000000000e+00,0.000000000000000000e+00,0.000000000000000000e+00,7.120162741610318487e-03,4.840196198700038796e-03
0.000000000000000000e+00,0.000000000000000000e+00,0.000000000000000000e+00,2.078369772367118576e-02,0.000000000000000000e+00,1.607284093721827105e+02,1.652979537801461257e-02,7.345272806020792800e+00,1.451734842335898890e-01,4.867297979920407608e-02,6.463550355082192667e-02,2.423987770036032108e-01,1.203375643486744896e-02,0.000000000000000000e+00,1.136719279449879281e+02,0.000000000000000000e+00,0.000000000000000000e+00,0.000000000000000000e+00,0.000000000000000000e+00,1.086805559298322475e-02,0.000000000000000000e+00,0.000000000000000000e+00,0.000000000000000000e+00,9.477291215242601707e-02,0.000000000000000000e+00,0.000000000000000000e+00,0.000000000000000000e+00,1.425508695706907344e-02,5.180171639425797947e-01,8.514814166870268361e-03,0.000000000000000000e+00,7.405001480141821730e+02,0.000000000000000000e+00,9.863261547829391418e+01,6.251999878844606562e-02,7.305000219258128702e-01,0.000000000000000000e+00,6.881939552010981620e-01,5.089202683795926996e-01,4.820712535510321004e+02,3.337590253320031479e+02,0.000000000000000000e+00,0.000000000000000000e+00,0.000000000000000000e+00,0.000000000000000000e+00,0.000000000000000000e+00,0.000000000000000000e+00,0.000000000000000000e+00,0.000000000000000000e+00,0.000000000000000000e+00,0.000000000000000000e+00,0.000000000000000000e+00,0.000000000000000000e+00,0.000000000000000000e+00,0.000000000000000000e+00,0.000000000000000000e+00,0.000000000000000000e+00,0.000000000000000000e+00,0.000000000000000000e+00,0.000000000000000000e+00,0.000000000000000000e+00,0.000000000000000000e+00,0.000000000000000000e+00,0.000000000000000000e+00,0.000000000000000000e+00,0.000000000000000000e+00,0.000000000000000000e+00,0.000000000000000000e+00,5.062860868665048503e-03,0.000000000000000000e+00,0.000000000000000000e+00,0.000000000000000000e+00,4.726279160719093313e-03,0.000000000000000000e+00,0.000000000000000000e+00,0.000000000000000000e+00,0.000000000000000000e+00,0.000000000000000000e+00,0.000000000000000000e+00,0.000000000000000000e+00,0.000000000000000000e+00,0.000000000000000000e+00,0.000000000000000000e+00,0.000000000000000000e+00
9.925089396396562236e-02,0.000000000000000000e+00,0.000000000000000000e+00,2.960916317441993351e-01,1.607284093721827105e+02,0.000000000000000000e+00,1.226522248839135187e+01,1.104504371086497031e+03,2.867392460918079533e-01,9.714581490221603417e+02,2.791629666253070963e-01,2.142945711236313855e+02,4.848061618673797646e-02,7.219593942660165631e+00,2.793371343098520470e+02,0.000000000000000000e+00,2.035904746454225006e-02,2.806290795653301751e-02,1.117171300991630888e-02,3.230295058651047491e+00,9.099307284409512489e-03,0.000000000000000000e+00,0.000000000000000000e+00,9.268075164772879848e-01,0.000000000000000000e+00,5.300149071368152887e-02,7.145405335154574739e-03,2.255571230488804702e+00,4.134106541930058221e+00,3.721177758661400881e-01,7.867021692589666257e-03,7.395802107394879954e+01,8.924718860665731279e-03,2.262919547455320313e+00,1.606747287645274302e-01,8.322013767487113967e+00,1.248585248541913550e-01,6.059552076510805740e+00,1.516602562066882154e+00,2.270344735373587355e+02,1.526564309244910689e+01,1.301759766229879933e-01,6.363216176174275873e-02,0.000000000000000000e+00,0.000000000000000000e+00,6.253757350092468449e-03,1.700765365175625071e-02,0.000000000000000000e+00,0.000000000000000000e+00,0.000000000000000000e+00,0.000000000000000000e+00,0.000000000000000000e+00,3.337227002472417658e-02,0.000000000000000000e+00,0.000000000000000000e+00,3.220014718438859308e-02,0.000000000000000000e+00,2.025328382663393531e-02,2.403823207158687844e-02,8.171228736551685093e-03,0.000000000000000000e+00,4.241257777300315272e-03,0.000000000000000000e+00,9.728878183269765514e-03,0.000000000000000000e+00,0.000000000000000000e+00,0.000000000000000000e+00,0.000000000000000000e+00,1.597916145305256636e-02,0.000000000000000000e+00,0.000000000000000000e+00,0.000000000000000000e+00,9.314406676839252774e-02,0.000000000000000000e+00,0.000000000000000000e+00,0.000000000000000000e+00,1.885177488678776159e-01,1.088237919203282646e-02,0.000000000000000000e+00,0.000000000000000000e+00,0.000000000000000000e+00,0.000000000000000000e+00,0.000000000000000000e+00,1.745448192171885488e-02
1.477670428894189456e+02,0.000000000000000000e+00,6.046962867412944420e-02,1.699700080626299625e+00,1.652979537801461257e-02,1.226522248839135187e+01,0.000000000000000000e+00,2.568536403337678564e+01,6.483510798937186514e-01,9.594316264863607557e+02,5.922755887613785630e-02,1.549550566998495194e-01,1.363219845565471697e-02,3.555701473031360251e+02,5.293434349241062792e-02,4.229553777913738072e-02,1.716754943543675749e-01,5.678376990650813722e-03,0.000000000000000000e+00,4.569098719003605868e-01,7.496656121440568477e+00,7.040927215854547554e-03,1.571188825842510406e+00,1.123414037707247815e+01,0.000000000000000000e+00,2.752332071451452089e-02,3.949773918043164578e-02,1.171181567377903775e+03,6.773141645589285531e+01,6.678783164907989658e+02,5.061419604011262174e-03,9.163035507182042128e-02,1.268168991923394939e+00,3.957109643299686397e+00,9.507969034356230642e-01,1.361744856442188478e+01,1.461381133640866081e-01,5.814493162361721978e+00,2.033041417318214528e+00,1.174901114643264854e+00,1.851895264657567874e-01,7.319117475431606394e-03,2.492185755021495419e-01,1.612607419398335781e-02,3.451290046044725585e-02,2.529604724172690444e-02,1.457038675051069432e-01,4.102116512101826491e-03,0.000000000000000000e+00,0.000000000000000000e+00,0.000000000000000000e+00,0.000000000000000000e+00,2.759937747055418375e-02,0.000000000000000000e+00,5.246498405019973769e-03,2.325851967257018815e-01,1.626792204976082803e-02,2.340761174675882461e-01,1.738323007413389645e-02,2.735911458806584984e-02,5.772775535608676289e-03,0.000000000000000000e+00,2.822604541802249678e-02,0.000000000000000000e+00,0.000000000000000000e+00,0.000000000000000000e+00,0.000000000000000000e+00,0.000000000000000000e+00,2.605448797460705249e-02,2.701300366100783945e-02,9.090685889309632270e-03,1.665957434909556140e-02,7.547279902796732998e-01,0.000000000000000000e+00,0.000000000000000000e+00,1.477445821049966010e-02,1.093778048282028070e+00,1.390639348010488593e-02,1.392526178391493424e-02,0.000000000000000000e+00,0.000000000000000000e+00,0.000000000000000000e+00,5.420204370883372272e-03,1.360543982686651943e-01
1.392023111755129383e+00,0.000000000000000000e+00,0.000000000000000000e+00,6.433677498768590464e-02,7.345272806020792800e+00,1.104504371086497031e+03,2.568536403337678564e+01,0.000000000000000000e+00,6.871056996006449924e-02,1.674123642368726621e+02,3.134525942121884623e-01,2.916952187400967844e+00,6.594003702647380227e-02,1.044861831139345895e+03,7.959650798604174238e-01,0.000000000000000000e+00,2.974649595505344385e-02,2.713424050231542581e-02,0.000000000000000000e+00,3.294224352312573600e-01,4.033506031401966063e-01,0.000000000000000000e+00,1.535416968328754683e-01,8.377143296349774670e-02,1.466819848353711001e-02,2.730680762541898635e-02,2.232808561626341282e-02,8.459111024133141310e-01,4.837538180224442819e+00,9.095510803233510799e+00,0.000000000000000000e+00,3.039822427418358188e+02,2.402946973542584991e-02,1.231024865836215065e+00,8.144165287351276539e-02,5.606449459981346806e+00,1.803615639179053931e-01,4.811747233414654268e+00,1.497455372817687147e+00,1.681093792407657617e+01,4.112393789873341809e+00,1.784234278129915030e-01,3.657088322808678404e-02,0.000000000000000000e+00,6.307777702810461393e-03,0.000000000000000000e+00,0.000000000000000000e+00,0.000000000000000000e+00,0.000000000000000000e+00,0.000000000000000000e+00,0.000000000000000000e+00,4.766632062713912869e-03,0.000000000000000000e+00,0.000000000000000000e+00,0.000000000000000000e+00,1.225652142282324282e-02,0.000000000000000000e+00,1.112156001193680653e-02,0.000000000000000000e+00,6.051058949165878491e-03,0.000000000000000000e+00,0.000000000000000000e+00,1.290495159122539981e-02,0.000000000000000000e+00,0.000000000000000000e+00,0.000000000000000000e+00,0.000000000000000000e+00,0.000000000000000000e+00,0.000000000000000000e+00,0.000000000000000000e+00,0.000000000000000000e+00,0.000000000000000000e+00,3.448561799076214213e-02,0.000000000000000000e+00,0.000000000000000000e+00,0.000000000000000000e+00,8.203586015680901233e-02,0.000000000000000000e+00,0.000000000000000000e+00,0.000000000000000000e+00,0.000000000000000000e+00,0.000000000000000000e+00,0.000000000000000000e+00,1.403222751286675035e-02
0.000000000000000000e+00,2.570796685113503788e+00,0.000000000000000000e+00,4.881598075266246894e+00,1.451734842335898890e-01,2.867392460918079533e-01,6.483510798937186514e-01,6.871056996006449924e-02,0.000000000000000000e+00,2.230690778527883111e+00,4.531434510586381664e-02,4.514087629894304854e+01,5.954078445444592471e-02,1.391080100736704628e-01,2.527051025959244157e+01,1.506608697926088147e-01,0.000000000000000000e+00,0.000000000000000000e+00,0.000000000000000000e+00,2.356303920933186635e+00,9.253929787587346356e-02,2.067170913767546381e+02,3.888796099507658283e-02,5.808375146583367723e+02,1.568210175143178453e-01,2.136472591110164312e-02,1.144246831864355496e+00,1.748451867120918024e+01,1.634482039607411952e-01,3.850005125624805097e-02,2.224774603160473846e-02,1.642253599391396701e-02,0.000000000000000000e+00,1.640020353776367179e-01,3.512026041286300804e-02,1.790584813668154807e+00,5.624850167037397791e-02,3.491927925236368302e-01,4.538909148251779602e-02,6.028930771357476459e+01,6.600438759573952485e-02,2.294352338041672629e-02,3.844352875198507880e-01,0.000000000000000000e+00,1.332533696916707311e-01,4.889990436702053994e-02,4.643045803526787418e-01,2.262644829522446679e-02,0.000000000000000000e+00,0.000000000000000000e+00,4.731687311339900781e-02,1.655057794659353307e-02,5.372201807152077180e-01,0.000000000000000000e+00,0.000000000000000000e+00,5.920927876221884212e-01,1.457881876887218847e-02,3.708012199152629762e+01,2.772784624854727764e-01,0.000000000000000000e+00,2.398994467424709620e-01,7.794338685994573260e-03,5.865322668197524292e-02,2.020112271185646111e-02,6.322077445727392053e-02,4.963670741154444996e-03,0.000000000000000000e+00,0.000000000000000000e+00,2.082333166089835319e-01,8.336518017454556950e-02,3.368760446295870348e-01,1.461491263766855619e-01,8.568071300140330138e+00,0.000000000000000000e+00,4.602412994232166384e-03,1.468565067210738095e-01,3.401978446476824569e+00,6.375216704988277694e-02,0.000000000000000000e+00,0.000000000000000000e+00,0.000000000000000000e+00,0.000000000000000000e+00,2.544246542210709325e-02,1.795086520380068801e-02
3.316606855501363915e-01,0.000000000000000000e+00,6.230170658535197879e-03,0.000000000000000000e+00,4.867297979920407608e-02,9.714581490221603417e+02,9.594316264863607557e+02,1.674123642368726621e+02,2.230690778527883111e+00,0.000000000000000000e+00,2.234386178067017947e-01,1.124782630139223784e+03,1.665699249099697465e-02,4.584234626430826864e+01,3.349076183098044224e-01,0.000000000000000000e+00,6.028651549165487712e-03,1.754374484758978656e-02,2.551001491710733551e-02,1.934852412168395404e+03,2.029212849150200948e-01,0.000000000000000000e+00,1.049443184418875075e-01,1.166774378757411057e+01,0.000000000000000000e+00,7.506415325417221951e-02,1.560588370263815174e-02,5.102683422625832463e+02,5.681904519507237517e+00,1.893965661825919078e+00,5.369098925172524628e-03,1.550564192037928446e-01,1.604165970265339913e-01,3.587085471311014739e+00,5.160436110769490714e-01,9.520786839412417990e+00,8.065908354441202188e-02,5.667767740186129721e+00,1.038387900557888877e+00,1.486281051584896762e+00,5.100431512071165185e-01,1.511284012595571179e-02,9.360618799146482871e-01,1.454101133315142957e-02,8.773048650480431976e-02,2.101844620336255215e-02,1.774411817139099068e-01,0.000000000000000000e+00,0.000000000000000000e+00,0.000000000000000000e+00,0.000000000000000000e+00,0.000000000000000000e+00,1.031338380360892426e+00,0.000000000000000000e+00,2.995445913004380484e-02,7.190218994033694688e-01,2.998160918137983064e-02,4.179022453930194003e-01,2.787348931520584605e-01,0.000000000000000000e+00,1.735905252343880600e-01,7.123698166334701577e-03,3.795590914473653821e-02,2.346716893436114060e-02,0.000000000000000000e+00,0.000000000000000000e+00,0.000000000000000000e+00,0.000000000000000000e+00,3.906045924747852949e-01,0.000000000000000000e+00,1.305585523810510670e-02,1.021528818040140160e-02,1.269775555792540311e+00,0.000000000000000000e+00,0.000000000000000000e+00,0.000000000000000000e+00,1.512969294978389057e+00,3.771834440627629126e-02,4.175050670332747238e-03,0.000000000000000000e+00,0.000000000000000000e+00,0.000000000000000000e+00,2.253734727674651731e-02,8.073044400306403356e-02
0.000000000000000000e+00,1.288623071710121026e-01,7.231417383627377661e-03,1.445198303497377545e-02,6.463550355082192667e-02,2.791629666253070963e-01,5.922755887613785630e-02,3.134525942121884623e-01,4.531434510586381664e-02,2.234386178067017947e-01,0.000000000000000000e+00,1.631966430298311954e-01,4.278058002639913298e+02,2.785104845870285395e-01,0.000000000000000000e+00,0.000000000000000000e+00,7.310870391812814839e-01,6.156410861117963123e+02,1.450600135630247394e+02,2.526486307171674217e-02,7.219293986183582604e-03,1.149296582826086523e-02,1.826097229869351121e-02,2.075996945262063159e-02,2.676456911284887052e+00,4.242033969804318758e+02,2.688448655723626235e+00,7.589072132551298588e-02,3.069121925288637698e+00,4.863529614400497608e-02,5.887069037714505981e+01,8.697933433938432879e-01,0.000000000000000000e+00,3.420354859208624134e+02,2.969626393134573369e-02,5.016598103207837056e+00,2.451139732461694365e+01,1.114427201911770027e+02,6.465990543762885956e+00,3.677449281578569762e-01,5.170686596016390979e+01,2.460595748741479269e+02,1.352528320164329001e-01,3.731430028864786141e-01,6.087698927846911523e-02,2.234485917749686953e-02,0.000000000000000000e+00,0.000000000000000000e+00,1.560363255522010661e-01,0.000000000000000000e+00,2.699159478048279368e-02,1.529439302828095558e-02,0.000000000000000000e+00,0.000000000000000000e+00,0.000000000000000000e+00,9.241154313747244886e-03,0.000000000000000000e+00,0.000000000000000000e+00,0.000000000000000000e+00,6.611637016523945753e+00,0.000000000000000000e+00,4.574686392089739151e+00,0.000000000000000000e+00,0.000000000000000000e+00,0.000000000000000000e+00,0.000000000000000000e+00,0.000000000000000000e+00,8.696253336763926783e-03,0.000000000000000000e+00,0.000000000000000000e+00,0.000000000000000000e+00,0.000000000000000000e+00,2.106650592590909518e-02,4.771999470025363732e-01,1.220773278357803332e-01,4.636582801705368961e-01,2.922518433525481477e-02,0.000000000000000000e+00,0.000000000000000000e+00,1.447377679288252561e-01,0.000000000000000000e+00,0.000000000000000000e+00,0.000000000000000000e+00,3.258305225977999042e-02
7.310290731960637778e-02,0.000000000000000000e+00,0.000000000000000000e+00,3.232762652875415199e+01,2.423987770036032108e-01,2.142945711236313855e+02,1.549550566998495194e-01,2.916952187400967844e+00,4.514087629894304854e+01,1.124782630139223784e+03,1.631966430298311954e-01,0.000000000000000000e+00,7.448217296648076795e-03,4.146407943993126288e+00,1.716425297581973552e+02,0.000000000000000000e+00,0.000000000000000000e+00,0.000000000000000000e+00,4.423276575059971287e-03,1.796980772460923390e+03,1.278672939778565006e-02,0.000000000000000000e+00,7.616040727967800759e-03,7.991375183164629448e+01,0.000000000000000000e+00,3.836310797734807793e-02,0.000000000000000000e+00,4.205082659354197894e+00,2.673635383103898810e+00,5.567534895138456091e-02,0.000000000000000000e+00,1.299346748610915314e-01,1.413638082895714819e-02,2.072238944275643480e+00,2.231219726987025531e+00,1.092714125497123234e+01,1.385288852151339740e-02,2.687819494717307744e+00,4.831502907573882455e-01,4.570729555297891977e+01,2.005368847591820214e-01,1.689883897194174867e-02,7.399063445481542933e-01,0.000000000000000000e+00,1.983821080476912482e-02,1.331998543533086631e-02,2.219650390391873507e-01,6.178492593369847019e-03,0.000000000000000000e+00,0.000000000000000000e+00,0.000000000000000000e+00,0.000000000000000000e+00,1.026882082730741663e+00,0.000000000000000000e+00,3.832141700391912542e-02,1.980665625790413720e-01,1.411561785766953132e-02,5.623357961734858079e-02,2.154159835234732978e-01,0.000000000000000000e+00,3.222127636959066788e+00,0.000000000000000000e+00,1.040123292446671309e-02,3.446823339867138847e-02,0.000000000000000000e+00,0.000000000000000000e+00,0.000000000000000000e+00,0.000000000000000000e+00,4.209111869447792031e+00,0.000000000000000000e+00,9.210595107658391123e-03,0.000000000000000000e+00,6.739629166089786683e-01,0.000000000000000000e+00,0.000000000000000000e+00,0.000000000000000000e+00,6.701646185441734183e-01,4.426311264994588386e-03,0.000000000000000000e+00,0.000000000000000000e+00,0.000000000000000000e+00,0.000000000000000000e+00,6.832667314388291176e-03,0.000000000000000000e+00
0.000000000000000000e+00,1.171088877612511148e+01,0.000000000000000000e+00,0.000000000000000000e+00,1.203375643486744896e-02,4.848061618673797646e-02,1.363219845565471697e-02,6.594003702647380227e-02,5.954078445444592471e-02,1.665699249099697465e-02,4.278058002639913298e+02,7.448217296648076795e-03,0.000000000000000000e+00,2.722235110544071052e-02,0.000000000000000000e+00,1.101856676248394451e-02,0.000000000000000000e+00,7.689837916037965682e-02,0.000000000000000000e+00,0.000000000000000000e+00,0.000000000000000000e+00,7.936240007993020651e-01,1.611923997227661040e-02,8.681646329914464999e-02,4.153494017212199196e+02,8.010175085522694971e+00,5.091052313798151658e+02,5.639823889752182927e-03,2.171540435870810970e-01,0.000000000000000000e+00,7.153122468507478970e+02,7.741005280349003148e-02,0.000000000000000000e+00,4.615002200612081218e+00,0.000000000000000000e+00,9.001599254480624479e-01,6.707388825859962367e+01,9.635608562227861995e+00,1.091949513227369772e+00,5.742006883118601357e-02,2.068127201937683513e+00,2.755026890792810832e+02,4.627304343950371934e-01,2.865771395302357138e+00,1.705920929610204584e-01,1.191086667812967098e-01,0.000000000000000000e+00,7.317936969171064121e-02,1.757586755564426229e+00,0.000000000000000000e+00,2.438626062258348604e-01,0.000000000000000000e+00,0.000000000000000000e+00,0.000000000000000000e+00,0.000000000000000000e+00,0.000000000000000000e+00,0.000000000000000000e+00,0.000000000000000000e+00,0.000000000000000000e+00,2.004177761049529849e+01,0.000000000000000000e+00,1.784079517673190196e+01,0.000000000000000000e+00,0.000000000000000000e+00,0.000000000000000000e+00,0.000000000000000000e+00,1.939443513089915069e-02,0.000000000000000000e+00,0.000000000000000000e+00,0.000000000000000000e+00,1.394694559422849159e-02,0.000000000000000000e+00,0.000000000000000000e+00,5.509079560394450681e+00,6.860957338064879174e-01,2.109106203406488689e+00,9.354656323863867404e-03,0.000000000000000000e+00,0.000000000000000000e+00,4.778533656214794534e-01,0.000000000000000000e+00,0.000000000000000000e+00,0.000000000000000000e+00,7.729341884326650786e-03
6.745230024017486130e+02,0.000000000000000000e+00,1.031809223928272651e-02,1.380189417462974466e-01,0.000000000000000000e+00,7.219593942660165631e+00,3.555701473031360251e+02,1.044861831139345895e+03,1.391080100736704628e-01,4.584234626430826864e+01,2.785104845870285395e-01,4.146407943993126288e+00,2.722235110544071052e-02,0.000000000000000000e+00,8.499579599193254204e-03,0.000000000000000000e+00,2.056681173517627692e-01,0.000000000000000000e+00,1.616792926703638361e-02,6.314492549112971087e-01,2.040259865443966980e+00,0.000000000000000000e+00,8.718065566448215398e-01,1.618123222054903831e-01,0.000000000000000000e+00,6.429846946088521586e-02,3.000056049631151869e-02,1.689369222091599454e+00,3.764123879180150425e+02,4.275017812832413000e+01,0.000000000000000000e+00,1.993139843231078956e+01,1.556225337173370304e-01,1.959701917922637593e+00,8.825314965646982590e-02,2.469892539392342989e+00,5.698506079741203628e-02,2.727999759185674389e+00,5.282703292240250592e-01,2.160681316682031117e+00,7.666488338379956469e-02,7.597496823266500568e-03,4.907579165723303244e-02,0.000000000000000000e+00,9.609424673161195279e-03,0.000000000000000000e+00,6.015331311334146461e-03,0.000000000000000000e+00,0.000000000000000000e+00,0.000000000000000000e+00,0.000000000000000000e+00,0.000000000000000000e+00,1.099292750477478924e-02,0.000000000000000000e+00,4.456952116940042855e-03,2.160153392117933335e-02,4.579678765611095576e-03,7.108718397952423600e-03,1.039586982447135086e-02,0.000000000000000000e+00,0.000000000000000000e+00,0.000000000000000000e+00,9.246115211242857471e-03,0.000000000000000000e+00,0.000000000000000000e+00,0.000000000000000000e+00,0.000000000000000000e+00,0.000000000000000000e+00,0.000000000000000000e+00,0.000000000000000000e+00,0.000000000000000000e+00,4.321957901798120956e-03,9.179191676682929568e-02,0.000000000000000000e+00,0.000000000000000000e+00,0.000000000000000000e+00,1.126869185190752659e-01,4.416464755282324683e-03,0.000000000000000000e+00,0.000000000000000000e+00,0.000000000000000000e+00,0.000000000000000000e+00,0.000000000000000000e+00,2.863406260120867491e-02
0.000000000000000000e+00,7.239571878125184747e-03,0.000000000000000000e+00,3.892445934767924109e-01,1.136719279449879281e+02,2.793371343098520470e+02,5.293434349241062792e-02,7.959650798604174238e-01,2.527051025959244157e+01,3.349076183098044224e-01,0.000000000000000000e+00,1.716425297581973552e+02,0.000000000000000000e+00,8.499579599193254204e-03,0.000000000000000000e+00,0.000000000000000000e+00,0.000000000000000000e+00,0.000000000000000000e+00,0.000000000000000000e+00,4.490977000344444359e-01,0.000000000000000000e+00,5.220192521283251175e-02,0.000000000000000000e+00,3.069225307174603845e+00,0.000000000000000000e+00,0.000000000000000000e+00,0.000000000000000000e+00,6.898211492908927767e-01,9.657111819794422791e-03,0.000000000000000000e+00,0.000000000000000000e+00,9.990753898287819679e-01,0.000000000000000000e+00,1.004506684538596442e-02,0.000000000000000000e+00,4.834349679730978178e-01,0.000000000000000000e+00,5.577027872870971015e-02,2.249424931200688649e-02,3.804093302149274791e+02,2.425082626942026032e+00,0.000000000000000000e+00,0.000000000000000000e+00,0.000000000000000000e+00,0.000000000000000000e+00,0.000000000000000000e+00,0.000000000000000000e+00,0.000000000000000000e+00,0.000000000000000000e+00,0.000000000000000000e+00,0.000000000000000000e+00,0.000000000000000000e+00,7.651947541845710750e-03,0.000000000000000000e+00,0.000000000000000000e+00,1.322244417897511411e-02,0.000000000000000000e+00,0.000000000000000000e+00,1.463530023653174250e-02,0.000000000000000000e+00,8.582746147432530198e-03,0.000000000000000000e+00,0.000000000000000000e+00,0.000000000000000000e+00,0.000000000000000000e+00,0.000000000000000000e+00,0.000000000000000000e+00,0.000000000000000000e+00,8.322624633958053408e-03,0.000000000000000000e+00,0.000000000000000000e+00,0.000000000000000000e+00,2.814325119266668229e-02,0.000000000000000000e+00,0.000000000000000000e+00,0.000000000000000000e+00,1.849906605158676415e-02,0.000000000000000000e+00,0.000000000000000000e+00,0.000000000000000000e+00,0.000000000000000000e+00,0.000000000000000000e+00,0.000000000000000000e+00,0.000000000000000000e+00
0.000000000000000000e+00,2.742036521498393831e-01,3.103491069326905563e-02,8.699726938807474108e-03,0.000000000000000000e+00,0.000000000000000000e+00,4.229553777913738072e-02,0.000000000000000000e+00,1.506608697926088147e-01,0.000000000000000000e+00,0.000000000000000000e+00,0.000000000000000000e+00,1.101856676248394451e-02,0.000000000000000000e+00,0.000000000000000000e+00,0.000000000000000000e+00,1.903554492845423857e-02,0.000000000000000000e+00,1.589861613272437399e-02,0.000000000000000000e+00,9.435261812147019782e+02,8.689772135832936328e+01,7.509160790794742297e+02,1.138305679565958854e+02,9.142855229592237662e-03,0.000000000000000000e+00,2.546939972473416276e+02,1.038611642550152823e+02,7.878693415545713272e-03,0.000000000000000000e+00,0.000000000000000000e+00,0.000000000000000000e+00,0.000000000000000000e+00,6.382412440479941218e-02,1.061336511307003766e-01,4.091592859514320502e+00,6.790142814142015482e+00,1.528124675966412438e-01,2.429853022304941101e-01,3.155086406961234158e-02,0.000000000000000000e+00,0.000000000000000000e+00,2.330832881705853232e-01,2.924017067900329669e-01,6.879750875933926535e-02,6.247802292988771655e-02,1.683455422232838644e-02,0.000000000000000000e+00,0.000000000000000000e+00,0.000000000000000000e+00,1.968243033485699012e-02,2.437363585715960831e-02,0.000000000000000000e+00,0.000000000000000000e+00,0.000000000000000000e+00,4.268839416068893194e-02,0.000000000000000000e+00,2.858402148498482842e-01,0.000000000000000000e+00,0.000000000000000000e+00,0.000000000000000000e+00,0.000000000000000000e+00,0.000000000000000000e+00,5.238082754290310575e-03,4.728875536783901268e+00,6.003877198651142756e-03,0.000000000000000000e+00,0.000000000000000000e+00,0.000000000000000000e+00,1.176485779670862319e+00,1.941011569699187422e+00,5.146763659794364010e+00,1.853656614415552184e+00,0.000000000000000000e+00,0.000000000000000000e+00,1.194423925905146788e+00,1.645148208548952828e+00,0.000000000000000000e+00,3.062817141805107904e-02,0.000000000000000000e+00,0.000000000000000000e+00,0.000000000000000000e+00,0.000000000000000000e+00,6.023912403886275829e-02
4.715173404977920923e-02,2.746388664007089475e-01,7.850884232129962470e+01,0.000000000000000000e+00,0.000000000000000000e+00,2.035904746454225006e-02,1.716754943543675749e-01,2.974649595505344385e-02,0.000000000000000000e+00,6.028651549165487712e-03,7.310870391812814839e-01,0.000000000000000000e+00,0.000000000000000000e+00,2.056681173517627692e-01,0.000000000000000000e+00,1.903554492845423857e-02,0.000000000000000000e+00,3.246217166233354989e-01,5.393775731549714010e+02,0.000000000000000000e+00,3.731730410031150136e+00,9.168183101533076973e-02,2.396858079014672569e+02,8.050352043211682698e-03,0.000000000000000000e+00,1.942718658603948256e+02,3.152179563290093256e+01,2.543108538426640530e-01,4.155026535728655879e-01,1.580819532082718748e+00,0.000000000000000000e+00,9.743676891015360178e-03,1.042373241727260896e-01,2.577395498352629488e+02,4.052673325107272739e-01,7.791503077245829800e+00,1.050449418054691542e+01,2.934872429670159377e+01,1.376516746562974625e+01,1.329200394883610359e-01,5.294746943956980811e-02,1.227948417772274994e-02,3.100432128872269155e-01,3.112949949301087038e-01,1.556178003103539098e-01,3.982449859435598927e-01,3.306107402331391609e-02,0.000000000000000000e+00,5.727185964968701387e-03,0.000000000000000000e+00,2.175442218314788401e-01,8.106861910092666434e-01,0.000000000000000000e+00,0.000000000000000000e+00,0.000000000000000000e+00,9.422927976880355466e-03,0.000000000000000000e+00,0.000000000000000000e+00,0.000000000000000000e+00,0.000000000000000000e+00,0.000000000000000000e+00,0.000000000000000000e+00,0.000000000000000000e+00,5.105593451228789860e-03,4.742486085063753881e-02,3.291603853044897110e-01,0.000000000000000000e+00,9.425585487162550791e-02,0.000000000000000000e+00,1.354082941482924810e-02,9.243013504900095267e-02,7.893309661741906846e-02,1.919356528226425287e-02,5.962270914141787857e-03,1.131604434962637296e+00,4.286301719150227285e+00,2.601686580165880544e-02,0.000000000000000000e+00,0.000000000000000000e+00,7.393457597782866590e-03,0.000000000000000000e+00,0.000000000000000000e+00,6.961332187557427685e-03,3.248854901034995413e-01
0.000000000000000000e+00,0.000000000000000000e+00,0.000000000000000000e+00,0.000000000000000000e+00,0.000000000000000000e+00,2.806290795653301751e-02,5.678376990650813722e-03,2.713424050231542581e-02,0.000000000000000000e+00,1.754374484758978656e-02,6.156410861117963123e+02,0.000000000000000000e+00,7.689837916037965682e-02,0.000000000000000000e+00,0.000000000000000000e+00,0.000000000000000000e+00,3.246217166233354989e-01,0.000000000000000000e+00,3.018775073219598539e+02,0.000000000000000000e+00,5.435894254206024429e-03,0.000000000000000000e+00,2.993183747465320496e-02,0.000000000000000000e+00,0.000000000000000000e+00,1.017952359539448253e+03,7.108417686128682966e-01,0.000000000000000000e+00,8.733360279023340278e-02,0.000000000000000000e+00,3.721751287211029491e-02,9.710867715432275685e-03,0.000000000000000000e+00,1.396690446534257113e+00,1.128569843045340929e-02,4.597700594682450070e-01,3.211209980002391440e+00,4.682321100670314706e+00,7.538042038585166527e-01,0.000000000000000000e+00,1.200334370487481962e-02,1.679077327331943495e-02,1.396206550731379781e-02,0.000000000000000000e+00,0.000000000000000000e+00,6.460872905966279743e-03,0.000000000000000000e+00,0.000000000000000000e+00,0.000000000000000000e+00,0.000000000000000000e+00,0.000000000000000000e+00,0.000000000000000000e+00,0.000000000000000000e+00,0.000000000000000000e+00,0.000000000000000000e+00,0.000000000000000000e+00,0.000000000000000000e+00,0.000000000000000000e+00,0.000000000000000000e+00,0.000000000000000000e+00,0.000000000000000000e+00,0.000000000000000000e+00,0.000000000000000000e+00,0.000000000000000000e+00,0.000000000000000000e+00,0.000000000000000000e+00,0.000000000000000000e+00,0.000000000000000000e+00,0.000000000000000000e+00,0.000000000000000000e+00,0.000000000000000000e+00,9.961435461454727983e-03,4.627348607481285639e-03,0.000000000000000000e+00,2.352204761262127741e-02,8.496223202172279582e-03,0.000000000000000000e+00,0.000000000000000000e+00,0.000000000000000000e+00,0.000000000000000000e+00,0.000000000000000000e+00,0.000000000000000000e+00,0.000000000000000000e+00,2.433045006492406959e-02
0.000000000000000000e+00,0.000000000000000000e+00,2.066238379862783969e-01,0.000000000000000000e+00,0.000000000000000000e+00,1.117171300991630888e-02,0.000000000000000000e+00,0.000000000000000000e+00,0.000000000000000000e+00,2.551001491710733551e-02,1.450600135630247394e+02,4.423276575059971287e-03,0.000000000000000000e+00,1.616792926703638361e-02,0.000000000000000000e+00,1.589861613272437399e-02,5.393775731549714010e+02,3.018775073219598539e+02,0.000000000000000000e+00,0.000000000000000000e+00,1.004587292375431866e-02,1.208959742771383017e-02,4.304862355109104893e-02,0.000000000000000000e+00,5.456123190363469135e-03,2.879746846535019245e+02,3.067057254063601857e+00,6.047093623931417729e-03,5.375590690765699731e-02,5.691973523498889548e-03,0.000000000000000000e+00,9.129998340088952072e-03,0.000000000000000000e+00,4.715267213223841480e+01,8.848387248100188229e-02,2.227996790561433738e+00,7.486921912165160009e+00,1.305899532129149421e+01,5.938125973162537541e+00,2.365307156126973676e-02,5.536068411532889949e-02,1.234237510492318390e-02,3.013642969942939565e-02,2.332439821408340691e-02,0.000000000000000000e+00,8.975362607785027091e-02,2.515354155919469550e-02,0.000000000000000000e+00,0.000000000000000000e+00,0.000000000000000000e+00,2.838722259863060357e-02,2.610699321919690216e-02,4.333415942601280199e-03,0.000000000000000000e+00,0.000000000000000000e+00,4.337056586821968346e-03,0.000000000000000000e+00,0.000000000000000000e+00,0.000000000000000000e+00,0.000000000000000000e+00,0.000000000000000000e+00,0.000000000000000000e+00,0.000000000000000000e+00,0.000000000000000000e+00,0.000000000000000000e+00,7.191777477169323043e-03,0.000000000000000000e+00,6.185313448139531135e-03,0.000000000000000000e+00,0.000000000000000000e+00,0.000000000000000000e+00,4.852733790868766009e-03,4.368620484894474541e-03,9.490351912403079473e-03,1.717140929631533752e-01,3.592663363460675829e-01,0.000000000000000000e+00,0.000000000000000000e+00,0.000000000000000000e+00,6.265366812102667743e-03,0.000000000000000000e+00,0.000000000000000000e+00,0.000000000000000000e+00,1.229705166523659965e-01
