0.000000000000000000e+00,0.000000000000000000e+00,1.019465275225140410e-01,6.589298181829881390e-03,0.000000000000000000e+00,9.372402517003014522e-01,1.932976196664027668e+02,1.426343658060819486e+01,0.000000000000000000e+00,4.832479818123805448e-01,5.519143486803702869e-02,7.445571745657085516e-02,0.000000000000000000e+00,9.722991308889700122e+02,0.000000000000000000e+00,0.000000000000000000e+00,1.139057076026459558e-01,0.000000000000000000e+00,0.000000000000000000e+00,3.297335288971074002e-02,3.681378225014164118e-01,0.000000000000000000e+00,1.222175288648723823e+00,8.866869023770930502e-02,0.000000000000000000e+00,9.044863966134755739e-03,9.518402472321385588e-03,9.768955351266213338e-02,6.686861218925802177e+02,1.119884662739577408e+02,0.000000000000000000e+00,8.284212157251809316e-02,1.021742548396146510e+01,2.632041072768617873e+00,0.000000000000000000e+00,1.225682228285652764e-01,1.369848410772255866e-02,9.753817535768277702e-01,4.404510407914010578e-02,0.000000000000000000e+00,2.132755711994668152e-02,1.049617724599310326e-02,0.000000000000000000e+00,0.000000000000000000e+00,0.000000000000000000e+00,0.000000000000000000e+00,0.000000000000000000e+00,0.000000000000000000e+00,0.000000000000000000e+00,0.000000000000000000e+00,0.000000000000000000e+00,0.000000000000000000e+00,0.000000000000000000e+00,0.000000000000000000e+00,0.000000000000000000e+00,0.000000000000000000e+00,0.000000000000000000e+00,0.000000000000000000e+00,0.000000000000000000e+00,0.000000000000000000e+00,0.000000000000000000e+00,0.000000000000000000e+00,0.000000000000000000e+00,0.000000000000000000e+00,0.000000000000000000e+00,0.000000000000000000e+00,0.000000000000000000e+00,0.000000000000000000e+00,0.000000000000000000e+00,0.000000000000000000e+00,0.000000000000000000e+00,0.000000000000000000e+00,8.254250981448650951e-03,0.000000000000000000e+00,0.000000000000000000e+00,0.000000000000000000e+00,0.000000000000000000e+00,6.537790967661098740e-03,0.000000000000000000e+00,0.000000000000000000e+00,0.000000000000000000e+00,0.000000000000000000e+00,0.000000000000000000e+00,0.000000000000000000e+00
0.000000000000000000e+00,0.000000000000000000e+00,4.148512601230699426e-01,0.000000000000000000e+00,0.000000000000000000e+00,0.000000000000000000e+00,0.000000000000000000e+00,0.000000000000000000e+00,3.939873194525814970e+00,0.000000000000000000e+00,5.918181497498994914e-02,0.000000000000000000e+00,1.498923377211387198e+01,0.000000000000000000e+00,1.127388869770122592e-02,7.818951197437062905e-01,9.074016062527856530e-02,3.114457445738930477e-02,3.195196381855488349e-02,0.000000000000000000e+00,2.994485861910776980e-02,3.739135460399224371e+02,1.622334211495964351e-01,2.560228996105819554e+00,3.521034694495335202e+02,6.559282167237512340e+00,5.652285673912489301e+02,3.276503685748620165e-01,1.185101386240954013e-02,0.000000000000000000e+00,1.811800366110271066e-01,0.000000000000000000e+00,1.275409149819025506e-02,2.809438266017757480e-01,1.440121031167838905e-02,4.438336498729196222e-01,4.029190220227133246e+00,3.962496756291262190e-01,2.498487166659162928e-01,0.000000000000000000e+00,0.000000000000000000e+00,1.293416807213654707e+00,1.069512981543889740e-01,9.395705652802952557e-01,2.320892781195248999e-01,4.999186838810705524e-02,0.000000000000000000e+00,0.000000000000000000e+00,1.255817956662553803e+00,0.000000000000000000e+00,1.377191261153808171e+02,1.621828406978437220e-01,0.000000000000000000e+00,0.000000000000000000e+00,0.000000000000000000e+00,0.000000000000000000e+00,0.000000000000000000e+00,0.000000000000000000e+00,0.000000000000000000e+00,0.000000000000000000e+00,0.000000000000000000e+00,2.646791406551173953e+00,0.000000000000000000e+00,0.000000000000000000e+00,1.379123128027011647e-01,1.661020451295297795e-01,5.695114753608209596e-02,1.862909440648168602e-01,0.000000000000000000e+00,0.000000000000000000e+00,5.920990621411381660e+00,1.677566037037541424e-01,1.427938624959773119e-02,1.283027407255273289e+01,3.449836204587330535e+00,4.757661749399346718e+01,0.000000000000000000e+00,0.000000000000000000e+00,0.000000000000000000e+00,0.000000000000000000e+00,0.000000000000000000e+00,0.000000000000000000e+00,8.460755037696940373e-02,0.000000000000000000e+00
1.019465275225140410e-01,4.148512601230699426e-01,0.000000000000000000e+00,0.000000000000000000e+00,0.000000000000000000e+00,1.675932133520026054e-02,4.693406994730066617e-01,1.561779884175121536e-01,0.000000000000000000e+00,8.223875226385270187e-03,1.171619582258336990e-02,0.000000000000000000e+00,0.000000000000000000e+00,2.049549317869281406e-01,0.000000000000000000e+00,0.000000000000000000e+00,2.122038791312537285e+02,0.000000000000000000e+00,2.547740020828146434e+00,0.000000000000000000e+00,3.923883238829567244e+00,4.463758586778150961e-01,0.000000000000000000e+00,2.615730847724404701e-02,0.000000000000000000e+00,0.000000000000000000e+00,4.135916715791869933e+02,4.302483221985988759e-01,3.343082195516423605e-01,1.576529489220727553e+00,0.000000000000000000e+00,0.000000000000000000e+00,9.772615879611615264e-02,2.973214897942809642e+01,0.000000000000000000e+00,0.000000000000000000e+00,0.000000000000000000e+00,4.654735911989772035e+01,0.000000000000000000e+00,2.153473757494963892e-01,2.356540403045102525e-02,1.119661996567686453e-02,0.000000000000000000e+00,2.842994935923630062e-01,5.113828669737510713e-02,0.000000000000000000e+00,2.333130316797961401e-02,1.206424621621441685e-02,0.000000000000000000e+00,0.000000000000000000e+00,4.950191349400093199e-01,4.986866482630882003e-02,0.000000000000000000e+00,0.000000000000000000e+00,0.000000000000000000e+00,0.000000000000000000e+00,0.000000000000000000e+00,0.000000000000000000e+00,0.000000000000000000e+00,0.000000000000000000e+00,0.000000000000000000e+00,0.000000000000000000e+00,0.000000000000000000e+00,0.000000000000000000e+00,5.192521141435302995e-02,5.330229611557586733e-02,0.000000000000000000e+00,0.000000000000000000e+00,0.000000000000000000e+00,8.757634834582981101e-03,2.848521874874176962e-01,2.313362745511268054e-02,6.613720705327638325e-03,0.000000000000000000e+00,5.399500948224737751e-02,4.617714754940805300e+00,1.661651629725721321e-02,0.000000000000000000e+00,0.000000000000000000e+00,0.000000000000000000e+00,0.000000000000000000e+00,0.000000000000000000e+00,3.480791598237392009e-02,0.000000000000000000e+00
6.589298181829881390e-03,0.000000000000000000e+00,0.000000000000000000e+00,0.000000000000000000e+00,1.261930121890364985e-02,3.629694660510243698e-01,2.757197609425906304e+00,1.888228429278817622e-01,1.613677899432397922e+00,0.000000000000000000e+00,0.000000000000000000e+00,3.610126265561954284e+01,0.000000000000000000e+00,1.909688087617926744e-01,1.402618782712284351e-01,0.000000000000000000e+00,0.000000000000000000e+00,0.000000000000000000e+00,0.000000000000000000e+00,5.080983490116111170e+03,3.167206303976876497e-02,0.000000000000000000e+00,2.593395368273539170e-02,2.543022786704713667e+02,0.000000000000000000e+00,0.000000000000000000e+00,7.061803386920039588e-03,6.092481674499244946e+02,2.157523415115739640e-01,9.733148377468159307e-02,0.000000000000000000e+00,7.264332885926276864e-03,4.872776598119739344e-02,4.287287482578336917e-01,1.334637301021083557e-02,2.451215548980197334e-01,9.837797039594066428e-03,5.843453450010827055e-01,8.436747439279096428e-02,6.486209933436981601e-01,7.974645128345028700e-02,0.000000000000000000e+00,2.359194419064346571e-01,0.000000000000000000e+00,1.042297505998756035e-01,2.547245984133252733e-02,4.716769176465133162e-01,7.092588496101979306e-03,0.000000000000000000e+00,0.000000000000000000e+00,0.000000000000000000e+00,0.000000000000000000e+00,2.833997499740586345e+00,0.000000000000000000e+00,2.550452986968409705e-02,6.546235202535134745e-02,0.000000000000000000e+00,3.266870236841531994e-01,0.000000000000000000e+00,0.000000000000000000e+00,2.308252642383648023e-01,0.000000000000000000e+00,0.000000000000000000e+00,1.032399901023208361e-01,0.000000000000000000e+00,0.000000000000000000e+00,0.000000000000000000e+00,0.000000000000000000e+00,0.000000000000000000e+00,0.000000000000000000e+00,0.000000000000000000e+00,0.000000000000000000e+00,1.890813580604737698e+00,0.000000000000000000e+00,0.000000000000000000e+00,0.000000000000000000e+00,4.965549253608630420e-01,3.995628088210569084e-02,0.000000000000000000e+00,0.000000000000000000e+00,0.000000000000000000e+00,0.000000000000000000e+00,2.881992224971086092e-02,2.630374435020969154e-02
0.000000000000000000e+00,0.000000000000000000e+00,0.000000000000000000e+00,1.261930121890364985e-02,0.000000000000000000e+00,2.986073230501548892e+02,2.866767307263613437e-02,3.224356354418473347e-01,3.950198232758752592e-01,1.619370659708433413e-01,0.000000000000000000e+00,5.503806346729253063e-01,0.000000000000000000e+00,0.000000000000000000e+00,1.817772992112483621e+02,0.000000000000000000e+00,0.000000000000000000e+00,0.000000000000000000e+00,0.000000000000000000e+00,1.789174519524152490e-02,0.000000000000000000e+00,0.000000000000000000e+00,0.000000000000000000e+00,6.619976518558631784e-02,0.000000000000000000e+00,0.000000000000000000e+00,0.000000000000000000e+00,8.357135961966459525e-03,1.064736031112205744e-01,0.000000000000000000e+00,0.000000000000000000e+00,1.117050322028465189e+03,0.000000000000000000e+00,1.159432768191557095e+01,0.000000000000000000e+00,6.479224546908008975e-01,8.724200203994210076e-03,1.694850120848641506e+00,4.090424400021923368e-02,1.094223916603617909e+03,6.159169782338369714e+02,1.951038710937863518e-02,1.377626207690562168e-02,0.000000000000000000e+00,0.000000000000000000e+00,0.000000000000000000e+00,0.000000000000000000e+00,0.000000000000000000e+00,0.000000000000000000e+00,0.000000000000000000e+00,0.000000000000000000e+00,0.000000000000000000e+00,0.000000000000000000e+00,0.000000000000000000e+00,0.000000000000000000e+00,8.252039258885379355e-03,0.000000000000000000e+00,0.000000000000000000e+00,0.000000000000000000e+00,0.000000000000000000e+00,0.000000000000000000e+00,0.000000000000000000e+00,0.000000000000000000e+00,0.000000000000000000e+00,0.000000000000000000e+00,0.000000000000000000e+00,0.000000000000000000e+00,0.000000000000000000e+00,0.000000000000000000e+00,0.000000000000000000e+00,0.000000000000000000e+00,0.000000000000000000e+00,1.220429228475539835e-02,0.000000000000000000e+00,0.000000000000000000e+00,0.000000000000000000e+00,6.990887716653140793e-03,0.000000000000000000e+00,0.000000000000000000e+00,0.000000000000000000e+00,0.000000000000000000e+00,0.000000000000000000e+00,0.000000000000000000e+00,0.000000000000000000e+00
9.372402517003014522e-01,0.000000000000000000e+00,1.675932133520026054e-02,3.629694660510243698e-01,2.986073230501548892e+02,0.000000000000000000e+00,3.718244430255577981e+01,1.606083835240261578e+03,6.153561250477719291e-01,8.074324755108521003e+02,3.687242509296448367e-01,3.699675251277352572e+02,1.539075068981819380e-02,5.421161771455281553e+00,3.746059965641366034e+02,5.460836852249515913e-03,2.549704199823185288e-02,3.852787537285813635e-02,0.000000000000000000e+00,5.825993091095006626e+00,8.588320558933816573e-02,7.955534659976034109e-03,3.382198957834105513e-01,1.452946160100359929e+00,0.000000000000000000e+00,5.242182297631178128e-02,2.462774346623530092e-02,4.385814092019560739e+00,4.057109170938474563e+00,1.919029162279132228e+00,0.000000000000000000e+00,7.830495898357431770e+02,9.445264780841122754e-02,9.355956830661455115e+00,0.000000000000000000e+00,6.444699751911421082e+00,2.151987187465210227e-01,1.283990512872091294e+01,6.862189780655507665e-01,1.769201660358041579e+02,9.881392701263520095e+00,9.068154892558055735e-02,1.286189465003831911e-01,0.000000000000000000e+00,5.649770700483632696e-02,0.000000000000000000e+00,1.424693663760451257e-01,0.000000000000000000e+00,8.587160742880600717e-03,0.000000000000000000e+00,0.000000000000000000e+00,0.000000000000000000e+00,3.109698343089087672e-02,0.000000000000000000e+00,5.083737856734718390e-03,3.956191157886870813e-02,4.056143321685291153e-03,3.081358905481907870e-02,6.132555884150687163e-03,0.000000000000000000e+00,4.071359116785436966e-02,0.000000000000000000e+00,0.000000000000000000e+00,2.766596299103326120e-02,0.000000000000000000e+00,0.000000000000000000e+00,0.000000000000000000e+00,0.000000000000000000e+00,1.889260344312495427e-02,0.000000000000000000e+00,0.000000000000000000e+00,0.000000000000000000e+00,7.845960968048414363e-01,0.000000000000000000e+00,4.477125064857034008e-03,0.000000000000000000e+00,1.832847435520149060e-01,1.130125055521385632e-02,0.000000000000000000e+00,0.000000000000000000e+00,0.000000000000000000e+00,0.000000000000000000e+00,1.025529521197220129e-02,5.695024882712174975e-03
1.932976196664027668e+02,0.000000000000000000e+00,4.693406994730066617e-01,2.757197609425906304e+00,2.866767307263613437e-02,3.718244430255577981e+01,0.000000000000000000e+00,4.390464658178248669e+01,1.563468068901122443e+00,1.415799416982503089e+03,1.452131203299755480e-01,2.942654379815681787e-01,0.000000000000000000e+00,2.385106255660805061e+02,2.021905187250766511e-01,2.214310270698551658e-02,4.298396756084957859e-01,5.852104175955313153e-03,1.172599084765802227e-02,1.011549770313040053e+00,8.443128609325638578e+00,3.238766090213920923e-02,5.745815707731825484e+00,6.079876981782992829e+01,0.000000000000000000e+00,0.000000000000000000e+00,8.205604636061442081e-02,9.007709685937247741e+02,1.956682100181168593e+01,1.308723025532397514e+03,0.000000000000000000e+00,1.606637647130735869e-01,5.117385736208174052e+00,1.245688774877158878e+01,0.000000000000000000e+00,0.000000000000000000e+00,4.029890388362856180e-01,1.434124872896277658e+01,2.186064368574378580e+00,1.979236130416011985e+00,8.524271327489294503e-01,4.340642633943492951e-02,1.085738309629974419e-01,6.606368367334081171e-03,2.392008008509606820e-01,8.076475987124670519e-02,3.011267553902674532e-01,1.884754357286571105e-02,0.000000000000000000e+00,2.228634459989799199e-02,0.000000000000000000e+00,0.000000000000000000e+00,2.971008603965316630e-01,8.160048818846753899e-03,4.346621893960511684e-02,2.779194444994259050e-01,2.790429385837461113e-02,4.756695597413034271e-01,1.299233023765987149e-01,4.300758013849891731e-03,1.578853427257142783e-01,0.000000000000000000e+00,2.433749144303831713e-02,5.206508332439180320e-02,1.659393978487013269e-02,0.000000000000000000e+00,0.000000000000000000e+00,0.000000000000000000e+00,7.116131203473614886e-02,1.390228672262516264e-02,8.311746816907005647e-03,0.000000000000000000e+00,4.884257470206792462e+00,0.000000000000000000e+00,0.000000000000000000e+00,1.139580035474506078e-02,9.938656025664535099e-01,7.720291580165740408e-02,0.000000000000000000e+00,0.000000000000000000e+00,0.000000000000000000e+00,0.000000000000000000e+00,7.603878449074497059e-02,0.000000000000000000e+00
1.426343658060819486e+01,0.000000000000000000e+00,1.561779884175121536e-01,1.888228429278817622e-01,3.224356354418473347e-01,1.606083835240261578e+03,4.390464658178248669e+01,0.000000000000000000e+00,4.880830242808645303e-02,2.635098166159754101e+02,2.302564809306328342e-01,1.457466506340133305e+00,0.000000000000000000e+00,1.373540091778791975e+03,5.299742371248011841e-01,0.000000000000000000e+00,1.226885128811165127e-01,0.000000000000000000e+00,0.000000000000000000e+00,8.143765978702379726e-01,5.916250775359835901e-01,0.000000000000000000e+00,1.679731294755643534e+00,5.627669010813718398e-01,0.000000000000000000e+00,1.927494405064849453e-02,0.000000000000000000e+00,7.447674250951141772e-01,7.613118552087572155e+00,1.430522951692962863e+01,0.000000000000000000e+00,9.215299926782228113e+01,1.939223137604618730e-01,5.140036259506875815e+00,7.436302786356079053e-02,4.459440654472540899e+00,6.962706492067224917e-02,7.050680666182841172e+00,4.928643776127779041e-01,6.068154323003615680e+00,1.200747300428149256e+00,1.149237622824944988e-01,5.909656096357260822e-03,5.596778641238853852e-03,5.123052618931608557e-03,4.666131246333225097e-03,1.603128125280832775e-02,0.000000000000000000e+00,0.000000000000000000e+00,0.000000000000000000e+00,0.000000000000000000e+00,0.000000000000000000e+00,1.448366326665272326e-02,0.000000000000000000e+00,5.092075930796064083e-03,1.109432358838800120e-02,0.000000000000000000e+00,2.393153328162444735e-02,4.657353097520721026e-03,0.000000000000000000e+00,6.248252284626883840e-03,0.000000000000000000e+00,0.000000000000000000e+00,0.000000000000000000e+00,0.000000000000000000e+00,0.000000000000000000e+00,0.000000000000000000e+00,0.000000000000000000e+00,0.000000000000000000e+00,0.000000000000000000e+00,0.000000000000000000e+00,0.000000000000000000e+00,2.554790373426968353e-01,0.000000000000000000e+00,0.000000000000000000e+00,0.000000000000000000e+00,5.458297295850823155e-02,0.000000000000000000e+00,0.000000000000000000e+00,0.000000000000000000e+00,0.000000000000000000e+00,0.000000000000000000e+00,5.966768877568068459e-03,0.000000000000000000e+00
0.000000000000000000e+00,3.939873194525814970e+00,0.000000000000000000e+00,1.613677899432397922e+00,3.950198232758752592e-01,6.153561250477719291e-01,1.563468068901122443e+00,4.880830242808645303e-02,0.000000000000000000e+00,1.199768056469506794e+00,0.000000000000000000e+00,6.568167567843127586e+01,5.112133784016933968e-02,1.898289129122279761e-02,1.584206953807654656e+02,7.828450474838204443e-01,0.000000000000000000e+00,0.000000000000000000e+00,0.000000000000000000e+00,3.220975518747243971e+00,1.844138694045928395e-01,3.758669329762714142e+02,1.779075778708697486e-01,1.008323631919554145e+03,4.342637089922015692e-01,8.107502093029801682e-03,7.451149007628214971e-01,6.224793108031571265e+00,9.522352856752708261e-02,0.000000000000000000e+00,0.000000000000000000e+00,6.850473489223694694e-03,5.923081663632094596e-02,2.018980616368903636e-01,0.000000000000000000e+00,1.029722108567298067e+00,7.131715343642318350e-02,3.412136928373801226e-01,9.626583421802085982e-02,2.499220868237603668e+02,5.578968012480897687e-02,8.110621571548024336e-03,4.187830373635599845e-01,8.351311710008038625e-03,4.232133287991234338e-01,8.690743073468008839e-02,2.813331849669780560e+00,1.732843661864391302e-02,8.855473672781895289e-03,1.504444626562069856e-02,0.000000000000000000e+00,0.000000000000000000e+00,1.151402750302283617e-01,0.000000000000000000e+00,2.921877256500104297e-02,3.109664969170716775e-01,3.357433755324856772e-02,6.422047976372230949e+01,4.791674745891204290e-02,0.000000000000000000e+00,1.150575320267833490e+00,7.091086639562215604e-03,4.785647681756666910e-02,6.231070810780519054e-01,6.905652467000712447e-01,0.000000000000000000e+00,0.000000000000000000e+00,0.000000000000000000e+00,3.341071165120568925e-02,1.766247775400773268e-01,1.082236941900125204e+00,4.887972219031337662e-02,2.562946626831979913e+01,9.133496837643790764e-03,0.000000000000000000e+00,8.165737457261674007e-03,3.515071353840788060e+00,2.076783505264064300e-01,8.230859430658281697e-03,0.000000000000000000e+00,0.000000000000000000e+00,7.918719757029515915e-02,2.091103711229736484e-01,0.000000000000000000e+00
4.832479818123805448e-01,0.000000000000000000e+00,8.223875226385270187e-03,0.000000000000000000e+00,1.619370659708433413e-01,8.074324755108521003e+02,1.415799416982503089e+03,2.635098166159754101e+02,1.199768056469506794e+00,0.000000000000000000e+00,3.085783684261345639e-01,6.434149553883232784e+02,6.294320570468901234e-03,1.895667174633461727e+01,9.738151813292210690e-01,6.651602718980646235e-03,2.549307679126798162e-02,2.617822235116624291e-02,1.867832094110839433e-02,8.126268441839612251e+02,2.361914568520439295e-01,1.971429177358385160e-02,2.305691802471990237e-01,1.162921695327739613e+01,0.000000000000000000e+00,4.585630392733167776e-02,5.828724129678083780e-03,8.637370784375507355e+02,7.777612686819705523e+00,1.941780302183391926e+00,0.000000000000000000e+00,5.622202161458741410e-01,3.381174389769492916e-01,1.259841130962482936e+01,0.000000000000000000e+00,3.767028867094513789e+00,8.506285891653284081e-02,1.593094172485549542e+01,0.000000000000000000e+00,4.613235151557881331e+00,1.345811473045442463e+00,6.144353163156143771e-02,1.635587372650491866e-01,0.000000000000000000e+00,1.963516598506860611e-01,3.886535609485219228e-02,5.192063691727760721e-01,1.724289191581870190e-02,0.000000000000000000e+00,5.408526731876099961e-03,0.000000000000000000e+00,0.000000000000000000e+00,1.598649889693885273e-01,0.000000000000000000e+00,5.790869333276782438e-02,1.943239768641184806e-01,9.879766724380045426e-03,3.610396382781839164e-01,9.116561417935094280e-02,0.000000000000000000e+00,2.028346389372134573e-01,0.000000000000000000e+00,4.512079120012381546e-03,5.799917892123696711e-02,0.000000000000000000e+00,0.000000000000000000e+00,0.000000000000000000e+00,0.000000000000000000e+00,1.857219336235784238e-02,0.000000000000000000e+00,0.000000000000000000e+00,0.000000000000000000e+00,3.153655829060546534e+00,0.000000000000000000e+00,0.000000000000000000e+00,0.000000000000000000e+00,8.427183310141097561e-01,2.080003741950091356e-02,1.087999938906253523e-02,0.000000000000000000e+00,0.000000000000000000e+00,2.339195480372794136e-02,7.413053500087610215e-02,0.000000000000000000e+00
5.519143486803702869e-02,5.918181497498994914e-02,1.171619582258336990e-02,0.000000000000000000e+00,0.000000000000000000e+00,3.687242509296448367e-01,1.452131203299755480e-01,2.302564809306328342e-01,0.000000000000000000e+00,3.085783684261345639e-01,0.000000000000000000e+00,6.673139174331588208e-02,8.093033810974426387e+02,3.602884355293350382e-01,0.000000000000000000e+00,0.000000000000000000e+00,1.122736775161049527e+00,4.597416142099494891e+02,4.874154752683922993e+02,3.285397919208547096e-02,0.000000000000000000e+00,0.000000000000000000e+00,2.682577002927519216e-02,0.000000000000000000e+00,3.129934772170841484e+00,3.603912272820372777e+02,7.941225128889544127e-01,6.302571719690584773e-03,1.608045438895451040e+00,9.520234479499499469e-02,1.659602571704493812e+01,1.415892100165620227e-01,1.276083892935984954e-02,8.871449597253479169e+02,0.000000000000000000e+00,6.481834497824194852e-01,1.982492836022570089e+02,4.042246860882509054e+02,9.670389445310936249e-01,4.685966189083653338e-02,0.000000000000000000e+00,0.000000000000000000e+00,0.000000000000000000e+00,2.456502477619127434e-01,0.000000000000000000e+00,0.000000000000000000e+00,0.000000000000000000e+00,0.000000000000000000e+00,1.851596135002141208e-02,0.000000000000000000e+00,8.821452303195102818e-02,0.000000000000000000e+00,0.000000000000000000e+00,0.000000000000000000e+00,0.000000000000000000e+00,0.000000000000000000e+00,0.000000000000000000e+00,0.000000000000000000e+00,0.000000000000000000e+00,0.000000000000000000e+00,0.000000000000000000e+00,0.000000000000000000e+00,0.000000000000000000e+00,0.000000000000000000e+00,0.000000000000000000e+00,0.000000000000000000e+00,0.000000000000000000e+00,0.000000000000000000e+00,0.000000000000000000e+00,0.000000000000000000e+00,0.000000000000000000e+00,0.000000000000000000e+00,0.000000000000000000e+00,4.463854907772384362e-01,3.003997094013364025e-02,5.554428577803609268e-02,0.000000000000000000e+00,0.000000000000000000e+00,0.000000000000000000e+00,0.000000000000000000e+00,0.000000000000000000e+00,0.000000000000000000e+00,0.000000000000000000e+00,0.000000000000000000e+00
7.445571745657085516e-02,0.000000000000000000e+00,0.000000000000000000e+00,3.610126265561954284e+01,5.503806346729253063e-01,3.699675251277352572e+02,2.942654379815681787e-01,1.457466506340133305e+00,6.568167567843127586e+01,6.434149553883232784e+02,6.673139174331588208e-02,0.000000000000000000e+00,1.237545248857563514e-02,1.543832127492523520e+00,2.187180018281145237e+02,0.000000000000000000e+00,0.000000000000000000e+00,2.025310961688601974e-02,6.119272402675315220e-03,2.110742729113319001e+03,0.000000000000000000e+00,0.000000000000000000e+00,6.411324377345021912e-03,1.508813164679253305e+02,0.000000000000000000e+00,6.309351744338010867e-03,1.202129314838476341e-02,2.136728635140670907e+00,1.974620821211732435e+00,4.798711677989970364e-02,0.000000000000000000e+00,2.214459221847343839e-01,1.039399103737140631e-02,3.995395722971402108e+00,0.000000000000000000e+00,1.018180294298705491e+00,3.181024183087027141e-02,5.059240605866650142e+00,1.664351830645806607e-01,6.763130181392497775e+01,2.104596576843689726e-01,1.609949377095315146e-02,9.863832886859084104e-01,0.000000000000000000e+00,4.325119188262981085e-02,5.403563386867385465e-03,1.399021636477000508e+00,7.603162616793803646e-03,0.000000000000000000e+00,7.080635031489356315e-03,0.000000000000000000e+00,0.000000000000000000e+00,1.987177115485678491e-01,2.106651312096505940e-02,9.033890452623409562e-02,6.656760176496741288e-02,1.066948859358147171e-02,8.295704488990828240e-01,9.657676073047465337e+00,0.000000000000000000e+00,0.000000000000000000e+00,0.000000000000000000e+00,0.000000000000000000e+00,2.380156051582367205e-01,5.498761109052188734e-03,0.000000000000000000e+00,0.000000000000000000e+00,0.000000000000000000e+00,5.256285488873023048e+00,0.000000000000000000e+00,0.000000000000000000e+00,0.000000000000000000e+00,2.562718823512470934e+00,0.000000000000000000e+00,0.000000000000000000e+00,0.000000000000000000e+00,3.474520757944190019e-01,2.062319046341077114e-02,0.000000000000000000e+00,0.000000000000000000e+00,0.000000000000000000e+00,0.000000000000000000e+00,7.917124369378981605e-03,0.000000000000000000e+00
0.000000000000000000e+00,1.498923377211387198e+01,0.000000000000000000e+00,0.000000000000000000e+00,0.000000000000000000e+00,1.539075068981819380e-02,0.000000000000000000e+00,0.000000000000000000e+00,5.112133784016933968e-02,6.294320570468901234e-03,8.093033810974426387e+02,1.237545248857563514e-02,0.000000000000000000e+00,1.232125545350825149e-02,0.000000000000000000e+00,9.975304515364151470e-03,0.000000000000000000e+00,2.993879690746438893e+00,4.375017383018658390e-01,0.000000000000000000e+00,1.821465589536059443e-02,8.820525759360601237e-01,1.650879595009642486e-02,4.034875022615209972e-02,9.145291418226833002e+02,4.647272897509618588e+02,5.285884667080239296e+02,0.000000000000000000e+00,8.844892631459148891e-02,0.000000000000000000e+00,1.147346396343294145e+03,0.000000000000000000e+00,0.000000000000000000e+00,1.331592991135059378e+02,0.000000000000000000e+00,4.550634014354397738e-01,3.627595769588102712e+02,4.633453773028300304e+01,6.176498987163383525e-01,0.000000000000000000e+00,0.000000000000000000e+00,3.037192035523753475e+02,0.000000000000000000e+00,7.020323881215698947e+00,1.104272315278373093e-02,7.612034345681093286e-03,0.000000000000000000e+00,0.000000000000000000e+00,1.009625163578618423e+00,0.000000000000000000e+00,3.547421158703447208e+00,0.000000000000000000e+00,0.000000000000000000e+00,0.000000000000000000e+00,0.000000000000000000e+00,0.000000000000000000e+00,0.000000000000000000e+00,0.000000000000000000e+00,0.000000000000000000e+00,3.369033852614480157e-02,0.000000000000000000e+00,6.920426708615985412e+00,0.000000000000000000e+00,0.000000000000000000e+00,8.815505259898406137e-03,0.000000000000000000e+00,9.258101780404658088e-02,1.312062765033735444e-02,0.000000000000000000e+00,0.000000000000000000e+00,3.093374249383789090e-02,0.000000000000000000e+00,0.000000000000000000e+00,1.716693389167817330e+01,1.242151017480647601e+00,5.083402295905941060e+00,0.000000000000000000e+00,0.000000000000000000e+00,0.000000000000000000e+00,1.767652341117441350e-02,0.000000000000000000e+00,0.000000000000000000e+00,0.000000000000000000e+00,0.000000000000000000e+00
9.722991308889700122e+02,0.000000000000000000e+00,2.049549317869281406e-01,1.909688087617926744e-01,0.000000000000000000e+00,5.421161771455281553e+00,2.385106255660805061e+02,1.373540091778791975e+03,1.898289129122279761e-02,1.895667174633461727e+01,3.602884355293350382e-01,1.543832127492523520e+00,1.232125545350825149e-02,0.000000000000000000e+00,4.203189416330439104e-02,0.000000000000000000e+00,2.145365577064069773e-01,2.078995384865630139e-02,0.000000000000000000e+00,8.165853861765223209e-01,1.344157753810676370e+00,0.000000000000000000e+00,3.428487853860071599e+00,7.944051980791217993e-01,0.000000000000000000e+00,4.823114753907736113e-02,4.344993351695854850e-02,7.069273402419530283e-01,5.486125928085714349e+02,3.455401591717929932e+01,0.000000000000000000e+00,6.291869247738698157e+00,4.955297690003828137e-01,5.415668874026994040e+00,0.000000000000000000e+00,9.811396436625102746e-01,5.005115916850359781e-02,3.486994619141985385e+00,1.908747622871286853e-01,4.494574822740208253e-01,5.504909638942819677e-02,5.510376706460965585e-02,4.267943993394376911e-03,0.000000000000000000e+00,6.706997757818393240e-03,0.000000000000000000e+00,0.000000000000000000e+00,5.503161488013351421e-03,0.000000000000000000e+00,0.000000000000000000e+00,0.000000000000000000e+00,0.000000000000000000e+00,4.096924368560656005e-03,0.000000000000000000e+00,0.000000000000000000e+00,4.560182707906298115e-03,0.000000000000000000e+00,1.322943468471287319e-02,0.000000000000000000e+00,0.000000000000000000e+00,0.000000000000000000e+00,0.000000000000000000e+00,0.000000000000000000e+00,0.000000000000000000e+00,0.000000000000000000e+00,0.000000000000000000e+00,0.000000000000000000e+00,0.000000000000000000e+00,5.213465626932844640e-03,4.610633428119502789e-03,0.000000000000000000e+00,0.000000000000000000e+00,1.482260930331328885e-01,0.000000000000000000e+00,0.000000000000000000e+00,4.339425497567944365e-03,2.961383783210078113e-02,0.000000000000000000e+00,0.000000000000000000e+00,0.000000000000000000e+00,0.000000000000000000e+00,0.000000000000000000e+00,0.000000000000000000e+00,0.000000000000000000e+00
0.000000000000000000e+00,1.127388869770122592e-02,0.000000000000000000e+00,1.402618782712284351e-01,1.817772992112483621e+02,3.746059965641366034e+02,2.021905187250766511e-01,5.299742371248011841e-01,1.584206953807654656e+02,9.738151813292210690e-01,0.000000000000000000e+00,2.187180018281145237e+02,0.000000000000000000e+00,4.203189416330439104e-02,0.000000000000000000e+00,1.242956379790920683e-02,0.000000000000000000e+00,0.000000000000000000e+00,5.735463641732362235e-03,9.385744705797278709e-01,8.513880049530747618e-02,1.548516001560424835e-02,4.652708163537693647e-02,2.086779784355712763e+00,8.928737473169743796e-03,0.000000000000000000e+00,0.000000000000000000e+00,1.338127121583813639e-01,6.545177011703638172e-03,2.554402515815197561e-02,0.000000000000000000e+00,1.279315791462926954e+00,0.000000000000000000e+00,5.676469609824186247e-02,0.000000000000000000e+00,2.484368923517050742e-01,1.984305348550095480e-02,1.368706292368158106e-01,0.000000000000000000e+00,8.761043361819628217e+02,2.421752551557652122e+00,0.000000000000000000e+00,4.126874520473439723e-01,0.000000000000000000e+00,1.118301708965376180e-02,0.000000000000000000e+00,7.385993218893652790e-01,0.000000000000000000e+00,0.000000000000000000e+00,0.000000000000000000e+00,0.000000000000000000e+00,0.000000000000000000e+00,9.346880053055410878e-03,0.000000000000000000e+00,6.503973382298385356e-03,7.459306793015958205e-03,6.299726684373754999e-03,3.115676926775833300e-01,0.000000000000000000e+00,0.000000000000000000e+00,6.319687875923357678e-02,0.000000000000000000e+00,7.794240425486368383e-03,8.136799083219536932e-02,0.000000000000000000e+00,0.000000000000000000e+00,0.000000000000000000e+00,0.000000000000000000e+00,9.757802922040316809e-03,0.000000000000000000e+00,0.000000000000000000e+00,0.000000000000000000e+00,5.057086694110808356e-01,0.000000000000000000e+00,0.000000000000000000e+00,0.000000000000000000e+00,8.746919789199983364e-02,7.985374930082582076e-03,0.000000000000000000e+00,0.000000000000000000e+00,0.000000000000000000e+00,0.000000000000000000e+00,9.374294185136871141e-03,1.137292355337569949e-02
0.000000000000000000e+00,7.818951197437062905e-01,0.000000000000000000e+00,0.000000000000000000e+00,0.000000000000000000e+00,5.460836852249515913e-03,2.214310270698551658e-02,0.000000000000000000e+00,7.828450474838204443e-01,6.651602718980646235e-03,0.000000000000000000e+00,0.000000000000000000e+00,9.975304515364151470e-03,0.000000000000000000e+00,1.242956379790920683e-02,0.000000000000000000e+00,1.202208426942485801e-02,0.000000000000000000e+00,0.000000000000000000e+00,0.000000000000000000e+00,1.015449375410835387e+03,2.729879083414916749e+02,1.551264496683758125e+03,1.601720671762799668e+02,5.461960573759409160e-02,2.929783365697385608e-02,4.271774148865437724e+02,2.173235398209907885e+02,0.000000000000000000e+00,8.152939166541360583e-02,0.000000000000000000e+00,0.000000000000000000e+00,4.326213994861160400e-02,3.140420243381840115e-01,0.000000000000000000e+00,0.000000000000000000e+00,8.406725158841652501e+00,1.135888793567705113e+00,0.000000000000000000e+00,2.034354454209833796e-01,0.000000000000000000e+00,0.000000000000000000e+00,0.000000000000000000e+00,1.882999354320348262e-01,1.574191997475967164e-01,0.000000000000000000e+00,3.608080854670514537e-02,1.655586801800756208e-02,0.000000000000000000e+00,0.000000000000000000e+00,6.030023757204196200e-02,1.718286973864168940e-02,0.000000000000000000e+00,0.000000000000000000e+00,0.000000000000000000e+00,1.213578136835073359e-02,0.000000000000000000e+00,7.846534587728003496e-01,0.000000000000000000e+00,0.000000000000000000e+00,1.973625391906112803e-02,0.000000000000000000e+00,0.000000000000000000e+00,0.000000000000000000e+00,1.230058842468590186e+01,0.000000000000000000e+00,0.000000000000000000e+00,0.000000000000000000e+00,0.000000000000000000e+00,2.208476657563407830e+00,2.186979000434972775e+01,6.086352900404867761e+00,4.275410186919414990e+00,8.640314034069888904e-03,0.000000000000000000e+00,4.455910926119463156e+00,3.042003956828912337e+00,0.000000000000000000e+00,0.000000000000000000e+00,0.000000000000000000e+00,0.000000000000000000e+00,0.000000000000000000e+00,3.572865195276491573e-02,0.000000000000000000e+00
1.139057076026459558e-01,9.074016062527856530e-02,2.122038791312537285e+02,0.000000000000000000e+00,0.000000000000000000e+00,2.549704199823185288e-02,4.298396756084957859e-01,1.226885128811165127e-01,0.000000000000000000e+00,2.549307679126798162e-02,1.122736775161049527e+00,0.000000000000000000e+00,0.000000000000000000e+00,2.145365577064069773e-01,0.000000000000000000e+00,1.202208426942485801e-02,0.000000000000000000e+00,2.144930235191685325e-02,4.571084749816303088e+02,0.000000000000000000e+00,7.209458963995408531e+00,1.058756518680653153e-01,3.426487912479810234e+02,2.350358257399214057e-02,1.291148258242260510e-02,4.659709436956464401e+02,4.529901160874040045e+01,0.000000000000000000e+00,8.339091456003832059e-01,3.850493773772939221e+00,0.000000000000000000e+00,0.000000000000000000e+00,2.489335867724092322e-01,5.025389005628047698e+02,0.000000000000000000e+00,1.494320213979537293e+00,1.197838594100611331e+00,3.869030117035860172e+01,2.747437633703591953e+00,2.099738710111761011e-02,0.000000000000000000e+00,0.000000000000000000e+00,7.924270114639897153e-03,1.315419599603503444e-02,0.000000000000000000e+00,0.000000000000000000e+00,0.000000000000000000e+00,0.000000000000000000e+00,0.000000000000000000e+00,0.000000000000000000e+00,4.298522274334354992e-02,0.000000000000000000e+00,0.000000000000000000e+00,0.000000000000000000e+00,0.000000000000000000e+00,0.000000000000000000e+00,0.000000000000000000e+00,0.000000000000000000e+00,0.000000000000000000e+00,0.000000000000000000e+00,0.000000000000000000e+00,6.273569201002529398e-03,0.000000000000000000e+00,0.000000000000000000e+00,8.309726492001720533e-03,0.000000000000000000e+00,0.000000000000000000e+00,0.000000000000000000e+00,0.000000000000000000e+00,0.000000000000000000e+00,8.324804037916118046e-03,5.024255356306534664e-03,0.000000000000000000e+00,0.000000000000000000e+00,3.821046661692194257e-02,4.071315719663716748e-01,0.000000000000000000e+00,0.000000000000000000e+00,0.000000000000000000e+00,0.000000000000000000e+00,0.000000000000000000e+00,0.000000000000000000e+00,0.000000000000000000e+00,1.993251977739681283e-02
0.000000000000000000e+00,3.114457445738930477e-02,0.000000000000000000e+00,0.000000000000000000e+00,0.000000000000000000e+00,3.852787537285813635e-02,5.852104175955313153e-03,0.000000000000000000e+00,0.000000000000000000e+00,2.617822235116624291e-02,4.597416142099494891e+02,2.025310961688601974e-02,2.993879690746438893e+00,2.078995384865630139e-02,0.000000000000000000e+00,0.000000000000000000e+00,2.144930235191685325e-02,0.000000000000000000e+00,1.470250974931140718e+03,0.000000000000000000e+00,1.227597299907830924e-02,0.000000000000000000e+00,1.951904295057147257e-02,0.000000000000000000e+00,1.180625463433685948e-02,7.348989284873965744e+02,1.065331897900831493e+00,0.000000000000000000e+00,4.141002813943345934e-02,1.162860125596204205e-02,8.155711941239488505e-01,9.114470424804886964e-03,0.000000000000000000e+00,3.057443481007939390e+00,1.427900823903743323e-02,0.000000000000000000e+00,5.614674344625393942e+00,1.655353614084136993e+01,8.656622158779075926e-01,0.000000000000000000e+00,1.266521686111106264e-02,0.000000000000000000e+00,0.000000000000000000e+00,4.525615338190561165e-02,8.267646902243807466e-03,0.000000000000000000e+00,0.000000000000000000e+00,0.000000000000000000e+00,0.000000000000000000e+00,0.000000000000000000e+00,5.291084024170906314e-02,0.000000000000000000e+00,0.000000000000000000e+00,0.000000000000000000e+00,0.000000000000000000e+00,0.000000000000000000e+00,0.000000000000000000e+00,0.000000000000000000e+00,0.000000000000000000e+00,0.000000000000000000e+00,0.000000000000000000e+00,5.015557984628440241e-02,0.000000000000000000e+00,0.000000000000000000e+00,0.000000000000000000e+00,0.000000000000000000e+00,0.000000000000000000e+00,0.000000000000000000e+00,0.000000000000000000e+00,0.000000000000000000e+00,0.000000000000000000e+00,0.000000000000000000e+00,0.000000000000000000e+00,1.748045614932378783e-02,6.229976597344890482e-02,1.552087324968547954e-01,0.000000000000000000e+00,0.000000000000000000e+00,0.000000000000000000e+00,9.025488645940519736e-03,0.000000000000000000e+00,0.000000000000000000e+00,0.000000000000000000e+00,7.563908191586999133e-03
0.000000000000000000e+00,3.195196381855488349e-02,2.547740020828146434e+00,0.000000000000000000e+00,0.000000000000000000e+00,0.000000000000000000e+00,1.172599084765802227e-02,0.000000000000000000e+00,0.000000000000000000e+00,1.867832094110839433e-02,4.874154752683922993e+02,6.119272402675315220e-03,4.375017383018658390e-01,0.000000000000000000e+00,5.735463641732362235e-03,0.000000000000000000e+00,4.571084749816303088e+02,1.470250974931140718e+03,0.000000000000000000e+00,5.266693459812410612e-03,4.109734527303523371e-02,0.000000000000000000e+00,4.242033254032778755e-01,0.000000000000000000e+00,2.898854906751827110e-02,4.560763488988387167e+02,7.122445388864888649e+00,1.118093890132807779e-02,1.023129402030904106e-01,0.000000000000000000e+00,1.083596838462043965e-01,2.615336458539882503e-02,0.000000000000000000e+00,1.634603728113777663e+02,0.000000000000000000e+00,0.000000000000000000e+00,7.394879607272622835e+00,4.872761200929766545e+01,2.518043745017936264e+00,0.000000000000000000e+00,0.000000000000000000e+00,1.712375476784843559e-02,2.007905653618887593e-02,1.216675085656884342e-01,0.000000000000000000e+00,0.000000000000000000e+00,0.000000000000000000e+00,0.000000000000000000e+00,8.301800653163830118e-03,0.000000000000000000e+00,3.872530326241331589e-02,0.000000000000000000e+00,0.000000000000000000e+00,0.000000000000000000e+00,0.000000000000000000e+00,0.000000000000000000e+00,0.000000000000000000e+00,0.000000000000000000e+00,0.000000000000000000e+00,0.000000000000000000e+00,0.000000000000000000e+00,1.263151727003800073e-02,0.000000000000000000e+00,0.000000000000000000e+00,0.000000000000000000e+00,0.000000000000000000e+00,0.000000000000000000e+00,9.862637757471905131e-03,0.000000000000000000e+00,0.000000000000000000e+00,0.000000000000000000e+00,0.000000000000000000e+00,0.000000000000000000e+00,0.000000000000000000e+00,7.737630470580053599e-02,2.519966234718916120e-01,0.000000000000000000e+00,0.000000000000000000e+00,0.000000000000000000e+00,0.000000000000000000e+00,0.000000000000000000e+00,0.000000000000000000e+00,0.000000000000000000e+00,5.725762901379377948e-03
