80.52,8.7416,1.9651,24.672,7.4549,0,5.9129,0,0,0,0,0,0,0,0,0,0,0,0,0,0,0,0,0,0,0,0,0.23577,0,0.13073,0,2.1383,0,0,4.2443,15.935,0,11.197,0,0,0,0,0,0,0,0,0,0,0,0,0,0,0,0,0,0,0,0,0,0,0,0,0,0,0,0,0,0,0,0,0,0,0,0,0,0,0,0,0,0,0,0,0
8.7416,18.264,0,0,10.022,0,12.327,0.62922,0,0,0,0,0,0,0,0,0,0,0,0,0,0,0,0,0,0,0,0,0,0,0,0.39551,0,0,1.6503,4.039,0,0,0,0,0,0,0,0,0,0,0,0,0,0,0,0,0,0,0,0,0,0,0,0,0,0,0,0,0,0,0,0,0,0,0,0,0,0,0,0,0,0,0,0,0,0,0
1.9651,0,1.1147,9.0618,0,0,2.0874,1.469,0,0,0,0,0,0,0,0,0,0,0,0,0,0,0,0,0,0,0,0,0,0,0,0,0,0,0.6682,0.53788,0,0,0,0,0,0,0,0,0,0,0,0,0,0,0,0,0,0,0,0,0,0,0,0,0,0,0,0,0,0,0,0,0,0,0,0,0,0,0,0,0,0,0,0,0,0,0
24.672,0,9.0618,50.303,0.17253,0,14.342,7.0404,0,0,0,5.1417,0,0,0,0,0,0,0,0,0,0,0,0,0,0,0,0,0,0,0,0,0,0.18963,10.773,2.2418,0,20.036,0,0,0,0,0,0,1.7839,0,0,0.35178,0.4447,0,0,0,0,0,0,0,0,0,0,0,0,0,0,0,0,0,0,0,0,0,0,0,0,0,0,0,0,0,0,0,0,0,0
7.4549,10.022,0,0.17253,59.004,10.561,23.64,1.4053,0.35927,0,0,0,0,0,0,0,0,0,0,0,0,0,0,0,0,0,0,0,0,0,0,0.38729,0,1.1311,0,7.9351,1.3481,0,0,0,0,0,0,0,0,0,0,0,0,0,0,0,0,0,0,0,0,0,0,0,0,0,0,0,0,0,0,0,0,0,0,0,0,0,0,0,0,0,0,0,0,0,0
0,0,0,0,10.561,73.143,12.538,2.2177,7.4741,17.129,0,0,0,0,0,0,0,0,0,0,0,0,0,0,0,0,0,0,0,0,0,0,0,0,0,0.39823,0,0,0,0,0,0,0,0,0,0,0,0,0.0075217,0,0,0,0,0,0,0,0,0,0,0,0,0,0,0,0,0,0,0,0,0,0,0,0,0,0,0,0,0,0,0,0,0,0
5.9129,12.327,2.0874,14.342,23.64,12.538,310.86,76.278,32.182,1.3858,0,0,4.3438,0,0,0,0,0,0,0,0,0,0,0,0,0,0,0,0,0.049451,0,0.12773,0,10.787,6.5504,10.17,4.062,0,1.2741,0,0,0,0,0,1.0294,0.0019357,0.028495,5.6491,4.6076,0,0,0,0,0.15547,0,0,0,0,0,0,0,0,0,0,0,0,0,0,0,0,0,0,0,0,0,0,0,0,0,0,0,0,1.3335
0,0.62922,1.469,7.0404,1.4053,2.2177,76.278,474.49,16.668,18.299,17.446,12.071,42.167,48.929,0,0,0,0,0,0.001022,0.0027992,0.00040944,0,0,0,0,0,0,0,0,0,0.0010838,0,27.543,4.3588,7.3556,6.9029,0,5.8212,0,0,0,0,0,0.75539,0.0048275,0.0040713,7.4184,40.96,0.92948,0,0,0.16977,1.8684,1.1324,0,0,0,0,0,0,0,0,0,0,0,0,0,0,0,0,0,0,0,0,0,0,0,0,0,0,0,12.616
0,0,0,0,0.35927,7.4741,32.182,16.668,148.72,45.321,0,0,0,0,0,0,0,0,0,0,0,0,0,0,0,0,0,0,0,0,0,0,0,0,0,2.1977,1.365,0,1.1447,0,0,0,0,0,0,0,0,0,0,0,0,0,0,0,0,0,0,0,0,0,0,0,0,0,0,0,0,0,0,0,0,0,0,0,0,0,0,0,0,0,0,0,1.8655
0,0,0,0,0,17.129,1.3858,18.299,45.321,291.91,51.041,0,0,16.235,0,34.667,14.624,4.9833,2.2858,0,0,0,0.0010294,0,0,0,0,0,0.54181,0.095376,0,0,0,34.336,0.12569,13.837,12.3,0,10.844,0,0,0,0,0,0,0,0,0,0,0,0,0,0,0,0.29131,0,0,0,0,0,0,0,0,0,0,0,0,0,0,0,0,0,0,0,0,0,0,0,0,0,0,0,30.67
0,0,0,0,0,0,0,17.446,0,51.041,80.673,0,0,18.162,0,17.492,0,6.4606,0,9.8081,0,0,0,0,0,0,0,0,0,0,0,0,0,0,0,0,0,0,0,0,0,0,0,0,0,0,0,0,0,0,0,0,0,0,0,0,0,0,0,0,0,0,0,0,0,0,0,0,0,0,0,0,0,0,0,0,0,0,0,0,0,0,0
0,0,0,5.1417,0,0,0,12.071,0,0,0,7.771,4.8439,0,0,0,0,0,0,0,0,0,0,0,0,0,0,0,0,0,0,0,0,0,0,0,0,1.6378,0,0,0,0,0,0,0,0,0,0,0,0,0,0,0,0,0,0,0,0,0,0,0,0,0,0,0,0,0,0,0,0,0,0,0,0,0,0,0,0,0,0,0,0,0
0,0,0,0,0,0,4.3438,42.167,0,0,0,4.8439,28.865,10.483,0,0,0,0,0,0,0,0,0,0,0,0,0,0,0,0,0,0,0,0,0,0,0,0,0,0,0,0,0,0,0,0,0,0,8.2199,0,0,0,0,4.1029,0,0,0,0,0,0,0,0,0,0,0,0,0,0,0,0,0,0,0,0,0,0,0,0,0,0,0,0,0
0,0,0,0,0,0,0,48.929,0,16.235,18.162,0,10.483,85.582,9.3165,0.48196,0,1.9357,0,11.888,0,0,0,0,0,0,0,0,0,0,0,0,0,2.8457,0,0,0,0,0.23897,0.15176,0,0,0,0,0,0,0,0,5.9609,0,1.6568,1.0836,0,0,10.358,0.38015,0,0,0.18206,0,0,0,0,0,0,0,0,0,0,0,0,0,0,0,0,0,0,0,0,0,0,0,0.68039
0,0,0,0,0,0,0,0,0,0,0,0,0,9.3165,29.591,0,0,15.087,0,45.765,0.043683,0.017933,0,1.8388,0.19876,2.6646,0,0,0,0,0,0,0,1.5442,0,0,0,0,0,5.1106,0,0,0,0,0,0,0,0,0,0,0,0,0,0,0,5.6708,0,0,1.6445,0,1.5478,0,0.0050823,0,0,0,0,0,0,0,0,0,0,0,0,0,0,0,0,0,0,0,1.0877
0,0,0,0,0,0,0,0,0,34.667,17.492,0,0,0.48196,0,193.89,30.705,15.431,0.84682,2.9277,0,0,0.00025515,0,0,0,0,0,0.017553,0.027026,0,0,0,0,0,2.5094,2.9258,0,0,0,0,0,0,0,0,0,0,0,0,0,0,0,0,0,0,0,0,0,0,0,0,0,0,0,0,0,0,0,0,0,0,0,0,0,0,0,0,0,0,0,0,0,0
0,0,0,0,0,0,0,0,0,14.624,0,0,0,0,0,30.705,148.92,7.5321,39.049,0,0,0,0.053669,0,0,0,0,0,2.3915,2.2231,19.572,8.4024,0.84477,0,0,4.5458,1.2955,0,1.5068,0,0,0,0,0,0,0,0,0,0,0,0,0,0,0,0,0,0,0,0,0,0,0,0,0,0,0,0,0,0,0,0,0,0,0,0,0,0,0,0,0,0,0,1.8235
0,0,0,0,0,0,0,0,0,4.9833,6.4606,0,0,1.9357,15.087,15.431,7.5321,206.7,33.05,107.47,6.655,2.3345,11.788,0,0,0,0,0,0,0,0,0.67249,0.14144,8.242,0,1.5037,2.9372,0,3.0363,0.91415,0.43141,0,0,0,0,0,0,0,0,0,0,0,0,0,0,0.36367,0,0,2.0987,0,1.2148,0,0,0.59391,0,0,0,0,0,0,0.0018801,0,0,0,0,0,0,0,0,0,0,0,10.309
0,0,0,0,0,0,0,0,0,2.2858,0,0,0,0,0,0.84682,39.049,33.05,254.24,0,0,0,32.522,0,2.0978,0,0,0,9.5587,22.286,21.792,2.0914,0.28801,0.94452,0,3.2188,3.3321,0,1.2675,0.80359,0.39249,0,0,0,0,0,0,0,0,0,0,0,0,0,0,0,0,0,0,0,0,0,0,0,0,0,0,0,0,0,0,0,0,0,0,0,0,0,0,0,0,0,2.2952
0,0,0,0,0,0,0,0.001022,0,0,9.8081,0,0,11.888,45.765,2.9277,0,107.47,0,210.45,10.477,8.5974,8.0569,1.7103,0,0,0,0,0,0,0,0,0,0,0,0,0,0,0,3.5767,0.24403,0,0,0,0,0,0,0,0,0,0,0,0,0,0,1.3924,0,0,3.5205,0.37316,9.1608,0.35525,0.21595,1.0483,0,0,0,0,0,0,0.00040075,0,0,0,0,0,0,0,0,0,0,0,0
0,0,0,0,0,0,0,0.0027992,0,0,0,0,0,0,0.043683,0,0,6.655,0,10.477,52.786,36.839,23.048,0.56197,0.20973,0,0,0,0.010929,0,0,0,0,0.0029277,0,0,0,0,0,0.0033866,0,0,0,0,0,0,0,0,0,0,0,0,0,0,0,0,0,0,0.065637,0,0.094117,0.01398,0.017281,0.52118,0.0040313,0.0010765,0,0,0,0.00070373,0.00018608,0,0,0,0,0,0,0,0,0,0,0,0.00051846
0,0,0,0,0,0,0,0.00040944,0,0,0,0,0,0,0.017933,0,0,2.3345,0,8.5974,36.839,48.683,33.953,64.661,1.0826,0,0,0,0.66602,0,0,0,0,0,0,0.10056,0,0,0,0.62514,0,0,0,0,0,0,0,0,0,0,0,0,0,0,0,0,0,0,0.037948,0,0.15202,0.0023795,0.019213,0.27146,0,0,0,0,0,0,0.00033239,0,0,0,0,0,0,0,0,0,0,0,0
0,0,0,0,0,0,0,0,0,0.0010294,0,0,0,0,0,0.00025515,0.053669,11.788,32.522,8.0569,23.048,33.953,226.48,6.9789,35.623,0,0,0,13.905,2.3025,0,0,0,0.1214,0,0.81016,0.31679,0,0.25899,1.0337,0.27288,0,0,0,0,0,0,0,0,0,0,0,0,0,0,0,0,0,0.31582,0.041171,0.51122,0.059101,0.11368,1.4306,0,0,0,0,0,0,0.0010432,0,0.00013201,0,0,0,0,0,0,0,0,0,0
0,0,0,0,0,0,0,0,0,0,0,0,0,0,1.8388,0,0,0,0,1.7103,0.56197,64.661,6.9789,89.322,7.6729,5.5151,0,0,0.99957,0.92835,0,0,0,0.31473,0,0,0,0,0,6.6178,0,0,0,0,0,0,0,0,0,0,0,0,0,0,0,0,0,0,0,0,0,0,0.04546,0.053711,0,0.00037463,0,0,0,0.00055044,0.00055256,0,0,0,0,0,0,0,0,0,0,0,0
0,0,0,0,0,0,0,0,0,0,0,0,0,0,0.19876,0,0,0,2.0978,0,0.20973,1.0826,35.623,7.6729,84.782,6.04,3.4514,0,25.663,1.3788,0,0.34617,0,0.047118,0,0.36011,0.39848,0,0.020504,12.474,1.4832,0,0,0,0,0,0,0,0,0,0,0,0,0,0,0,0,0,0,0,0.0019997,0.00066234,0.0092486,0.0078305,0,0.0020206,0,0,0,0.0030008,0,0,0,0,0,0,0,0,0,0,0,0,0
0,0,0,0,0,0,0,0,0,0,0,0,0,0,2.6646,0,0,0,0,0,0,0,0,5.5151,6.04,14.84,1.3772,0,0.2699,0,0,0,0,0,0,0,0,0,0,28.111,0,0,0,0,0,0,0,0,0,0,0,0,0,0,0,0,0,0,0,0,0,0,0.0051767,0.0012352,0,0.0042352,0,0,0,0.0029284,0,0,0,0,0,0,0,0,0,0,0,0,0
0,0,0,0,0,0,0,0,0,0,0,0,0,0,0,0,0,0,0,0,0,0,0,0,3.4514,1.3772,2.1075,0.66086,0.33517,0.0092866,0,0,0,0,0,0,0.13856,0,0,8.2407,4.7474,0,0,0,0,0,0,0,0,0,0,0,0,0,0,0,0,0,0,0,0,0,0,0,0,0,0,0,0,0,0,0,0,0,0,0,0,0,0,0,0,0,0
0.23577,0,0,0,0,0,0,0,0,0,0,0,0,0,0,0,0,0,0,0,0,0,0,0,0,0,0.66086,12.492,3.3673,1.8765,0,5.9279,0,0,0,0,0.72215,0,0,0.039451,4.0612,0,0,0,0,0,0,0,0,0,0,0,0,0,0,0,0,0,0,0,0,0,0,0,0,0,0,0,0,0,0,0,0,0,0,0,0,0,0,0,0,0,0
0,0,0,0,0,0,0,0,0,0.54181,0,0,0,0,0,0.017553,2.3915,0,9.5587,0,0.010929,0.66602,13.905,0.99957,25.663,0.2699,0.33517,3.3673,157.69,35.186,0,4.2866,0,0.22562,0,1.0535,0.33415,0,0.0056481,2.2091,0.89382,0,0,0,0,0,0,0,0,0,0,0,0,0,0,0,0,0,0,0,0,0,0.00043058,0.0022838,0,0.0029927,0,0,0,0.0069008,0.00024325,0,0,0,0,0,0,0,0,0,0,0,0.029636
0.13073,0,0,0,0,0,0.049451,0,0,0.095376,0,0,0,0,0,0.027026,2.2231,0,22.286,0,0,0,2.3025,0.92835,1.3788,0,0.0092866,1.8765,35.186,113.65,21.349,25.223,0,0.013577,0,0.61939,0.097586,0,0,0,0,0,0,0,0,0,0,0,0,0,0,0,0,0,0,0,0,0,0,0,0,0,0,0,0,0,0,0,0,0,0,0,0,0,0,0,0,0,0,0,0,0,0
0,0,0,0,0,0,0,0,0,0,0,0,0,0,0,0,19.572,0,21.792,0,0,0,0,0,0,0,0,0,0,21.349,20.018,26.804,0,0.013825,0,0.37673,0.33213,0,0.0043958,0,0,0,0,0,0,0,0,0,0,0,0,0,0,0,0,0,0,0,0,0,0,0,0,0,0,0,0,0,0,0,0,0,0,0,0,0,0,0,0,0,0,0,0.038426
2.1383,0.39551,0,0,0.38729,0,0.12773,0.0010838,0,0,0,0,0,0,0,0,8.4024,0.67249,2.0914,0,0,0,0,0,0.34617,0,0,5.9279,4.2866,25.223,26.804,183.87,9.8905,0.021134,0,2.2265,0.24829,0,0.0091228,0,0,0,0,0,0,0,0,0,0,0,0,0,0,0,0,0,0,0,0,0,0,0,0,0,0,0,0,0,0,0,0,0,0,0,0,0,0,0,0,0,0,0,0.11438
0,0,0,0,0,0,0,0,0,0,0,0,0,0,0,0,0.84477,0.14144,0.28801,0,0,0,0,0,0,0,0,0,0,0,0,9.8905,6.4691,0,0,0,0,0,0,0,0,0,0,0,0,0,0,0,0,0,0,0,0,0,0,0,0,0,0,0,0,0,0,0,0,0,0,0,0,0,0,0,0,0,0,0,0,0,0,0,0,0,0
0,0,0,0.18963,1.1311,0,10.787,27.543,0,34.336,0,0,0,2.8457,1.5442,0,0,8.242,0.94452,0,0.0029277,0,0.1214,0.31473,0.047118,0,0,0,0.22562,0.013577,0.013825,0.021134,0,21.157,16.816,0.8884,12.934,0.34109,10.664,13.242,0,0,0,0,0,0,0,0,0,0,0,0,0,0,0,0,0,0,0,0,0,0,0,0,0,0,0,0,0,0,0,0,0,0,2.6025,0,0,0,0,0,0,0,38.435
4.2443,1.6503,0.6682,10.773,0,0,6.5504,4.3588,0,0.12569,0,0,0,0,0,0,0,0,0,0,0,0,0,0,0,0,0,0,0,0,0,0,0,16.816,2.954,14.022,6.4763,4.9076,0.85701,0.025136,0,0,0,0,0,0,0,0,0,0,0,0,0,0,0,0,0,0,0,0,0,0,0,0,0,0,0,0,0,0,0,0,0,0,0,0,0,0,0,0,0,0,1.3985
15.935,4.039,0.53788,2.2418,7.9351,0.39823,10.17,7.3556,2.1977,13.837,0,0,0,0,0,2.5094,4.5458,1.5037,3.2188,0,0,0.10056,0.81016,0,0.36011,0,0,0,1.0535,0.61939,0.37673,2.2265,0,0.8884,14.022,24.932,29.984,19.491,0.19714,0,0,0,0,0,0,0,0,0,0,0,0,0,0,0,0,0,0,0,0,0,0,0,0,0,0,0,0,0,0,0,0,0,0,0,0,0,0,0,0,0,0,0,0.17479
0,0,0,0,1.3481,0,4.062,6.9029,1.365,12.3,0,0,0,0,0,2.9258,1.2955,2.9372,3.3321,0,0,0,0.31679,0,0.39848,0,0.13856,0.72215,0.33415,0.097586,0.33213,0.24829,0,12.934,6.4763,29.984,12.304,1.7212,5.9223,0,6.8463,0,0,0,0,0,0,0,0,0,0,0,0,0,0,0,0,0,0,0,0,0,0,0,0,0,0,0,0,0,0,0,0,0,0,0,0,0,0,0,0,0,30.98
11.197,0,0,20.036,0,0,0,0,0,0,0,1.6378,0,0,0,0,0,0,0,0,0,0,0,0,0,0,0,0,0,0,0,0,0,0.34109,4.9076,19.491,1.7212,8.6283,0.11798,0,0,0,0,0,0,0,0,0,0,0,0,0,0,0,0,0,0,0,0,0,0,0,0,0,0,0,0,0,0,0,0,0,0,0,0,0,0,0,0,0,0,0,0
0,0,0,0,0,0,1.2741,5.8212,1.1447,10.844,0,0,0,0.23897,0,0,1.5068,3.0363,1.2675,0,0,0,0.25899,0,0.020504,0,0,0,0.0056481,0,0.0043958,0.0091228,0,10.664,0.85701,0.19714,5.9223,0.11798,1.5241,2.6513,0.52288,0,0,0,0,0,0,0,0,0,0,0,0,0,0,0,0,0,0,0,0,0,0,0,0,0,0,0,0,0,0,0,0,0,0,0,0,0,0,0.0095087,0,0,34.206
0,0,0,0,0,0,0,0,0,0,0,0,0,0.15176,5.1106,0,0,0.91415,0.80359,3.5767,0.0033866,0.62514,1.0337,6.6178,12.474,28.111,8.2407,0.039451,2.2091,0,0,0,0,13.242,0.025136,0,0,0,2.6513,57.483,4.2399,0,0,0,0,0,0,0,0,0,0,0,0,0,0,0,0,0,0,0,0,0,0,0,0,0,0,0,0,0,0,0,0,0,0,0,0,0,0,0,0.13579,0,5.4742
0,0,0,0,0,0,0,0,0,0,0,0,0,0,0,0,0,0.43141,0.39249,0.24403,0,0,0.27288,0,1.4832,0,4.7474,4.0612,0.89382,0,0,0,0,0,0,0,6.8463,0,0.52288,4.2399,9.6679,0,0,0,0,0,0,0,0,0,0,0,0,0,0,0,0,0,0,0,0,0,0,0,0,0,0,0,0,0,0,0,0,0,0,0,0,0,0,0,0,0,0
0,0,0,0,0,0,0,0,0,0,0,0,0,0,0,0,0,0,0,0,0,0,0,0,0,0,0,0,0,0,0,0,0,0,0,0,0,0,0,0,0,87.832,13.259,0.10626,23.018,11.368,0,8.9495,0,0,0,0,0,0,0,0,0,0,0,0,0,0,0,0,0,0,0,0,0,0,0,0,2.161,0,0,4.5158,16.859,0,3.4693,0,0,0,0
0,0,0,0,0,0,0,0,0,0,0,0,0,0,0,0,0,0,0,0,0,0,0,0,0,0,0,0,0,0,0,0,0,0,0,0,0,0,0,0,0,13.259,13.621,0,0,10.781,0,4.6679,0.59904,0,0,0,0,0,0,0,0,0,0,0,0,0,0,0,0,0,0,0,0,0,0,0,0.077475,0,0.23771,0.15533,2.1668,0.3383,0,0,0,0,0
0,0,0,0,0,0,0,0,0,0,0,0,0,0,0,0,0,0,0,0,0,0,0,0,0,0,0,0,0,0,0,0,0,0,0,0,0,0,0,0,0,0.10626,0,1.2989,4.3337,0,0,1.111,0,0,0,0,0,0,0,0,0,0,0,0,0,0,0,0,0,0,0,0,0,0,0,0,0,0,0,0.041315,0.046029,0,0,0,0,0,0
0,0,0,1.7839,0,0,1.0294,0.75539,0,0,0,0,0,0,0,0,0,0,0,0,0,0,0,0,0,0,0,0,0,0,0,0,0,0,0,0,0,0,0,0,0,23.018,0,4.3337,33.423,0,0,5.4812,5.2673,0,0,0,3.1176,0,0,0,0,0,0,0,0,0,0,0,0,0,0,0,0,0,0,0,0.23972,0,0,7.1886,4.2809,0,6.8003,0,0,0,0
0,0,0,0,0,0,0.0019357,0.0048275,0,0,0,0,0,0,0,0,0,0,0,0,0,0,0,0,0,0,0,0,0,0,0,0,0,0,0,0,0,0,0,0,0,11.368,10.781,0,0,54.686,12.67,25.881,0.84766,0,0,0,0,0,0,0,0,0,0,0,0,0,0,0,0,0,0,0,0,0,0,0,0.16247,0,2.4513,0.99492,7.6201,2.0547,0,0,0,0,0.076768
0,0,0,0,0,0,0.028495,0.0040713,0,0,0,0,0,0,0,0,0,0,0,0,0,0,0,0,0,0,0,0,0,0,0,0,0,0,0,0,0,0,0,0,0,0,0,0,0,12.67,83.665,15.897,3.4865,8.2413,17.195,0,0,0,0,0,0,0,0,0,0,0,0,0,0,0,0,0,0,0,0,0,0,0,0,0,1.6745,0,0,0,0,0,0
0,0,0,0.35178,0,0,5.6491,7.4184,0,0,0,0,0,0,0,0,0,0,0,0,0,0,0,0,0,0,0,0,0,0,0,0,0,0,0,0,0,0,0,0,0,8.9495,4.6679,1.111,5.4812,25.881,15.897,274.78,59.538,37.292,0,0,2.4261,0,0,0,0,0,0,0,0,0,0,0,0,0,0,0,0,0,0,0,0.29829,0,9.7452,6.3528,8.6227,0,0,0,0,0,1.3002
0,0,0,0.4447,0,0.0075217,4.6076,40.96,0,0,0,0,8.2199,5.9609,0,0,0,0,0,0,0,0,0,0,0,0,0,0,0,0,0,0,0,0,0,0,0,0,0,0,0,0,0.59904,0,5.2673,0.84766,3.4865,59.538,450.8,14.569,15.824,12.265,7.5607,32.05,31.297,0,0,0,0,0,0.042405,0,0,0,0,0,0,0,0,0,0,0,0,0,16.699,1.5566,7.3776,7.8078,0,0,0,0,6.6558
0,0,0,0,0,0,0,0.92948,0,0,0,0,0,0,0,0,0,0,0,0,0,0,0,0,0,0,0,0,0,0,0,0,0,0,0,0,0,0,0,0,0,0,0,0,0,0,8.2413,37.292,14.569,151.33,36.271,0,0,0,0,0,0.24355,0,0,0,0,0,0,0,0,0,0,0,0,0,0,0,0,0,6.4965,0,4.5751,5.6532,0,0,0,0,5.4359
0,0,0,0,0,0,0,0,0,0,0,0,0,1.6568,0,0,0,0,0,0,0,0,0,0,0,0,0,0,0,0,0,0,0,0,0,0,0,0,0,0,0,0,0,0,0,0,17.195,0,15.824,36.271,283.25,22.047,0,0,10.218,0,27.554,7.8099,4.2621,0.73105,0,0,0,0,0,0,0,0,0,0,0,1.3609,0.81606,0,21.968,0.014883,14.986,15.038,0,4.1238,0,0,26.878
0,0,0,0,0,0,0,0,0,0,0,0,0,1.0836,0,0,0,0,0,0,0,0,0,0,0,0,0,0,0,0,0,0,0,0,0,0,0,0,0,0,0,0,0,0,0,0,0,0,12.265,0,22.047,33.313,0,0,15.484,0,10.533,0,1.9837,0,2.328,0,0,0,0,0,0,0,0,0,0,0,0,0,2.1683,0,0,0,0,0,0,0,0
0,0,0,0,0,0,0,0.16977,0,0,0,0,0,0,0,0,0,0,0,0,0,0,0,0,0,0,0,0,0,0,0,0,0,0,0,0,0,0,0,0,0,0,0,0,3.1176,0,0,2.4261,7.5607,0,0,0,6.9949,2.191,0,0,0,0,0,0,0,0,0,0,0,0,0,0,0,0,0,0,0,0,0,2.8569,0,0,1.7164,0,0,0,0
0,0,0,0,0,0,0.15547,1.8684,0,0,0,0,4.1029,0,0,0,0,0,0,0,0,0,0,0,0,0,0,0,0,0,0,0,0,0,0,0,0,0,0,0,0,0,0,0,0,0,0,0,32.05,0,0,0,2.191,21.888,9.5342,0,0,0,0,0,0,0,0,0,0,0,0,0,0,0,0,0,0,0,0,0,0,0,0,0,0,0,0
0,0,0,0,0,0,0,1.1324,0,0.29131,0,0,0,10.358,0,0,0,0,0,0,0,0,0,0,0,0,0,0,0,0,0,0,0,0,0,0,0,0,0,0,0,0,0,0,0,0,0,0,31.297,0,10.218,15.484,0,9.5342,63.395,12.709,1.2621,0,4.1019,0,14.36,0,0,0,0,0,0,0,0,0,0,0,0,0,0,0,0,0,0,0,0,0,1.3736
0,0,0,0,0,0,0,0,0,0,0,0,0,0.38015,5.6708,0,0,0.36367,0,1.3924,0,0,0,0,0,0,0,0,0,0,0,0,0,0,0,0,0,0,0,0,0,0,0,0,0,0,0,0,0,0,0,0,0,0,12.709,32.13,0,0,13.705,0,34.43,0.040633,0.051143,0.065342,1.7663,0,1.3678,0,0,0,0,0,0,0,0,0,0,0,0,0.26189,3.3372,0,0.37007
0,0,0,0,0,0,0,0,0,0,0,0,0,0,0,0,0,0,0,0,0,0,0,0,0,0,0,0,0,0,0,0,0,0,0,0,0,0,0,0,0,0,0,0,0,0,0,0,0,0.24355,27.554,10.533,0,0,1.2621,0,189.12,30.736,14.82,0.88777,0,0,0,0,0,0,0,0,0,0,0,0.22688,0.365,0,4.1591,0,4.188,2.3568,0,0,0,0,5.2369
0,0,0,0,0,0,0,0,0,0,0,0,0,0,0,0,0,0,0,0,0,0,0,0,0,0,0,0,0,0,0,0,0,0,0,0,0,0,0,0,0,0,0,0,0,0,0,0,0,0,7.8099,0,0,0,0,0,30.736,219.9,14.642,47.893,0,0,0,0,0,0,0,0,0,0,0,10.597,7.2613,0.79692,0,0,0.65406,0,0,0,0,0,0
0,0,0,0,0,0,0,0,0,0,0,0,0,0.18206,1.6445,0,0,2.0987,0,3.5205,0.065637,0.037948,0.31582,0,0,0,0,0,0,0,0,0,0,0,0,0,0,0,0,0,0,0,0,0,0,0,0,0,0,0,4.2621,1.9837,0,0,4.1019,13.705,14.82,14.642,272.15,29.208,88.169,11.829,5.5942,13.524,0.83665,0,0,0,0,0.5248,0,0.11193,1.8693,0.95039,10.061,0,4.0249,4.7283,0,3.5397,2.8025,0,11.934
0,0,0,0,0,0,0,0,0,0,0,0,0,0,0,0,0,0,0,0.37316,0,0,0.041171,0,0,0,0,0,0,0,0,0,0,0,0,0,0,0,0,0,0,0,0,0,0,0,0,0,0,0,0.73105,0,0,0,0,0,0.88777,47.893,29.208,225.04,0,0,0,44.941,0,2.3608,0,0,0,8.3525,13.788,21.795,8.1318,1.0967,0,0,1.1914,2.0639,0,1.881,0,0,1.1929
0,0,0,0,0,0,0,0,0,0,0,0,0,0,1.5478,0,0,1.2148,0,9.1608,0.094117,0.15202,0.51122,0,0.0019997,0,0,0,0,0,0,0,0,0,0,0,0,0,0,0,0,0,0,0,0,0,0,0,0.042405,0,0,2.328,0,0,14.36,34.43,0,0,88.169,0,122.36,3.7252,1.2919,4.0784,2.2588,0,0.065882,0,0,0,0,0,0,0,0,0,0,0,0,0.38154,1.979,0,0.32684
0,0,0,0,0,0,0,0,0,0,0,0,0,0,0,0,0,0,0,0.35525,0.01398,0.0023795,0.059101,0,0.00066234,0,0,0,0,0,0,0,0,0,0,0,0,0,0,0,0,0,0,0,0,0,0,0,0,0,0,0,0,0,0,0.040633,0,0,11.829,0,3.7252,23.849,32.505,12.093,0.4048,0,0.0045697,0,0,0,0,0,0,0,0,0,0,0,0,0,0.10894,0,0
0,0,0,0,0,0,0,0,0,0,0,0,0,0,0.0050823,0,0,0,0,0.21595,0.017281,0.019213,0.11368,0.04546,0.0092486,0.0051767,0,0,0.00043058,0,0,0,0,0,0,0,0,0,0,0,0,0,0,0,0,0,0,0,0,0,0,0,0,0,0,0.051143,0,0,5.5942,0,1.2919,32.505,23.16,30.332,32.343,2.0549,0.052111,0,0,0.27915,0.61959,0,0.47911,0,0.12596,0,0,0,0,0.022103,0.61969,0,0
0,0,0,0,0,0,0,0,0,0,0,0,0,0,0,0,0,0.59391,0,1.0483,0.52118,0.27146,1.4306,0.053711,0.0078305,0.0012352,0,0,0.0022838,0,0,0,0,0,0,0,0,0,0,0,0,0,0,0,0,0,0,0,0,0,0,0,0,0,0,0.065342,0,0,13.524,44.941,4.0784,12.093,30.332,301.51,8.7915,29.488,0,0,0,19.671,7.3195,1.3385,1.6229,0,0.65808,0,0.78103,0,0,1.0321,0.53942,0,0
0,0,0,0,0,0,0,0,0,0,0,0,0,0,0,0,0,0,0,0,0.0040313,0,0,0,0,0,0,0,0,0,0,0,0,0,0,0,0,0,0,0,0,0,0,0,0,0,0,0,0,0,0,0,0,0,0,1.7663,0,0,0.83665,0,2.2588,0.4048,32.343,8.7915,64.356,5.5895,5.4148,0,0,1.3291,0.18861,0,0.29844,0,0,0,0,0,0,0,9.0679,0,0
0,0,0,0,0,0,0,0,0,0,0,0,0,0,0,0,0,0,0,0,0.0010765,0,0,0.00037463,0.0020206,0.0042352,0,0,0.0029927,0,0,0,0,0,0,0,0,0,0,0,0,0,0,0,0,0,0,0,0,0,0,0,0,0,0,0,0,0,0,2.3608,0,0,2.0549,29.488,5.5895,103.33,5.1436,3.3754,1.1746,21.91,2.4594,0,2.3026,0,0,0,0.45555,0.34779,0,0.040379,13.319,3.0716,0
0,0,0,0,0,0,0,0,0,0,0,0,0,0,0,0,0,0,0,0,0,0,0,0,0,0,0,0,0,0,0,0,0,0,0,0,0,0,0,0,0,0,0,0,0,0,0,0,0,0,0,0,0,0,0,1.3678,0,0,0,0,0.065882,0.0045697,0.052111,0,5.4148,5.1436,12.259,1.4522,0,0.065823,0,0,0,0,0,0,0,0,0,0,28.593,0,0
0,0,0,0,0,0,0,0,0,0,0,0,0,0,0,0,0,0,0,0,0,0,0,0,0,0,0,0,0,0,0,0,0,0,0,0,0,0,0,0,0,0,0,0,0,0,0,0,0,0,0,0,0,0,0,0,0,0,0,0,0,0,0,0,0,3.3754,1.4522,2.9152,0.9295,0,0.13455,0,0,0,0,0,0,0.081762,0,0,8.5289,4.4445,0
0,0,0,0,0,0,0,0,0,0,0,0,0,0,0,0,0,0,0,0,0,0,0,0,0,0,0,0,0,0,0,0,0,0,0,0,0,0,0,0,0,0,0,0,0,0,0,0,0,0,0,0,0,0,0,0,0,0,0,0,0,0,0,0,0,1.1746,0,0.9295,10.555,0,1.8204,0,4.8124,0,0,0,0,0.060858,0,0,0,4.1356,0
0,0,0,0,0,0,0,0,0,0,0,0,0,0,0,0,0,0,0,0,0.00070373,0,0,0.00055044,0.0030008,0.0029284,0,0,0.0069008,0,0,0,0,0,0,0,0,0,0,0,0,0,0,0,0,0,0,0,0,0,0,0,0,0,0,0,0,0,0.5248,8.3525,0,0,0.27915,19.671,1.3291,21.91,0.065823,0,0,169.81,49.548,7.3198,7.8372,0,0.1256,0,0.53357,0.72578,0,0.047522,1.82,0.24771,0
0,0,0,0,0,0,0,0,0,0,0,0,0,0,0,0,0,0.0018801,0,0.00040075,0.00018608,0.00033239,0.0010432,0.00055256,0,0,0,0,0.00024325,0,0,0,0,0,0,0,0,0,0,0,0,0,0,0,0,0,0,0,0,0,0,0,0,0,0,0,0,0,0,13.788,0,0,0.61959,7.3195,0.18861,2.4594,0,0.13455,1.8204,49.548,129.96,43.786,35.209,0,0.063643,0,1.0141,0.28767,0,0.049,0.56838,0.55453,0
0,0,0,0,0,0,0,0,0,0,0,0,0,0,0,0,0,0,0,0,0,0,0,0,0,0,0,0,0,0,0,0,0,0,0,0,0,0,0,0,0,0,0,0,0,0,0,0,0,0,1.3609,0,0,0,0,0,0.22688,10.597,0.11193,21.795,0,0,0,1.3385,0,0,0,0,0,7.3198,43.786,30.681,29.302,0.24194,0,0,0.20885,0.19839,0,0,0,0,0.11842
0,0,0,0,0,0,0,0,0,0,0,0,0,0,0,0,0,0,0,0,0,0,0.00013201,0,0,0,0,0,0,0,0,0,0,0,0,0,0,0,0,0,0,2.161,0.077475,0,0.23972,0.16247,0,0.29829,0,0,0.81606,0,0,0,0,0,0.365,7.2613,1.8693,8.1318,0,0,0.47911,1.6229,0.29844,2.3026,0,0,4.8124,7.8372,35.209,29.302,193,10.861,0,0,3.1762,0.68491,0,0,0,0.97305,0
0,0,0,0,0,0,0,0,0,0,0,0,0,0,0,0,0,0,0,0,0,0,0,0,0,0,0,0,0,0,0,0,0,0,0,0,0,0,0,0,0,0,0,0,0,0,0,0,0,0,0,0,0,0,0,0,0,0.79692,0.95039,1.0967,0,0,0,0,0,0,0,0,0,0,0,0.24194,10.861,7.9816,0,0,0,0,0,0,0,0,0
0,0,0,0,0,0,0,0,0,0,0,0,0,0,0,0,0,0,0,0,0,0,0,0,0,0,0,0,0,0,0,0,0,2.6025,0,0,0,0,0,0,0,0,0.23771,0,0,2.4513,0,9.7452,16.699,6.4965,21.968,2.1683,0,0,0,0,4.1591,0,10.061,0,0,0,0.12596,0.65808,0,0,0,0,0,0.1256,0.063643,0,0,0,22.29,6.6648,0,15.914,0.062585,8.9852,21.888,0,24.764
0,0,0,0,0,0,0,0,0,0,0,0,0,0,0,0,0,0,0,0,0,0,0,0,0,0,0,0,0,0,0,0,0,0,0,0,0,0,0,0,0,4.5158,0.15533,0.041315,7.1886,0.99492,0,6.3528,1.5566,0,0.014883,0,2.8569,0,0,0,0,0,0,0,0,0,0,0,0,0,0,0,0,0,0,0,0,0,6.6648,4.5915,4.6024,1.8043,10.055,0,0,0,0
0,0,0,0,0,0,0,0,0,0,0,0,0,0,0,0,0,0,0,0,0,0,0,0,0,0,0,0,0,0,0,0,0,0,0,0,0,0,0,0,0,16.859,2.1668,0.046029,4.2809,7.6201,1.6745,8.6227,7.3776,4.5751,14.986,0,0,0,0,0,4.188,0.65406,4.0249,1.1914,0,0,0,0.78103,0,0.45555,0,0,0,0.53357,1.0141,0.20885,3.1762,0,0,4.6024,17.061,37.526,8.7883,0,0,2.1152,0.045435
0,0,0,0,0,0,0,0,0,0,0,0,0,0,0,0,0,0,0,0,0,0,0,0,0,0,0,0,0,0,0,0,0,0,0,0,0,0,0,0,0,0,0.3383,0,0,2.0547,0,0,7.8078,5.6532,15.038,0,0,0,0,0,2.3568,0,4.7283,2.0639,0,0,0,0,0,0.34779,0,0.081762,0.060858,0.72578,0.28767,0.19839,0.68491,0,15.914,1.8043,37.526,19.68,1.4581,0,3.6615,5.9156,38.993
0,0,0,0,0,0,0,0,0,0,0,0,0,0,0,0,0,0,0,0,0,0,0,0,0,0,0,0,0,0,0,0,0,0,0,0,0,0,0,0,0,3.4693,0,0,6.8003,0,0,0,0,0,0,0,1.7164,0,0,0,0,0,0,0,0,0,0,0,0,0,0,0,0,0,0,0,0,0,0.062585,10.055,8.7883,1.4581,8.1363,0,0,0,0
0,0,0,0,0,0,0,0,0,0,0,0,0,0,0,0,0,0,0,0,0,0,0,0,0,0,0,0,0,0,0,0,0,0,0,0,0,0,0.0095087,0,0,0,0,0,0,0,0,0,0,0,4.1238,0,0,0,0,0.26189,0,0,3.5397,1.881,0.38154,0,0.022103,1.0321,0,0.040379,0,0,0,0.047522,0.049,0,0,0,8.9852,0,0,0,0,0,0,0,24.039
0,0,0,0,0,0,0,0,0,0,0,0,0,0,0,0,0,0,0,0,0,0,0,0,0,0,0,0,0,0,0,0,0,0,0,0,0,0,0,0.13579,0,0,0,0,0,0,0,0,0,0,0,0,0,0,0,3.3372,0,0,2.8025,0,1.979,0.10894,0.61969,0.53942,9.0679,13.319,28.593,8.5289,0,1.82,0.56838,0,0,0,21.888,0,0,3.6615,0,0,51.307,3.6573,2.64
0,0,0,0,0,0,0,0,0,0,0,0,0,0,0,0,0,0,0,0,0,0,0,0,0,0,0,0,0,0,0,0,0,0,0,0,0,0,0,0,0,0,0,0,0,0,0,0,0,0,0,0,0,0,0,0,0,0,0,0,0,0,0,0,0,3.0716,0,4.4445,4.1356,0.24771,0.55453,0,0.97305,0,0,0,2.1152,5.9156,0,0,3.6573,7.3524,0.09072
0,0,0,0,0,0,1.3335,12.616,1.8655,30.67,0,0,0,0.68039,1.0877,0,1.8235,10.309,2.2952,0,0.00051846,0,0,0,0,0,0,0,0.029636,0,0.038426,0.11438,0,38.435,1.3985,0.17479,30.98,0,34.206,5.4742,0,0,0,0,0,0.076768,0,1.3002,6.6558,5.4359,26.878,0,0,0,1.3736,0.37007,5.2369,0,11.934,1.1929,0.32684,0,0,0,0,0,0,0,0,0,0,0.11842,0,0,24.764,0,0.045435,38.993,0,24.039,2.64,0.09072,0
