85.133,10.027,1.39,28.774,6.9339,0.30741,6.7011,0,0,0.033533,0,0,0,0,0,0.016594,0.028095,0.02378,0.068034,0,0,0.032372,0.2668,0.0034761,0.077739,0,0,0.24535,0.38507,0.11937,0,2.15,0,0,4.5904,19.377,0,12.616,0,0,0,0,0,0,0,0,0,0,0,0,0,0,0,0,0,0,0,0,0,0,0,0,0,0,0,0,0,0,0,0,0,0,0,0,0,0,0,0,0,0,0,0,0
10.027,15.415,0,0,9.5952,0,13.107,0.7085,0,0,0,0,0,0,0,0,0,0.0098746,0,0,0,0.02458,0.15096,0.005801,0.012156,0,0,0.044305,0.047247,0,0,0.35823,0,0.97083,1.199,3.5612,0.75671,0,0.033368,0.0037694,0,0,0,0,0,0,0,0.059794,0.05826,0,0,0,0,0,0,0,0,0,0,0,0,0,0,0,0,0,0,0,0,0,0,0,0,0,0,0,0,0,0,0,0,0,0
1.39,0,1.229,7.8267,0,0,1.3244,1.0751,0,0,0,0,0,0,0,0,0,0,0,0,0,0,0,0,0,0,0,0,0,0,0,0,0,0,0.76168,0.61664,0,0,0,0,0,0,0,0,0.19749,0,0,0.44875,0.21219,0,0,0,0,0,0,0,0,0,0,0,0,0,0,0,0,0,0,0,0,0,0,0,0,0,0,0,0,0,0,0,0,0,0
28.774,0,7.8267,44.906,0,0,12.684,6.2079,0,0,0,5.1457,0,0,0,0,0,0,0,0,0,0,0,0,0.0026345,0,0,0,0,0,0,0,0,0,10.899,2.731,0,19.735,0,0,0,0,0,0,1.8762,0,0,0,0,0,0,0,0,0,0,0,0,0,0,0,0,0,0,0,0,0,0,0,0,0,0,0,0,0,0,0,0,0,0,0,0,0,0
6.9339,9.5952,0,0,48.086,8.9064,23.736,1.6851,0.36298,0.26292,0,0,0,0,0,0.022131,0.006413,0.077538,0.10433,0,0,0.033859,0.015903,0,0,0,0,0,0.055148,0,0,0.38405,0,1.1222,1.3522,7.6951,1.1514,0,0.25843,0,0,0,0,0,0,0,0,0.20809,0.45437,0,0,0,0,0,0,0,0,0,0,0,0,0,0,0,0,0,0,0,0,0,0,0,0,0,0,0,0,0,0,0,0,0,0.10483
0.30741,0,0,0,8.9064,61.392,17.321,2.6184,7.3651,15.711,0,0,0,0,0,0.097066,0,0,0,0,0,0,0,0,0,0,0,0,0,0,0,0,0,0,0,0.40323,0.045423,0,0,0,0,0,0,0,0,0,0,0,0.0082951,0,0,0,0,0,0,0,0,0,0,0,0,0,0,0,0,0,0,0,0,0,0,0,0,0,0,0,0,0,0,0,0,0,0
6.7011,13.107,1.3244,12.684,23.736,17.321,307.9,83.197,31.775,1.4703,0,0.85912,0,0,0,0,0,0.020479,0,0,0,0.01348,0.03279,0,0,0,0,0,0.10572,0,0,0,0,11.083,6.3736,10.575,0,0,0,0,0,0,0,0,0,0,0,5.3942,4.7143,0,0,0,0,0.1462,0,0,0,0,0,0,0,0,0,0,0,0,0,0,0,0,0,0,0,0,0,0,0,0,0,0,0,0,0
0,0.7085,1.0751,6.2079,1.6851,2.6184,83.197,465.14,19.734,19.703,14.326,12.757,42.089,43.235,0.065976,0,0,0,0,0.0014525,0,0,0,0,0,0,0,0,0,0,0,0,0,26.998,4.3838,7.7465,6.8786,0.043199,5.4116,0,0,0,0,0.015793,0.77897,0,0,7.6984,42.158,0,0,0,0.1824,1.9115,1.2,0.0010737,0,0,0,0,0,0,0,0,0,0,0,0,0,0,0,0,0,0,0,0,0,0,0,0,0,0,11.695
0,0,0,0,0.36298,7.3651,31.775,19.734,155.11,41.216,0,0,0,0,0,0.58444,0,0.0019608,0,0,0,0,0,0,0,0,0,0,0,0,0,0,0,0,0,2.3484,1.4111,0,1.0251,0,0,0,0,0,0,0,0,0,0,0,0,0,0,0,0,0,0,0,0,0,0,0,0,0,0,0,0,0,0,0,0,0,0,0,0,0,0,0,0,0,0,0,0
0.033533,0,0,0,0.26292,15.711,1.4703,19.703,41.216,338.86,53.476,0,0,16.413,0.2001,33.503,14.298,4.3437,2.1956,0,0,0,0,0,0,0,0,0,0,0,0,0,0,34.188,0.1326,13.09,13.97,0,10.274,0,0,0,0,0,0,0,0,0,0,0,0,0.075138,0,0,0.31828,0,0,0,0,0,0,0,0,0,0,0,0,0,0,0,0,0,0,0,0,0,0,0,0,0,0,0,28.909
0,0,0,0,0,0,0,14.326,0,53.476,70.934,0,0,19.995,3.0505,13.817,0,0,0,9.1429,0,0,0,0,0,0,0,0,0,0,0,0,0,3.8698,0.025675,0,0,0,0,0,0,0,0,0,0,0,0,0,0,0,0,0.68557,0,0,0.31321,0,0,0,0,0,0,0,0,0,0,0,0,0,0,0,0,0,0,0,0,0,0,0,0,0,0,0,1.9232
0,0,0,5.1457,0,0,0.85912,12.757,0,0,0,10.184,3.0525,0,0,0,0,0,0,0,0,0,0,0,0,0,0,0,0,0,0,0,0,0,0,0,0,0,0,0,0,0,0,0,0,0,0,0.60363,0.49548,0,0,0,0.4103,0.10195,0,0,0,0,0,0,0,0,0,0,0,0,0,0,0,0,0,0,0,0,0,0,0,0,0,0,0,0,0
0,0,0,0,0,0,0,42.089,0,0,0,3.0525,25.789,7.6748,0.01449,0,0,0,0,0,0,0,0,0,0,0,0,0,0,0,0,0,0,0,0,0,0,0,0,0,0,0,0,0,0,0,0,2.0335,8.0199,0,0,0,0.26579,4.1495,0,0,0,0,0,0,0,0,0,0,0,0,0,0,0,0,0,0,0,0,0,0,0,0,0,0,0,0,0
0,0,0,0,0,0,0,43.235,0,16.413,19.995,0,7.6748,75.936,8.8828,0,0,0,0,13.154,0,0,0,0,0,0,0,0,0,0,0,0,0,0,0,0,0,0,0,0,0,0,0,0,0,0,0,0,5.9434,0,0,1.1735,0,0.76019,11.145,0,0,0,0,0,0,0,0,0,0,0,0,0,0,0,0,0,0,0,0,0,0,0,0,0,0,0,0
0,0,0,0,0,0,0,0.065976,0,0.2001,3.0505,0,0.01449,8.8828,31.816,0,0,16.342,0,46.37,0,0,0,1.6738,0,3.122,0,0,0,0,0,0,0,1.4784,0,0,0,0,0,3.6634,0,0,0,0,0,0,0,0,0,0,0,0,0,0,0.73187,6.2353,0,0,1.7936,0,1.5974,0.016042,0.0051099,0.19595,0,0,0,0,0,0,0,0,0,0,0,0,0,0,0,0,0,0,1.0646
0.016594,0,0,0,0.022131,0.097066,0,0,0.58444,33.503,13.817,0,0,0,0,191.29,35.498,15.147,0,3.1728,0,0,0,0,0,0,0,0,0,0,0,0,0,4.8186,0,2.2273,3.3102,0,0,0,0,0,0,0,0,0,0,0,0,0,0,0,0,0,0,0,0,0,0,0,0,0,0,0,0,0,0,0,0,0,0,0,0,0,0,0,0,0,0,0,0,0,7.0074
0.028095,0,0,0,0.006413,0,0,0,0,14.298,0,0,0,0,0,35.498,168.68,8.2597,38.719,0,0,0,0,0,0,0,0,0,0,1.8884,16.269,7.1357,0.83735,0,0,4.3046,1.2158,0,0,0,0,0,0,0,0,0,0,0,0,0,0,0,0,0,0,0,0,0,0,0,0,0,0,0,0,0,0,0,0,0,0,0,0,0,0,0,0,0,0,0,0,0,0
0.02378,0.0098746,0,0,0.077538,0,0.020479,0,0.0019608,4.3437,0,0,0,0,16.342,15.147,8.2597,215.83,32.62,119.36,8.3963,0,12.31,0,1.014,0.01382,0,0,0.58686,0.41319,0,0.58334,0.1133,8.8568,0,1.6091,2.9675,0,3.0483,1.0332,0.48657,0,0,0,0,0,0,0,0,0,0,0,0,0,0,0.35539,0,0,2.0966,0.43173,1.3499,0,0,0.53057,0,0,0,0,0,0,0,0,0,0,0,0,0,0,0,0,0,0,10.699
0.068034,0,0,0,0.10433,0,0,0,0,2.1956,0,0,0,0,0,0,38.719,32.62,274.65,0,0,0,32.046,0,2.0709,0,0,0,9.5496,23.816,12.315,2.2399,0.28849,1.2144,0,3.1382,3.2395,0,1.5199,0.87343,0,0,0,0,0,0,0,0,0,0,0,0,0,0,0,0,0,0,0,0,0,0,0,0,0,0,0,0,0,0,0,0,0,0,0,0,0,0,0,0,0,0,2.6681
0,0,0,0,0,0,0,0.0014525,0,0,9.1429,0,0,13.154,46.37,3.1728,0,119.36,0,195.09,8.4357,7.5794,8.0612,1.8557,0,0,0,0,0,0,0,0,0,1.6804,0,0.56099,0.47572,0,1.2861,3.5103,0.28053,0,0,0,0,0,0,0,0,0,0,0,0,0,0,1.5116,0,0,3.7398,0.34208,10.027,0.27994,0.18187,0.9209,0,0,0,0,0,0,0,0,0,0,0,0,0,0,0,0,0,0,0.74968
0,0,0,0,0,0,0,0,0,0,0,0,0,0,0,0,0,8.3963,0,8.4357,53.136,27.371,21.986,0.40272,0,0,0,0,0,0,0,0,0,0,0,0,0,0,0,0,0,0,0,0,0,0,0,0,0,0,0,0,0,0,0,0,0,0,0.065666,0,0.0988,0.011561,0.016349,0.48218,0,0,0,0,0,0,0,0,0,0,0,0,0,0,0,0,0,0,0
0.032372,0.02458,0,0,0.033859,0,0.01348,0,0,0,0,0,0,0,0,0,0,0,0,7.5794,27.371,41.98,29.57,58.789,0,0,0,0,0.78125,0,0,0.40444,0,0.013167,0,0.11372,0,0,0.02425,0.66173,0,0,0,0,0,0,0,0,0,0,0,0,0,0,0,0,0,0,0,0,0.14654,0,0.018466,0.23896,0,0,0,0,0,0,0,0,0,0,0,0,0,0,0,0,0,0,0.0011757
0.2668,0.15096,0,0,0.015903,0,0.03279,0,0,0,0,0,0,0,0,0,0,12.31,32.046,8.0612,21.986,29.57,262.94,9.362,35.297,0,0,0,13.435,1.7409,0,0.63953,0,0.14163,0,0.87057,0,0,0.30174,1.1559,0.31772,0,0,0,0,0,0,0,0,0,0,0,0,0,0,0,0,0,0.29832,0,0.54764,0.052534,0.11622,1.3939,0,0,0,0,0,0,0,0,0,0,0,0,0,0,0,0,0,0,0.085251
0.0034761,0.005801,0,0,0,0,0,0,0,0,0,0,0,0,1.6738,0,0,0,0,1.8557,0.40272,58.789,9.362,96.163,6.1286,6.8377,0,0,0,0,0,0,0,0,0,0,0,0,0,8.1126,0,0,0,0,0,0,0,0,0,0,0,0,0,0,0,0,0,0,0,0,0,0.0094176,0.040592,0.058644,0,0,0,0,0,0,0,0,0,0,0,0,0,0,0,0,0,0,0
0.077739,0.012156,0,0.0026345,0,0,0,0,0,0,0,0,0,0,0,0,0,1.014,2.0709,0,0,0,35.297,6.1286,77.453,4.0952,3.1807,1.3403,21.648,0,0,0,0,0,0,0.32659,0,0,0,10.082,1.4334,0,0,0,0,0,0,0,0,0,0,0,0,0,0,0,0,0,0,0,0,0,0,0,0,0,0,0,0,0,0,0,0,0,0,0,0,0,0,0,0,0,0
0,0,0,0,0,0,0,0,0,0,0,0,0,0,3.122,0,0,0.01382,0,0,0,0,0,6.8377,4.0952,13.434,1.2788,0,0,0,0,0,0,0,0,0,0,0,0,26.688,0.055971,0,0,0,0,0,0,0,0,0,0,0,0,0,0,0,0,0,0,0,0,0,0,0,0,0,0,0,0,0,0,0,0,0,0,0,0,0,0,0,0,0,0
0,0,0,0,0,0,0,0,0,0,0,0,0,0,0,0,0,0,0,0,0,0,0,0,3.1807,1.2788,2.8156,0.59361,0,0,0,0,0,0,0,0,0,0,0,8.2272,2.7929,0,0,0,0,0,0,0,0,0,0,0,0,0,0,0,0,0,0,0,0,0,0,0,0,0,0,0,0,0,0,0,0,0,0,0,0,0,0,0,0,0,0
0.24535,0.044305,0,0,0,0,0,0,0,0,0,0,0,0,0,0,0,0,0,0,0,0,0,0,1.3403,0,0.59361,12.123,1.7831,2.0043,0,5.3435,0,0,0,1.1167,0,0.10537,0,0,3.255,0,0,0,0,0,0,0,0,0,0,0,0,0,0,0,0,0,0,0,0,0,0,0,0,0,0,0,0,0,0,0,0,0,0,0,0,0,0,0,0,0,0
0.38507,0.047247,0,0,0.055148,0,0.10572,0,0,0,0,0,0,0,0,0,0,0.58686,9.5496,0,0,0.78125,13.435,0,21.648,0,0,1.7831,154.51,34.346,0,4.7714,0.077305,0,0,1.0652,0.39477,0.13446,0.0070672,1.824,0,0,0,0,0,0,0,0,0,0,0,0,0,0,0,0,0,0,0,0,0,0,0,0,0,0,0,0,0,0,0,0,0,0,0,0,0,0,0,0,0,0,0.026757
0.11937,0,0,0,0,0,0,0,0,0,0,0,0,0,0,0,1.8884,0.41319,23.816,0,0,0,1.7409,0,0,0,0,2.0043,34.346,117.6,23.455,24.903,0,0,0,0.58035,0.11469,0,0,0,0,0,0,0,0,0,0,0,0,0,0,0,0,0,0,0,0,0,0,0,0,0,0,0,0,0,0,0,0,0,0,0,0,0,0,0,0,0,0,0,0,0,0
0,0,0,0,0,0,0,0,0,0,0,0,0,0,0,0,16.269,0,12.315,0,0,0,0,0,0,0,0,0,0,23.455,20.711,22.237,0,0,0,0,0.29295,0,0,0,0,0,0,0,0,0,0,0,0,0,0,0,0,0,0,0,0,0,0,0,0,0,0,0,0,0,0,0,0,0,0,0,0,0,0,0,0,0,0,0,0,0,0
2.15,0.35823,0,0,0.38405,0,0,0,0,0,0,0,0,0,0,0,7.1357,0.58334,2.2399,0,0,0.40444,0.63953,0,0,0,0,5.3435,4.7714,24.903,22.237,166.19,6.5886,0,0,2.092,0.22363,0,0,0,0,0,0,0,0,0,0,0,0,0,0,0,0,0,0,0,0,0,0,0,0,0,0,0,0,0,0,0,0,0,0,0,0,0,0,0,0,0,0,0,0,0,0
0,0,0,0,0,0,0,0,0,0,0,0,0,0,0,0,0.83735,0.1133,0.28849,0,0,0,0,0,0,0,0,0,0.077305,0,0,6.5886,3.0373,0,0,0,0,0,0,0,0,0,0,0,0,0,0,0,0,0,0,0,0,0,0,0,0,0,0,0,0,0,0,0,0,0,0,0,0,0,0,0,0,0,0,0,0,0,0,0,0,0,0
0,0.97083,0,0,1.1222,0,11.083,26.998,0,34.188,3.8698,0,0,0,1.4784,4.8186,0,8.8568,1.2144,1.6804,0,0.013167,0.14163,0,0,0,0,0,0,0,0,0,0,19.323,14.841,0.69376,11.017,0.41181,9.6969,14.514,0,0,0,0,0,0,0,0,0,0,0,0,0,0,0,0,0,0,0,0,0,0,0,0,0,0,0,0,0,0,0,0,0,0,2.784,0,0,0,0,0,0,0,39.045
4.5904,1.199,0.76168,10.899,1.3522,0,6.3736,4.3838,0,0.1326,0.025675,0,0,0,0,0,0,0,0,0,0,0,0,0,0,0,0,0,0,0,0,0,0,14.841,2.8727,0,4.5296,5.1629,0.21482,0,0,0,0,0,0,0,0,0,0,0,0,0,0,0,0,0,0,0,0,0,0,0,0,0,0,0,0,0,0,0,0,0,0,0,0,0,0,0,0,0,0,0,0
19.377,3.5612,0.61664,2.731,7.6951,0.40323,10.575,7.7465,2.3484,13.09,0,0,0,0,0,2.2273,4.3046,1.6091,3.1382,0.56099,0,0.11372,0.87057,0,0.32659,0,0,1.1167,1.0652,0.58035,0,2.092,0,0.69376,0,17.353,27.203,13.568,0.30934,0,0,0,0,0,0,0,0,0,0,0,0,0,0,0,0,0,0,0,0,0,0,0,0,0,0,0,0,0,0,0,0,0,0,0,0,0,0,0,0,0,0,0,0
0,0.75671,0,0,1.1514,0.045423,0,6.8786,1.4111,13.97,0,0,0,0,0,3.3102,1.2158,2.9675,3.2395,0.47572,0,0,0,0,0,0,0,0,0.39477,0.11469,0.29295,0.22363,0,11.017,4.5296,27.203,15.131,1.6145,5.5375,2.263,5.0125,0,0,0,0,0,0,0,0,0,0,0,0,0,0,0,0,0,0,0,0,0,0,0,0,0,0,0,0,0,0,0,0,0,0,0,0,0,0,0,0,0,30.747
12.616,0,0,19.735,0,0,0,0.043199,0,0,0,0,0,0,0,0,0,0,0,0,0,0,0,0,0,0,0,0.10537,0.13446,0,0,0,0,0.41181,5.1629,13.568,1.6145,5.928,0.064835,0,0,0,0,0,0,0,0,0,0,0,0,0,0,0,0,0,0,0,0,0,0,0,0,0,0,0,0,0,0,0,0,0,0,0,0,0,0,0,0,0,0,0,0
0,0.033368,0,0,0.25843,0,0,5.4116,1.0251,10.274,0,0,0,0,0,0,0,3.0483,1.5199,1.2861,0,0.02425,0.30174,0,0,0,0,0,0.0070672,0,0,0,0,9.6969,0.21482,0.30934,5.5375,0.064835,1.5329,2.5908,0.48674,0,0,0,0,0,0,0,0,0,0,0,0,0,0,0,0,0,0,0,0,0,0,0,0,0,0,0,0,0,0,0,0,0,0,0,0,0,0,0,0,0,28.636
0,0.0037694,0,0,0,0,0,0,0,0,0,0,0,0,3.6634,0,0,1.0332,0.87343,3.5103,0,0.66173,1.1559,8.1126,10.082,26.688,8.2272,0,1.824,0,0,0,0,14.514,0,0,2.263,0,2.5908,53.914,4.8967,0,0,0,0,0,0,0,0,0,0,0,0,0,0,0,0,0,0,0,0,0,0,0,0,0,0,0,0,0,0,0,0,0,0,0,0,0,0,0,0.10135,0,4.6497
0,0,0,0,0,0,0,0,0,0,0,0,0,0,0,0,0,0.48657,0,0.28053,0,0,0.31772,0,1.4334,0.055971,2.7929,3.255,0,0,0,0,0,0,0,0,5.0125,0,0.48674,4.8967,8.1755,0,0,0,0,0,0,0,0,0,0,0,0,0,0,0,0,0,0,0,0,0,0,0,0,0,0,0,0,0,0,0,0,0,0,0,0,0,0,0,0,0,0.17027
0,0,0,0,0,0,0,0,0,0,0,0,0,0,0,0,0,0,0,0,0,0,0,0,0,0,0,0,0,0,0,0,0,0,0,0,0,0,0,0,0,81.494,12.586,0.1677,27.346,11.26,0,16.838,0,0,0,0,0,0,0,0,0,0,0,0,0,0,0,0,0,0,0,0,0.15339,0.35719,0.16357,0,2.1023,0,0,0,17.745,1.1267,0,0,0,0,0
0,0,0,0,0,0,0,0,0,0,0,0,0,0,0,0,0,0,0,0,0,0,0,0,0,0,0,0,0,0,0,0,0,0,0,0,0,0,0,0,0,12.586,14.397,0,0,7.8388,0,5.014,0,0,0,0,0,0,0,0,0,0,0,0,0,0,0,0,0,0,0,0,0,0,0,0,0,0,0.23926,0,1.9487,0.31107,0,0,0,0,0.0015081
0,0,0,0,0,0,0,0.015793,0,0,0,0,0,0,0,0,0,0,0,0,0,0,0,0,0,0,0,0,0,0,0,0,0,0,0,0,0,0,0,0,0,0.1677,0,1.8864,6.8157,0,0,1.9673,1.1561,0,0,0,0,0,0,0,0,0,0,0,0,0,0,0,0,0,0,0,0,0,0,0,0,0,0,0.045943,0,0,0,0,0,0,0
0,0,0.19749,1.8762,0,0,0,0.77897,0,0,0,0,0,0,0,0,0,0,0,0,0,0,0,0,0,0,0,0,0,0,0,0,0,0,0,0,0,0,0,0,0,27.346,0,6.8157,27.852,0,0,6.6069,5.0603,0,0,0,3.9367,0,0,0,0,0,0,0,0,0,0,0,0,0,0,0,0,0.011487,0.02487,0,0.24635,0,0,8.6049,4.9783,0,9.1358,0,0,0,0
0,0,0,0,0,0,0,0,0,0,0,0,0,0,0,0,0,0,0,0,0,0,0,0,0,0,0,0,0,0,0,0,0,0,0,0,0,0,0,0,0,11.26,7.8388,0,0,62.853,8.4469,29.85,0,0,0,0,0,0,0,0,0,0,0,0,0,0,0,0,0,0,0,0,0,0,0,0,0,0,2.3175,0,8.2196,1.9363,0,0,0,0,0.068505
0,0,0,0,0,0,0,0,0,0,0,0,0,0,0,0,0,0,0,0,0,0,0,0,0,0,0,0,0,0,0,0,0,0,0,0,0,0,0,0,0,0,0,0,0,8.4469,76.482,18.272,3.7326,7.9773,16.513,0,0,0,0,0,0,0,0,0,0,0,0,0,0,0,0,0,0,0,0,0,0,0,0,0,1.8649,0.38335,0,0,0,0,0.032128
0,0.059794,0.44875,0,0.20809,0,5.3942,7.6984,0,0,0,0.60363,2.0335,0,0,0,0,0,0,0,0,0,0,0,0,0,0,0,0,0,0,0,0,0,0,0,0,0,0,0,0,16.838,5.014,1.9673,6.6069,29.85,18.272,345.15,78.141,45.162,0.88306,0,3.685,8.1004,0,0,0,0,0.021455,0,0,0,0.0043244,0.023655,0,0,0,0,0,0,0.061661,0,0.32082,0,10.777,6.954,9.9264,5.8778,0,0,0,0,1.3093
0,0.05826,0.21219,0,0.45437,0.0082951,4.7143,42.158,0,0,0,0.49548,8.0199,5.9434,0,0,0,0,0,0,0,0,0,0,0,0,0,0,0,0,0,0,0,0,0,0,0,0,0,0,0,0,0,1.1561,5.0603,0,3.7326,78.141,476.61,17.081,18.848,16.116,8.3954,36.088,32.228,0.070826,0,0,0.036905,0,0.053261,0,0,0,0,0,0,0,0,0,0,0,0,0,19.431,1.9136,8.2263,9.1328,0,0,0.055769,0,6.9268
0,0,0,0,0,0,0,0,0,0,0,0,0,0,0,0,0,0,0,0,0,0,0,0,0,0,0,0,0,0,0,0,0,0,0,0,0,0,0,0,0,0,0,0,0,0,7.9773,45.162,17.081,167.89,39.331,0,0,0,0,0,0,0,0,0,0,0,0,0,0,0,0,0,0,0,0,0,0,0,6.2354,0,5.2346,5.5947,0,0,0,0,0
0,0,0,0,0,0,0,0,0,0,0,0,0,0,0,0,0,0,0,0,0,0,0,0,0,0,0,0,0,0,0,0,0,0,0,0,0,0,0,0,0,0,0,0,0,0,16.513,0.88306,18.848,39.331,348.75,41.499,0,0,10.086,0,32.69,9.0376,4.5507,0.6448,0.28522,0,0,0,0,0,0,0,0,0.26343,0.71494,1.4033,0.6711,0,24.093,0,18.055,19.202,0,0,0,0,29.504
0,0,0,0,0,0,0,0,0,0.075138,0.68557,0,0,1.1735,0,0,0,0,0,0,0,0,0,0,0,0,0,0,0,0,0,0,0,0,0,0,0,0,0,0,0,0,0,0,0,0,0,0,16.116,0,41.499,37.155,0,0.020566,15.601,0.3608,8.1909,0,2.9395,0,2.6171,0,0,0,0,0,0,0,0,0,0,0,0,0,2.3299,0,0,0.44452,0,0,0,0,1.208
0,0,0,0,0,0,0,0.1824,0,0,0,0.4103,0.26579,0,0,0,0,0,0,0,0,0,0,0,0,0,0,0,0,0,0,0,0,0,0,0,0,0,0,0,0,0,0,0,3.9367,0,0,3.685,8.3954,0,0,0,5.2936,3.9594,0.18152,0.041653,0,0,0,0,0,0,0,0,0,0,0,0,0,0,0,0,0,0,0,0,0,0,0,0,0,0,0
0,0,0,0,0,0,0.1462,1.9115,0,0,0,0.10195,4.1495,0.76019,0,0,0,0,0,0,0,0,0,0,0,0,0,0,0,0,0,0,0,0,0,0,0,0,0,0,0,0,0,0,0,0,0,8.1004,36.088,0,0,0.020566,3.9594,21.539,8.8257,0.20977,0,0,0.018866,0,0.090939,0,0,0,0,0,0,0,0,0,0,0,0,0,0,0,0,0,0,0,0,0,0
0,0,0,0,0,0,0,1.2,0,0.31828,0.31321,0,0,11.145,0.73187,0,0,0,0,0,0,0,0,0,0,0,0,0,0,0,0,0,0,0,0,0,0,0,0,0,0,0,0,0,0,0,0,0,32.228,0,10.086,15.601,0.18152,8.8257,62.481,13.402,1.3337,0,4.4429,0,14.185,0,0,0,0,0,0,0,0,0,0,0,0,0,1.0364,0,0,0,0,0,0,0,0
0,0,0,0,0,0,0,0.0010737,0,0,0,0,0,0,6.2353,0,0,0.35539,0,1.5116,0,0,0,0,0,0,0,0,0,0,0,0,0,0,0,0,0,0,0,0,0,0,0,0,0,0,0,0,0.070826,0,0,0.3608,0.041653,0.20977,13.402,27.539,0.15199,0,16.403,0,36.47,0,0,0,1.3984,0,1.8786,0,0,0,0,0,0,0,0,0,0,0,0,0,4.8676,0,0
0,0,0,0,0,0,0,0,0,0,0,0,0,0,0,0,0,0,0,0,0,0,0,0,0,0,0,0,0,0,0,0,0,0,0,0,0,0,0,0,0,0,0,0,0,0,0,0,0,0,32.69,8.1909,0,0,1.3337,0.15199,221.69,29.954,23.484,0,1.3218,0,0,0,0,0,0,0,0,0.10827,0.082696,0,0.28412,0,4.8461,0,5.1815,2.722,0,0,0,0,5.4113
0,0,0,0,0,0,0,0,0,0,0,0,0,0,0,0,0,0,0,0,0,0,0,0,0,0,0,0,0,0,0,0,0,0,0,0,0,0,0,0,0,0,0,0,0,0,0,0,0,0,9.0376,0,0,0,0,0,29.954,195.54,15.102,41.906,0,0,0,0,0,0,0,0,0,1.6994,2.5292,13.439,8.3332,0.72913,0,0,0.84072,0,0,0,0,0,0
0,0,0,0,0,0,0,0,0,0,0,0,0,0,1.7936,0,0,2.0966,0,3.7398,0.065666,0,0.29832,0,0,0,0,0,0,0,0,0,0,0,0,0,0,0,0,0,0,0,0,0,0,0,0,0.021455,0.036905,0,4.5507,2.9395,0,0.018866,4.4429,16.403,23.484,15.102,266.5,29.25,75.796,20.111,4.6039,13.44,0,0,0,0,0,0.46613,0.2109,0,2.0487,1.1509,10.258,0,5.0867,4.6488,0,3.8191,3.2604,0,11.991
0,0,0,0,0,0,0,0,0,0,0,0,0,0,0,0,0,0.43173,0,0.34208,0,0,0,0,0,0,0,0,0,0,0,0,0,0,0,0,0,0,0,0,0,0,0,0,0,0,0,0,0,0,0.6448,0,0,0,0,0,0,41.906,29.25,243.9,0,0.098991,0,38.057,0,2.302,0,0,0.041909,8.3946,18.618,23.127,8.7889,0,1.328,0,1.15,1.9176,0,2.2828,0,0,1.1611
0,0,0,0,0,0,0,0,0,0,0,0,0,0,1.5974,0,0,1.3499,0,10.027,0.0988,0.14654,0.54764,0,0,0,0,0,0,0,0,0,0,0,0,0,0,0,0,0,0,0,0,0,0,0,0,0,0.053261,0,0.28522,2.6171,0,0.090939,14.185,36.47,1.3218,0,75.796,0,131.01,3.8755,1.9465,4.9319,1.8201,0,0.063419,0,0,0,0,0,0,0,0.91238,0,0,0,0,0,1.81,0,0.30619
0,0,0,0,0,0,0,0,0,0,0,0,0,0,0.016042,0,0,0,0,0.27994,0.011561,0,0.052534,0.0094176,0,0,0,0,0,0,0,0,0,0,0,0,0,0,0,0,0,0,0,0,0,0,0,0,0,0,0,0,0,0,0,0,0,0,20.111,0.098991,3.8755,25.485,17.998,14.722,0.41906,0,0,0,0,0,0,0,0,0,0.049798,0,0,0,0,0,0.12969,0,0.001296
0,0,0,0,0,0,0,0,0,0,0,0,0,0,0.0051099,0,0,0,0,0.18187,0.016349,0.018466,0.11622,0.040592,0,0,0,0,0,0,0,0,0,0,0,0,0,0,0,0,0,0,0,0,0,0,0,0.0043244,0,0,0,0,0,0,0,0,0,0,4.6039,0,1.9465,17.998,24.462,22.473,30.743,0,0.03241,0,0,0,0.46523,0,0.50253,0,0.10533,0,0,0,0,0.018916,0.45488,0,0
0,0,0,0,0,0,0,0,0,0,0,0,0,0,0.19595,0,0,0.53057,0,0.9209,0.48218,0.23896,1.3939,0.058644,0,0,0,0,0,0,0,0,0,0,0,0,0,0,0,0,0,0,0,0,0,0,0,0.023655,0,0,0,0,0,0,0,0,0,0,13.44,38.057,4.9319,14.722,22.473,300.16,7.8336,31.368,0.0095859,0,0.1123,19.18,7.47,0,1.8782,0,0.74565,0,0.97272,0.60533,0,1.1895,0.54759,0,0
0,0,0,0,0,0,0,0,0,0,0,0,0,0,0,0,0,0,0,0,0,0,0,0,0,0,0,0,0,0,0,0,0,0,0,0,0,0,0,0,0,0,0,0,0,0,0,0,0,0,0,0,0,0,0,1.3984,0,0,0,0,1.8201,0.41906,30.743,7.8336,74.196,5.2303,5.8223,0,0,1.2815,0.19946,0,0.35053,0,0,0,0.12514,0,0,0,7.1798,0,0
0,0,0,0,0,0,0,0,0,0,0,0,0,0,0,0,0,0,0,0,0,0,0,0,0,0,0,0,0,0,0,0,0,0,0,0,0,0,0,0,0,0,0,0,0,0,0,0,0,0,0,0,0,0,0,0,0,0,0,2.302,0,0,0,31.368,5.2303,80.524,4.0537,2.4744,1.8075,19.83,3.3394,0,0,0,0,0,0.49658,0,0,0,11.874,0,0
0,0,0,0,0,0,0,0,0,0,0,0,0,0,0,0,0,0,0,0,0,0,0,0,0,0,0,0,0,0,0,0,0,0,0,0,0,0,0,0,0,0,0,0,0,0,0,0,0,0,0,0,0,0,0,1.8786,0,0,0,0,0.063419,0,0.03241,0.0095859,5.8223,4.0537,13.571,0.96312,0,0,0,0,0,0,0,0,0,0,0,0,29.18,0,0
0,0,0,0,0,0,0,0,0,0,0,0,0,0,0,0,0,0,0,0,0,0,0,0,0,0,0,0,0,0,0,0,0,0,0,0,0,0,0,0,0,0,0,0,0,0,0,0,0,0,0,0,0,0,0,0,0,0,0,0,0,0,0,0,0,2.4744,0.96312,1.8739,0.47732,0,0,0,0,0,0,0,0,0,0,0,7.406,2.713,0
0,0,0,0,0,0,0,0,0,0,0,0,0,0,0,0,0,0,0,0,0,0,0,0,0,0,0,0,0,0,0,0,0,0,0,0,0,0,0,0,0,0.15339,0,0,0,0,0,0,0,0,0,0,0,0,0,0,0,0,0,0.041909,0,0,0,0.1123,0,1.8075,0,0.47732,13.282,0,2.2901,0,4.2032,0,0.075792,0,0,0.055746,0,0.009974,0.30499,3.0804,0.0097907
0,0,0,0,0,0,0,0,0,0,0,0,0,0,0,0,0,0,0,0,0,0,0,0,0,0,0,0,0,0,0,0,0,0,0,0,0,0,0,0,0,0.35719,0,0,0.011487,0,0,0,0,0,0.26343,0,0,0,0,0,0.10827,1.6994,0.46613,8.3946,0,0,0,19.18,1.2815,19.83,0,0,0,148.15,55.11,7.1709,7.3585,0,0.10982,0,0.47289,0.58428,0.013131,0.03943,0,0,0.017341
0,0,0,0,0,0,0,0,0,0,0,0,0,0,0,0,0,0,0,0,0,0,0,0,0,0,0,0,0,0,0,0,0,0,0,0,0,0,0,0,0,0.16357,0,0,0.02487,0,0,0.061661,0,0,0.71494,0,0,0,0,0,0.082696,2.5292,0.2109,18.618,0,0,0.46523,7.47,0.19946,3.3394,0,0,2.2901,55.11,141.27,41.834,37.365,0,0.045172,0,0.91889,0.22809,0,0.042688,0,0,0
0,0,0,0,0,0,0,0,0,0,0,0,0,0,0,0,0,0,0,0,0,0,0,0,0,0,0,0,0,0,0,0,0,0,0,0,0,0,0,0,0,0,0,0,0,0,0,0,0,0,1.4033,0,0,0,0,0,0,13.439,0,23.127,0,0,0,0,0,0,0,0,0,7.1709,41.834,34.807,32.838,0,0,0,0.22722,0,0,0,0,0,0
0,0,0,0,0,0,0,0,0,0,0,0,0,0,0,0,0,0,0,0,0,0,0,0,0,0,0,0,0,0,0,0,0,0,0,0,0,0,0,0,0,2.1023,0,0,0.24635,0,0,0.32082,0,0,0.6711,0,0,0,0,0,0.28412,8.3332,2.0487,8.7889,0,0,0.50253,1.8782,0.35053,0,0,0,4.2032,7.3585,37.365,32.838,179.47,10.832,0,0,2.9579,0.78359,0,0.32734,0,0,0.65462
0,0,0,0,0,0,0,0,0,0,0,0,0,0,0,0,0,0,0,0,0,0,0,0,0,0,0,0,0,0,0,0,0,0,0,0,0,0,0,0,0,0,0,0,0,0,0,0,0,0,0,0,0,0,0,0,0,0.72913,1.1509,0,0,0,0,0,0,0,0,0,0,0,0,0,10.832,7.6005,0,0,0.83279,1.1522,0,0,0,0,0.26747
0,0,0,0,0,0,0,0,0,0,0,0,0,0,0,0,0,0,0,0,0,0,0,0,0,0,0,0,0,0,0,0,0,2.784,0,0,0,0,0,0,0,0,0.23926,0,0,2.3175,0,10.777,19.431,6.2354,24.093,2.3299,0,0,1.0364,0,4.8461,0,10.258,1.328,0.91238,0.049798,0.10533,0.74565,0,0,0,0,0.075792,0.10982,0.045172,0,0,0,18.485,6.7469,0.63863,13.75,0.061733,8.3529,14.091,1.7974,21.794
0,0,0,0,0,0,0,0,0,0,0,0,0,0,0,0,0,0,0,0,0,0,0,0,0,0,0,0,0,0,0,0,0,0,0,0,0,0,0,0,0,0,0,0.045943,8.6049,0,0,6.954,1.9136,0,0,0,0,0,0,0,0,0,0,0,0,0,0,0,0,0,0,0,0,0,0,0,0,0,6.7469,5.8599,3.152,1.7971,8.0075,0,0,0,0
0,0,0,0,0,0,0,0,0,0,0,0,0,0,0,0,0,0,0,0,0,0,0,0,0,0,0,0,0,0,0,0,0,0,0,0,0,0,0,0,0,17.745,1.9487,0,4.9783,8.2196,1.8649,9.9264,8.2263,5.2346,18.055,0,0,0,0,0,5.1815,0.84072,5.0867,1.15,0,0,0,0.97272,0.12514,0.49658,0,0,0,0.47289,0.91889,0.22722,2.9579,0.83279,0.63863,3.152,14.187,43.191,10.64,0,0,0,0
0,0,0,0,0,0,0,0,0,0,0,0,0,0,0,0,0,0,0,0,0,0,0,0,0,0,0,0,0,0,0,0,0,0,0,0,0,0,0,0,0,1.1267,0.31107,0,0,1.9363,0.38335,5.8778,9.1328,5.5947,19.202,0.44452,0,0,0,0,2.722,0,4.6488,1.9176,0,0,0,0.60533,0,0,0,0,0.055746,0.58428,0.22809,0,0.78359,1.1522,13.75,1.7971,43.191,18.196,1.4241,0,5.0476,0,38.025
0,0,0,0,0,0,0,0,0,0,0,0,0,0,0,0,0,0,0,0,0,0,0,0,0,0,0,0,0,0,0,0,0,0,0,0,0,0,0,0,0,0,0,0,9.1358,0,0,0,0,0,0,0,0,0,0,0,0,0,0,0,0,0,0,0,0,0,0,0,0,0.013131,0,0,0,0,0.061733,8.0075,10.64,1.4241,9.8798,0,0,0,0
0,0,0,0,0,0,0,0,0,0,0,0,0,0,0,0,0,0,0,0,0,0,0,0,0,0,0,0,0,0,0,0,0,0,0,0,0,0,0,0,0,0,0,0,0,0,0,0,0,0,0,0,0,0,0,0,0,0,3.8191,2.2828,0,0,0.018916,1.1895,0,0,0,0,0.009974,0.03943,0.042688,0,0.32734,0,8.3529,0,0,0,0,0,0,0,20.508
0,0,0,0,0,0,0,0,0,0,0,0,0,0,0,0,0,0,0,0,0,0,0,0,0,0,0,0,0,0,0,0,0,0,0,0,0,0,0,0.10135,0,0,0,0,0,0,0,0,0.055769,0,0,0,0,0,0,4.8676,0,0,3.2604,0,1.81,0.12969,0.45488,0.54759,7.1798,11.874,29.18,7.406,0.30499,0,0,0,0,0,14.091,0,0,5.0476,0,0,52.575,3.7139,3.99
0,0,0,0,0,0,0,0,0,0,0,0,0,0,0,0,0,0,0,0,0,0,0,0,0,0,0,0,0,0,0,0,0,0,0,0,0,0,0,0,0,0,0,0,0,0,0,0,0,0,0,0,0,0,0,0,0,0,0,0,0,0,0,0,0,0,0,2.713,3.0804,0,0,0,0,0,1.7974,0,0,0,0,0,3.7139,6.0543,0.094251
0,0,0,0,0.10483,0,0,11.695,0,28.909,1.9232,0,0,0,1.0646,7.0074,0,10.699,2.6681,0.74968,0,0.0011757,0.085251,0,0,0,0,0,0.026757,0,0,0,0,39.045,0,0,30.747,0,28.636,4.6497,0.17027,0,0.0015081,0,0,0.068505,0.032128,1.3093,6.9268,0,29.504,1.208,0,0,0,0,5.4113,0,11.991,1.1611,0.30619,0.001296,0,0,0,0,0,0,0.0097907,0.017341,0,0,0.65462,0.26747,21.794,0,0,38.025,0,20.508,3.99,0.094251,0
