0.000000000000000000e+00,0.000000000000000000e+00,5.284378435226975146e-01,0.000000000000000000e+00,1.394422289564546148e-02,3.115390579660748949e-01,2.410747845808188572e+02,6.594865649350682979e+00,1.629626802258367022e-02,5.102237249124578211e-01,1.342545167448892796e-02,6.192723965112254675e-03,0.000000000000000000e+00,1.001350015595510854e+03,0.000000000000000000e+00,8.991414280483117291e-03,5.240384710084687869e-01,0.000000000000000000e+00,0.000000000000000000e+00,3.130778490961944049e-02,2.671297973247726443e+00,0.000000000000000000e+00,2.696276369239711812e+00,2.025613429500458251e-01,0.000000000000000000e+00,1.027833578348745849e-02,8.166283861726684676e-03,1.818403720509990107e-01,1.155391820198146888e+03,1.435638815443575993e+02,0.000000000000000000e+00,2.458011724076085147e-01,3.101377959095958481e+00,1.485396728149269041e+00,9.158300915501694714e-03,1.626677551559381138e-02,0.000000000000000000e+00,4.246033680437014124e-01,1.083546375730320109e-02,3.341435143516249817e-02,3.794274606333893768e-02,0.000000000000000000e+00,0.000000000000000000e+00,0.000000000000000000e+00,0.000000000000000000e+00,0.000000000000000000e+00,0.000000000000000000e+00,0.000000000000000000e+00,0.000000000000000000e+00,0.000000000000000000e+00,0.000000000000000000e+00,0.000000000000000000e+00,0.000000000000000000e+00,0.000000000000000000e+00,0.000000000000000000e+00,0.000000000000000000e+00,0.000000000000000000e+00,0.000000000000000000e+00,0.000000000000000000e+00,0.000000000000000000e+00,0.000000000000000000e+00,0.000000000000000000e+00,0.000000000000000000e+00,0.000000000000000000e+00,0.000000000000000000e+00,0.000000000000000000e+00,0.000000000000000000e+00,0.000000000000000000e+00,0.000000000000000000e+00,0.000000000000000000e+00,0.000000000000000000e+00,0.000000000000000000e+00,4.046549645871334866e-02,0.000000000000000000e+00,0.000000000000000000e+00,0.000000000000000000e+00,0.000000000000000000e+00,0.000000000000000000e+00,0.000000000000000000e+00,0.000000000000000000e+00,0.000000000000000000e+00,0.000000000000000000e+00,0.000000000000000000e+00,0.000000000000000000e+00
0.000000000000000000e+00,0.000000000000000000e+00,0.000000000000000000e+00,0.000000000000000000e+00,0.000000000000000000e+00,0.000000000000000000e+00,0.000000000000000000e+00,0.000000000000000000e+00,7.808194901277425437e+00,0.000000000000000000e+00,6.782253503489907298e-02,0.000000000000000000e+00,3.259205467366995457e+00,0.000000000000000000e+00,2.321918339057438274e-02,4.977529316287218286e+00,0.000000000000000000e+00,1.948245130892145918e-02,0.000000000000000000e+00,0.000000000000000000e+00,2.619284852423426138e-02,3.666957448587255044e+02,1.139282310956574035e-01,3.353230040401443901e+00,2.469214774618695856e+02,9.745731207864989365e-01,5.471665222355350124e+02,0.000000000000000000e+00,0.000000000000000000e+00,0.000000000000000000e+00,5.977775886678705214e-02,0.000000000000000000e+00,0.000000000000000000e+00,8.873716624380564855e-03,0.000000000000000000e+00,6.130281846854417072e-02,5.678487950794667283e-01,1.361379686089497498e-01,2.283949466363445827e-02,5.671012676701640831e-02,0.000000000000000000e+00,6.572089040565028961e-01,2.382172767380440204e-02,7.019120632876950650e-01,0.000000000000000000e+00,0.000000000000000000e+00,0.000000000000000000e+00,0.000000000000000000e+00,5.406170961103190509e-02,0.000000000000000000e+00,2.692029948585461057e+02,0.000000000000000000e+00,0.000000000000000000e+00,0.000000000000000000e+00,0.000000000000000000e+00,0.000000000000000000e+00,0.000000000000000000e+00,2.757455626447286590e-01,0.000000000000000000e+00,0.000000000000000000e+00,0.000000000000000000e+00,2.687234916577119770e-01,0.000000000000000000e+00,0.000000000000000000e+00,2.162476560970948980e-01,0.000000000000000000e+00,0.000000000000000000e+00,0.000000000000000000e+00,0.000000000000000000e+00,0.000000000000000000e+00,5.327084227110137959e+00,3.512302518063013801e-02,1.584287990442684035e-01,9.387764128024832289e+00,1.618708940845013933e-01,6.311049858346937924e+01,6.797224770789688300e-03,0.000000000000000000e+00,0.000000000000000000e+00,0.000000000000000000e+00,0.000000000000000000e+00,0.000000000000000000e+00,0.000000000000000000e+00,0.000000000000000000e+00
5.284378435226975146e-01,0.000000000000000000e+00,0.000000000000000000e+00,1.766615750376589744e-01,0.000000000000000000e+00,2.859731442219267117e-01,6.835900953973125027e+00,3.121447068768440136e+00,1.375235368434633010e-01,3.301087407930414219e-01,1.754636380518960828e-02,0.000000000000000000e+00,3.079882876005588313e-02,2.461105666202587194e+00,2.655605237359525139e-01,6.546045690180977150e-01,2.661439728951331745e+02,7.563999857343998816e-03,2.987950799992355466e-01,3.005469701710862182e-02,4.443196821952356146e+01,2.297982327090184948e-02,5.392107422687626013e+02,9.716651119142352133e-01,0.000000000000000000e+00,4.856065323237566531e+02,3.711694940428443488e+02,2.835325934180779495e+00,1.836633635058337655e+00,4.058458558812122696e+00,0.000000000000000000e+00,5.369597683654699777e-02,1.182795727704657018e+00,1.898607787654858470e+01,0.000000000000000000e+00,0.000000000000000000e+00,2.376668389795624226e+00,1.004426998448411581e+02,0.000000000000000000e+00,1.299642812535844349e+00,6.346841684815422990e-01,2.197755119706618770e-02,5.110737643613190440e-02,1.867775756976903789e-01,2.246698209008866215e-02,0.000000000000000000e+00,5.478382002222392105e-02,7.679854502756492535e-03,0.000000000000000000e+00,0.000000000000000000e+00,1.861177344618841420e-02,1.862142087562295226e-02,0.000000000000000000e+00,0.000000000000000000e+00,0.000000000000000000e+00,4.361119543892482374e-03,0.000000000000000000e+00,0.000000000000000000e+00,0.000000000000000000e+00,1.904832007810462399e-02,0.000000000000000000e+00,6.385093783439770021e-02,0.000000000000000000e+00,1.886414386039738170e-02,7.057778826589480858e-02,0.000000000000000000e+00,0.000000000000000000e+00,0.000000000000000000e+00,0.000000000000000000e+00,1.470541460541662307e-02,5.895552687331700320e-02,4.896232606909906374e-03,1.011383468126367258e-01,0.000000000000000000e+00,2.027600046640122555e-02,6.978192550168971220e-01,8.868762518977016396e-03,0.000000000000000000e+00,0.000000000000000000e+00,0.000000000000000000e+00,0.000000000000000000e+00,0.000000000000000000e+00,0.000000000000000000e+00,0.000000000000000000e+00
0.000000000000000000e+00,0.000000000000000000e+00,1.766615750376589744e-01,0.000000000000000000e+00,0.000000000000000000e+00,1.659372504676253746e+00,1.439533780601850887e+00,8.316409982077219709e-01,3.618837774209388680e+00,1.105639676715325777e+03,1.396587655768504951e-02,1.267954839237051878e+01,0.000000000000000000e+00,4.920553921456936042e-01,2.597836713672725395e-01,0.000000000000000000e+00,5.088844082194686480e-02,0.000000000000000000e+00,0.000000000000000000e+00,2.169235479151019263e+03,2.012797772460967194e-01,1.258476729673395356e-02,2.487668008055464175e-01,3.888670731599002011e+02,0.000000000000000000e+00,5.695004592170985029e-03,4.446651848112534444e-03,1.414577323939040070e+03,1.597985225041508306e+00,2.907278650085992622e-01,0.000000000000000000e+00,5.344107472998394642e-02,1.835144318452426593e-01,2.049179692757582938e+00,2.422783796497818276e-01,2.772810590811342291e+00,9.050430892505161029e-02,3.550449146483981799e+00,4.088119615163022802e-01,1.584440217661766237e+00,1.020617303639107520e+00,0.000000000000000000e+00,4.521975769427145075e-01,4.820953611047705707e-03,1.062701076344944595e-01,6.478466939442693862e-02,6.461972845708903179e-01,2.686444846199177033e-02,9.211144000022484721e-03,0.000000000000000000e+00,5.858548276838933602e-03,0.000000000000000000e+00,7.301613526861463477e+00,0.000000000000000000e+00,1.031780065033348001e-02,1.282547060622625801e-01,5.343315959022727941e-03,1.199862703122082541e+00,4.138256163468024273e-01,0.000000000000000000e+00,1.982899333155473398e-01,2.146684815326924470e-02,1.149199544360336896e-02,2.805158978252431448e-02,1.038248818691989012e-01,0.000000000000000000e+00,0.000000000000000000e+00,0.000000000000000000e+00,5.690509919431696595e-01,3.718926723286100633e-02,1.602801919627747790e-02,1.343791722125294887e-02,5.595237667392229497e+00,0.000000000000000000e+00,0.000000000000000000e+00,8.871567024319310796e-03,1.265685233991635572e+00,3.005301043613899797e-02,0.000000000000000000e+00,0.000000000000000000e+00,0.000000000000000000e+00,1.465909703487462690e-02,3.729521013324892109e-02,2.797969395570300624e-02
1.394422289564546148e-02,0.000000000000000000e+00,0.000000000000000000e+00,0.000000000000000000e+00,0.000000000000000000e+00,1.894772709515692668e+02,2.559534473558531392e-02,2.755458277139287482e+00,7.191861902041403187e-01,9.064221731532453447e-03,1.841852267771470694e-02,5.181473687495108393e-01,0.000000000000000000e+00,4.811146429436281152e-02,3.832185941688942421e+02,0.000000000000000000e+00,0.000000000000000000e+00,0.000000000000000000e+00,0.000000000000000000e+00,8.625241478849186849e-02,9.289260185890093821e-03,0.000000000000000000e+00,0.000000000000000000e+00,1.310492831730242780e-01,0.000000000000000000e+00,0.000000000000000000e+00,0.000000000000000000e+00,0.000000000000000000e+00,6.491997270093964323e-01,8.094497040280462796e-02,0.000000000000000000e+00,2.045927698071086525e+02,0.000000000000000000e+00,3.105906665221477780e+01,0.000000000000000000e+00,1.374557047832518364e-01,0.000000000000000000e+00,5.311229352239305035e-01,2.418938112153451447e-02,5.592354016395554481e+02,3.326730078256814522e+02,0.000000000000000000e+00,0.000000000000000000e+00,0.000000000000000000e+00,0.000000000000000000e+00,0.000000000000000000e+00,0.000000000000000000e+00,0.000000000000000000e+00,0.000000000000000000e+00,0.000000000000000000e+00,0.000000000000000000e+00,0.000000000000000000e+00,8.337543282111265983e-03,0.000000000000000000e+00,0.000000000000000000e+00,0.000000000000000000e+00,0.000000000000000000e+00,1.282203286037217858e-02,0.000000000000000000e+00,0.000000000000000000e+00,1.105935662813824563e-02,0.000000000000000000e+00,0.000000000000000000e+00,0.000000000000000000e+00,0.000000000000000000e+00,0.000000000000000000e+00,0.000000000000000000e+00,0.000000000000000000e+00,0.000000000000000000e+00,0.000000000000000000e+00,0.000000000000000000e+00,0.000000000000000000e+00,8.479800726753186288e-03,0.000000000000000000e+00,0.000000000000000000e+00,0.000000000000000000e+00,0.000000000000000000e+00,0.000000000000000000e+00,0.000000000000000000e+00,0.000000000000000000e+00,0.000000000000000000e+00,0.000000000000000000e+00,0.000000000000000000e+00,0.000000000000000000e+00
3.115390579660748949e-01,0.000000000000000000e+00,2.859731442219267117e-01,1.659372504676253746e+00,1.894772709515692668e+02,0.000000000000000000e+00,1.244473109148025003e+01,1.386646349532187742e+03,9.483617302274720551e-01,8.539678722981666397e+02,1.445432047010759002e-01,3.941792230276967643e+02,2.320566796032116214e-02,5.283589286120473183e+00,4.685715762398284028e+02,3.576741337029541723e-02,1.110202518787775788e-01,8.175719587389133555e-03,1.953376767648349818e-02,7.878256243757099320e+00,7.574086320132226158e-01,0.000000000000000000e+00,8.046422619472911597e-01,3.203216986884291462e+00,0.000000000000000000e+00,9.300201554508478324e-03,2.990829372744464518e-02,5.205787581504166539e+00,2.132770466729755565e+00,2.029982012405554315e+00,0.000000000000000000e+00,8.426695383043012555e+01,1.042566721241796474e-01,5.795933264566409449e+00,0.000000000000000000e+00,3.621106063522407492e+00,2.329460053032593181e-01,4.636037091825103040e+00,2.819988149014539536e-01,3.573739540414634916e+02,5.529085553744122450e+01,0.000000000000000000e+00,3.492656136019653412e-02,0.000000000000000000e+00,9.798469848784638683e-03,1.133873885423822628e-02,6.421858778096733653e-03,4.835753288332158423e-03,0.000000000000000000e+00,0.000000000000000000e+00,0.000000000000000000e+00,0.000000000000000000e+00,2.816582556740825777e-02,0.000000000000000000e+00,0.000000000000000000e+00,0.000000000000000000e+00,0.000000000000000000e+00,3.221678072579792218e-02,0.000000000000000000e+00,0.000000000000000000e+00,2.002690630416309112e-02,1.959571349083065808e-02,4.740845681335249112e-03,0.000000000000000000e+00,1.283698279584572638e-02,0.000000000000000000e+00,0.000000000000000000e+00,0.000000000000000000e+00,2.631147751185386463e-02,0.000000000000000000e+00,0.000000000000000000e+00,0.000000000000000000e+00,2.318887609367174807e-01,0.000000000000000000e+00,0.000000000000000000e+00,0.000000000000000000e+00,2.395876439132480634e-02,0.000000000000000000e+00,0.000000000000000000e+00,0.000000000000000000e+00,0.000000000000000000e+00,0.000000000000000000e+00,4.198084828781479573e-03,2.443875840904577434e-02
2.410747845808188572e+02,0.000000000000000000e+00,6.835900953973125027e+00,1.439533780601850887e+00,2.559534473558531392e-02,1.244473109148025003e+01,0.000000000000000000e+00,6.573114391377228571e+01,1.581181238611002682e+00,7.427688675337740278e+02,2.127045583715358665e-02,3.978787262253292156e-01,1.761312416404613862e-02,4.673172836028393817e+02,5.286999027991987621e-01,3.474933405365603800e+00,1.443372466855774361e+00,0.000000000000000000e+00,6.008752189124595341e-03,6.679264305337014873e-01,8.282219566819068746e+01,1.577508658743939640e-02,1.509720367835819488e+01,8.682094138171308373e+01,0.000000000000000000e+00,2.439910451593202689e-01,1.269988752073129279e-01,1.369053774303636146e+03,1.779180619532436936e+01,9.413265500904152532e+02,0.000000000000000000e+00,2.468552831772750644e-01,2.937414725927626424e+00,7.671189194303404513e+00,0.000000000000000000e+00,4.951495564233858282e+00,3.309997925209695047e-01,1.223929629706496058e+01,0.000000000000000000e+00,1.251246925113298492e+00,1.672894061462011583e+00,2.640107673336627644e-02,8.206298397881640894e-02,2.988156893192267516e-02,4.585833050358727181e-02,4.894557627732992744e-02,1.065264757266767975e-01,2.208322445987877247e-02,0.000000000000000000e+00,0.000000000000000000e+00,0.000000000000000000e+00,4.263899573505943938e-03,1.499177072671251942e-01,0.000000000000000000e+00,1.216162231172238962e-02,5.397951014806164766e-02,1.056015970436838258e-02,4.715593041100090699e-01,4.595117041359951526e-02,0.000000000000000000e+00,2.968103213665170687e-02,7.046830159702040242e-02,0.000000000000000000e+00,3.212361600354081415e-02,9.416375739971688530e-02,4.708501267435772665e-03,0.000000000000000000e+00,0.000000000000000000e+00,1.363428613017352020e-01,2.373794471972355546e-02,3.700653935975173336e-02,5.772032206981464811e-03,2.396870479639719331e+00,0.000000000000000000e+00,0.000000000000000000e+00,1.755841978151462951e-02,2.459565530795278787e-01,1.349973308900222733e-02,0.000000000000000000e+00,0.000000000000000000e+00,0.000000000000000000e+00,0.000000000000000000e+00,2.500464466062906135e-02,0.000000000000000000e+00
6.594865649350682979e+00,0.000000000000000000e+00,3.121447068768440136e+00,8.316409982077219709e-01,2.755458277139287482e+00,1.386646349532187742e+03,6.573114391377228571e+01,0.000000000000000000e+00,2.544098204373658190e-01,2.250613984436822079e+02,1.257161401154780755e-01,9.175510796910323563e+00,3.106937834531802237e-02,1.146775700655264473e+03,1.549965484887466260e+01,1.957833266109615666e-01,2.506029909384728693e+00,1.089795283412707365e-02,5.889658237878170159e-03,2.962721539512506386e+00,1.028304557770443495e+01,0.000000000000000000e+00,1.030316055053750368e+01,2.634368918498036116e+00,0.000000000000000000e+00,5.260857746658099965e-02,2.433942572589020345e-02,3.985597099109271735e+00,1.374556305814776458e+01,3.512114158191103286e+01,0.000000000000000000e+00,1.334847209440374627e+02,5.346510184399385635e-01,6.513222013143704636e+00,0.000000000000000000e+00,4.101322832034643540e+00,2.449072335230960962e-01,4.530968506268107987e+00,3.892434335421871561e-01,3.690483426158343150e+01,8.672212758973532942e+00,2.072663235157031283e-02,2.580436477310071863e-02,4.158835586956095322e-03,1.293878425555520725e-02,1.015247299221585901e-02,0.000000000000000000e+00,6.272206848071542468e-03,0.000000000000000000e+00,0.000000000000000000e+00,0.000000000000000000e+00,0.000000000000000000e+00,1.122832266264896413e-02,0.000000000000000000e+00,0.000000000000000000e+00,0.000000000000000000e+00,0.000000000000000000e+00,4.354865218928263837e-02,5.252989693845187477e-03,0.000000000000000000e+00,0.000000000000000000e+00,6.947235210067044878e-03,0.000000000000000000e+00,0.000000000000000000e+00,1.809023087844862168e-02,0.000000000000000000e+00,0.000000000000000000e+00,0.000000000000000000e+00,1.604140810308902695e-02,0.000000000000000000e+00,0.000000000000000000e+00,0.000000000000000000e+00,3.242271997599574518e-01,0.000000000000000000e+00,0.000000000000000000e+00,0.000000000000000000e+00,3.530368892825926780e-02,4.567011287770910560e-03,0.000000000000000000e+00,0.000000000000000000e+00,0.000000000000000000e+00,0.000000000000000000e+00,0.000000000000000000e+00,5.456065449535116296e-02
1.629626802258367022e-02,7.808194901277425437e+00,1.375235368434633010e-01,3.618837774209388680e+00,7.191861902041403187e-01,9.483617302274720551e-01,1.581181238611002682e+00,2.544098204373658190e-01,0.000000000000000000e+00,1.094029296130833107e+00,0.000000000000000000e+00,8.051122926605461316e+01,1.874062880091295277e-02,1.205409663671143938e-01,1.192263595998798138e+02,1.457328884404382130e+01,2.355941375076028507e-02,0.000000000000000000e+00,0.000000000000000000e+00,1.039867972467572566e+00,5.733701164215603274e-01,6.297717333686491656e+02,2.269209784902056271e+00,8.327585571649618714e+02,1.122058345761121761e-01,1.016223823545237513e-02,4.191810390727738422e+01,7.332411135533787316e+00,6.495319692711682968e-01,7.712927693468368817e-02,0.000000000000000000e+00,0.000000000000000000e+00,5.777662367997219439e-01,1.071817830607721733e+00,1.804812070007232039e-01,6.351611048953426319e+00,6.667442639909200164e-01,1.454611208183373749e+00,2.520748868016847166e-01,2.042409797231282766e+02,1.695745322813831391e-01,0.000000000000000000e+00,2.093946950193651180e+00,2.898487760565943705e-01,5.861270863990492019e-01,2.274331309795611378e-01,1.816983480636311654e+00,3.705607910038953567e-02,0.000000000000000000e+00,0.000000000000000000e+00,6.182101213471481727e-02,0.000000000000000000e+00,9.006233380843209346e-01,0.000000000000000000e+00,2.602065540399295385e-02,2.843868506381261874e-01,6.340856036850806010e-03,6.522543194350831186e+01,2.376557237897177488e-01,0.000000000000000000e+00,4.853282494943296776e-01,1.343050826043835043e-02,8.643641049381492469e-03,2.157931079698078292e-01,5.737884765003880005e+00,0.000000000000000000e+00,0.000000000000000000e+00,0.000000000000000000e+00,7.042248486283277931e-01,9.608700875819868870e-01,3.289885180246806584e+01,8.767021470813408657e-01,2.673619492520278484e+01,0.000000000000000000e+00,1.147523208274298101e-02,6.998924409708506822e+00,1.792500413939232873e+00,7.104604617001071543e-02,0.000000000000000000e+00,0.000000000000000000e+00,0.000000000000000000e+00,0.000000000000000000e+00,4.276034441492851390e-01,1.411051288517531921e-01
5.102237249124578211e-01,0.000000000000000000e+00,3.301087407930414219e-01,1.105639676715325777e+03,9.064221731532453447e-03,8.539678722981666397e+02,7.427688675337740278e+02,2.250613984436822079e+02,1.094029296130833107e+00,0.000000000000000000e+00,7.896309176789938211e-02,5.061090163855016613e+02,1.582619296999088210e-02,1.226283745967293015e+02,7.987673109982310615e-01,1.074498195910462556e-01,1.025051179749485175e-01,6.220947876305122325e-03,6.379721954085784859e-03,1.198950067915598765e+03,1.626470695476285755e+00,2.357547454204165713e-02,7.470742164017065701e-01,2.432098750786818186e+01,8.706711392365710026e-03,4.160036613603496775e-02,3.774000659759076115e-02,4.430011305008484896e+02,5.362289235051519221e+00,1.317759329342522490e+00,0.000000000000000000e+00,7.533216808083946781e-01,2.866903036149354711e-01,6.962688762848298296e+00,0.000000000000000000e+00,7.542965821404760796e+00,7.200575907317618984e-01,1.097872791371666779e+01,1.010981146014223508e+00,6.197087063204886448e+00,2.867124873713227995e+00,2.946826926627044846e-02,1.784571118519472643e-01,0.000000000000000000e+00,3.845962995360319853e-02,1.270008296543913978e-02,1.447543300402996391e-01,1.963763806049557969e-02,0.000000000000000000e+00,0.000000000000000000e+00,0.000000000000000000e+00,4.753642699224167045e-03,7.489334163857884086e+00,0.000000000000000000e+00,1.776112939564419499e-02,5.187746735220191696e-02,0.000000000000000000e+00,2.907494699158943430e-01,5.056977516185765964e+00,0.000000000000000000e+00,7.494225990403034388e+00,2.151232571822640771e-02,4.935961517937711811e-03,0.000000000000000000e+00,3.213682819509243449e-02,0.000000000000000000e+00,0.000000000000000000e+00,0.000000000000000000e+00,6.198266662751485079e+00,2.759813023257233836e-02,1.136095823414207638e-02,1.760858514058291982e-02,1.922831790809092833e+00,0.000000000000000000e+00,0.000000000000000000e+00,9.257944709716619397e-03,3.048895939432159086e-01,1.494327979179978921e-02,0.000000000000000000e+00,0.000000000000000000e+00,0.000000000000000000e+00,0.000000000000000000e+00,3.112241854514629508e-02,7.832981058056173729e-02
1.342545167448892796e-02,6.782253503489907298e-02,1.754636380518960828e-02,1.396587655768504951e-02,1.841852267771470694e-02,1.445432047010759002e-01,2.127045583715358665e-02,1.257161401154780755e-01,0.000000000000000000e+00,7.896309176789938211e-02,0.000000000000000000e+00,1.473251742257362107e-01,1.378884319075716803e+03,9.390573232420751371e-02,0.000000000000000000e+00,0.000000000000000000e+00,1.057250341629078783e+01,7.014469151941973450e+02,2.448762853456599942e+02,4.722678864609065191e-02,8.832349179679531426e-03,2.190259492995333054e-02,3.503412266668606140e-02,1.226838476968838791e-02,4.347740544043611877e+00,3.563480110184506202e+02,5.039134094377694106e-01,2.801295084975742936e-02,5.441467724990457500e-01,5.979935678425612328e-02,2.889697962055847142e+02,3.611635442992922052e-01,1.226552725428379197e-02,6.803598618220208891e+02,1.273827162941456974e-02,7.853502538500570784e-01,1.063361955812513315e+02,2.180295153235697967e+02,9.461324895704432691e-01,9.287619212887644748e-02,5.754147515003050009e-03,1.687074916356268943e+02,0.000000000000000000e+00,1.191198676447019489e+00,0.000000000000000000e+00,7.437332056857642350e-03,0.000000000000000000e+00,0.000000000000000000e+00,6.520638048670667208e-01,0.000000000000000000e+00,1.282642561679160909e-01,0.000000000000000000e+00,0.000000000000000000e+00,0.000000000000000000e+00,0.000000000000000000e+00,0.000000000000000000e+00,0.000000000000000000e+00,0.000000000000000000e+00,0.000000000000000000e+00,4.909691690314647167e-02,0.000000000000000000e+00,7.914375181570059148e+00,0.000000000000000000e+00,0.000000000000000000e+00,0.000000000000000000e+00,0.000000000000000000e+00,6.908042125266969369e-02,4.917335083843395876e-02,0.000000000000000000e+00,0.000000000000000000e+00,0.000000000000000000e+00,0.000000000000000000e+00,5.772923512375061766e-03,2.253603323369506750e+00,5.035114049944031667e-01,4.788849075487552343e-01,0.000000000000000000e+00,0.000000000000000000e+00,0.000000000000000000e+00,1.089941847953528054e-01,0.000000000000000000e+00,0.000000000000000000e+00,0.000000000000000000e+00,0.000000000000000000e+00
6.192723965112254675e-03,0.000000000000000000e+00,0.000000000000000000e+00,1.267954839237051878e+01,5.181473687495108393e-01,3.941792230276967643e+02,3.978787262253292156e-01,9.175510796910323563e+00,8.051122926605461316e+01,5.061090163855016613e+02,1.473251742257362107e-01,0.000000000000000000e+00,2.207459104254934704e-02,1.288716725702320876e+00,1.777449147089697874e+02,0.000000000000000000e+00,1.587772725437770413e-02,0.000000000000000000e+00,1.469721529751903677e-02,2.115319303754532029e+03,2.679326651352981897e-02,3.892378143800197254e-02,2.391970848017506424e-02,1.478912920806154716e+02,0.000000000000000000e+00,0.000000000000000000e+00,0.000000000000000000e+00,9.965864861474217351e-01,2.295929595853879235e+00,5.058838879471613120e-02,0.000000000000000000e+00,8.109795966367355780e-01,4.141724721821975902e-02,4.273832426548398011e+00,5.753869616983375845e-02,6.974963942862853372e+00,5.021518200175998370e-01,5.285035139281381689e+00,2.863241644540478470e-01,1.913048081759654622e+02,1.206802927038828965e+00,0.000000000000000000e+00,4.593378761266286303e-01,0.000000000000000000e+00,6.842587800385126900e-03,0.000000000000000000e+00,5.201249715371401017e-01,5.402080612139085157e-03,0.000000000000000000e+00,0.000000000000000000e+00,0.000000000000000000e+00,0.000000000000000000e+00,1.776024168135862114e-01,0.000000000000000000e+00,0.000000000000000000e+00,0.000000000000000000e+00,0.000000000000000000e+00,5.238343385404464758e-01,6.617852649673797161e-02,0.000000000000000000e+00,0.000000000000000000e+00,8.837720896666725542e-03,4.080417904128607297e-03,0.000000000000000000e+00,6.905609290202498370e-03,0.000000000000000000e+00,0.000000000000000000e+00,0.000000000000000000e+00,1.386181426405287687e-01,1.383817312718883634e-02,7.150636689915111296e-03,0.000000000000000000e+00,1.345433893930775504e+00,0.000000000000000000e+00,0.000000000000000000e+00,0.000000000000000000e+00,5.799294538822875877e-02,0.000000000000000000e+00,0.000000000000000000e+00,0.000000000000000000e+00,0.000000000000000000e+00,0.000000000000000000e+00,0.000000000000000000e+00,5.311110777942066631e-03
0.000000000000000000e+00,3.259205467366995457e+00,3.079882876005588313e-02,0.000000000000000000e+00,0.000000000000000000e+00,2.320566796032116214e-02,1.761312416404613862e-02,3.106937834531802237e-02,1.874062880091295277e-02,1.582619296999088210e-02,1.378884319075716803e+03,2.207459104254934704e-02,0.000000000000000000e+00,0.000000000000000000e+00,0.000000000000000000e+00,1.451786139336778796e-02,1.886053636161170999e-02,8.520421835583285031e+00,1.363246610814253135e+00,1.322190965211661115e-02,2.691470169788785782e-02,8.666395563834147775e-02,9.475099634498201223e-03,3.183330261042700143e-02,4.539226501704257544e+02,3.452873210400434232e+02,1.785431447453552778e+02,1.429673363015845737e-02,4.125855593606247290e-02,3.047961702353767927e-02,6.058199746707953182e+02,1.356757916655323450e-02,0.000000000000000000e+00,8.354348604850827087e+01,0.000000000000000000e+00,1.914415588005542457e-01,2.626023371960733357e+02,9.820979078871745571e+01,3.874775272060303477e-01,1.787504305025686413e-01,2.182892558514327064e+00,5.458382425184704516e+02,2.360276302961134276e-01,6.598709803303712818e+00,8.979708779542049102e-02,9.693382097873763925e-01,3.607479567769757978e-01,5.882561253993650041e+00,3.050510100408602376e+00,0.000000000000000000e+00,1.048073841658251126e+00,1.082483183652812632e-02,2.372584704575243092e-02,0.000000000000000000e+00,1.139127525236065253e-02,8.731151671625993205e-02,6.276221150987861333e-03,0.000000000000000000e+00,4.789172720316021287e-02,3.152297252464251187e+00,1.177903489594805432e-02,6.664986639677677260e+01,7.986940299644317703e-03,2.049452549494454323e-02,5.968914659948303114e-02,0.000000000000000000e+00,3.542235131944162507e-01,2.221403138588664561e-01,1.737674253226263385e-02,7.927573794200981280e-03,0.000000000000000000e+00,4.403130043895447931e-02,5.885274314303472892e-02,2.246565868974917990e+01,4.094319862069256466e+00,8.148356548728891369e+00,7.483229339798089241e-02,0.000000000000000000e+00,8.322350373160316075e-03,8.012439689639719864e-01,0.000000000000000000e+00,0.000000000000000000e+00,0.000000000000000000e+00,1.742209614312884361e-02
1.001350015595510854e+03,0.000000000000000000e+00,2.461105666202587194e+00,4.920553921456936042e-01,4.811146429436281152e-02,5.283589286120473183e+00,4.673172836028393817e+02,1.146775700655264473e+03,1.205409663671143938e-01,1.226283745967293015e+02,9.390573232420751371e-02,1.288716725702320876e+00,0.000000000000000000e+00,0.000000000000000000e+00,2.250941394777737081e-01,1.719009672237560016e-01,2.730912929963480451e+00,0.000000000000000000e+00,1.006274784138274335e-02,8.618697864756883487e-01,9.329018109632350786e+00,0.000000000000000000e+00,8.907000228961498678e+00,1.183888803487147534e+00,0.000000000000000000e+00,3.884789713349987017e-02,3.918564930828982024e-02,2.052796200878642452e+00,5.070903509038687957e+02,5.942156792585928571e+01,0.000000000000000000e+00,8.864258280399775458e+01,5.493340390441081578e-01,1.188030864873592130e+01,7.302185046706476113e-02,7.850853451357494572e-01,5.453848179200352503e-02,3.598706017630899368e+00,2.158399904457089236e-01,1.641006833687881805e+00,1.264104217361227356e+00,2.024240555551115942e-02,2.470544689114440376e-02,0.000000000000000000e+00,6.616271974652697917e-03,7.361574794693993840e-03,6.729615101874047815e-03,0.000000000000000000e+00,0.000000000000000000e+00,0.000000000000000000e+00,0.000000000000000000e+00,0.000000000000000000e+00,6.455462128090136940e-03,0.000000000000000000e+00,6.683542093740716360e-03,1.038691602967837559e-02,0.000000000000000000e+00,1.468086011368224461e-02,6.572551953558084317e-03,0.000000000000000000e+00,0.000000000000000000e+00,7.548897182099062117e-03,0.000000000000000000e+00,0.000000000000000000e+00,7.179471112148670328e-03,0.000000000000000000e+00,0.000000000000000000e+00,0.000000000000000000e+00,5.650254294205334961e-03,0.000000000000000000e+00,0.000000000000000000e+00,0.000000000000000000e+00,1.806120239600404465e-01,0.000000000000000000e+00,0.000000000000000000e+00,0.000000000000000000e+00,1.994785292828010065e-02,1.070380944292368720e-02,0.000000000000000000e+00,0.000000000000000000e+00,0.000000000000000000e+00,0.000000000000000000e+00,0.000000000000000000e+00,1.605820620582216335e-02
0.000000000000000000e+00,2.321918339057438274e-02,2.655605237359525139e-01,2.597836713672725395e-01,3.832185941688942421e+02,4.685715762398284028e+02,5.286999027991987621e-01,1.549965484887466260e+01,1.192263595998798138e+02,7.987673109982310615e-01,0.000000000000000000e+00,1.777449147089697874e+02,0.000000000000000000e+00,2.250941394777737081e-01,0.000000000000000000e+00,5.599738394487627779e-01,3.942280845138938089e-02,0.000000000000000000e+00,0.000000000000000000e+00,5.774622325745449869e-01,3.729508811543276181e-01,9.482407357837666084e-02,9.943402179391581663e-01,8.754330583807512056e+00,0.000000000000000000e+00,5.972179971628864548e-02,1.127977584101297559e+00,5.839550575241029273e-01,5.392017466003060783e-02,1.294102113903600193e-01,0.000000000000000000e+00,1.359317519133097063e+00,2.562264376120283391e-02,5.578805381265805607e-01,0.000000000000000000e+00,2.339424292589042054e+01,0.000000000000000000e+00,3.552918867719495610e-01,1.640480853761959179e-01,1.000956684242847700e+03,5.691849933728948763e+00,0.000000000000000000e+00,5.715884458920196254e-01,3.690376842344731539e-02,4.224852500144376383e-02,1.303824327378240167e-01,3.631759251074609951e-01,0.000000000000000000e+00,0.000000000000000000e+00,0.000000000000000000e+00,0.000000000000000000e+00,9.342178010714507000e-03,8.717172891116639621e-02,0.000000000000000000e+00,0.000000000000000000e+00,2.103789202479117854e-02,0.000000000000000000e+00,5.091518599628664932e-01,1.762604048576801516e-02,0.000000000000000000e+00,4.071829591269629511e-02,4.738775963235729305e-02,0.000000000000000000e+00,8.267876679870320156e-02,1.368990181247629057e-01,0.000000000000000000e+00,0.000000000000000000e+00,7.199850676925046225e-03,1.005889615621172462e-01,4.420694815308592873e-02,3.455313897485570718e-02,9.013998339446995314e-03,7.838892505670966848e-01,0.000000000000000000e+00,6.748966379157290973e-03,5.041288614786028355e-02,5.791037134922902979e-02,0.000000000000000000e+00,0.000000000000000000e+00,0.000000000000000000e+00,0.000000000000000000e+00,0.000000000000000000e+00,7.446610994341183384e-03,0.000000000000000000e+00
8.991414280483117291e-03,4.977529316287218286e+00,6.546045690180977150e-01,0.000000000000000000e+00,0.000000000000000000e+00,3.576741337029541723e-02,3.474933405365603800e+00,1.957833266109615666e-01,1.457328884404382130e+01,1.074498195910462556e-01,0.000000000000000000e+00,0.000000000000000000e+00,1.451786139336778796e-02,1.719009672237560016e-01,5.599738394487627779e-01,0.000000000000000000e+00,4.451923782426682741e-01,0.000000000000000000e+00,0.000000000000000000e+00,7.340720500857214441e-03,5.032895736412922929e+02,4.755280275428357868e+02,1.516104177590849531e+03,1.494838350297515888e+02,1.003609442036106636e-01,4.175240213923977345e-02,4.997582296019512569e+02,2.634822875804096611e+02,5.097748575814666783e-01,2.483227863831353466e-01,0.000000000000000000e+00,0.000000000000000000e+00,1.075258483980980451e+00,3.997156423438902539e+00,0.000000000000000000e+00,1.679438269060782574e+01,5.785209915470275632e+00,9.067105507211362436e+00,2.416517502597296030e+00,2.826713378564844614e-01,4.291477197032614321e-01,0.000000000000000000e+00,2.270416445064998623e+00,9.071945670894589198e-02,8.619513510977979687e-01,3.201180635628562698e-01,2.405341505204375008e-01,8.535141659527414881e-02,1.024528512638199149e-02,0.000000000000000000e+00,0.000000000000000000e+00,4.552653322424082480e-03,8.255612436161836876e-02,0.000000000000000000e+00,0.000000000000000000e+00,6.838660144986043188e-02,0.000000000000000000e+00,6.760300745036066372e-01,1.339470597832465720e-02,0.000000000000000000e+00,2.170283972199859787e-02,8.244944913763737129e-03,6.113421430183900614e-03,1.752369176134977169e-01,4.521901927896602835e+00,4.265051722602952039e-03,0.000000000000000000e+00,0.000000000000000000e+00,3.704686052503703558e-02,1.233891436004414643e+00,3.505256257791481200e+00,1.075525103203339050e+00,4.893518358089137266e+00,0.000000000000000000e+00,0.000000000000000000e+00,1.033296439163172931e+00,8.114614355940485968e-01,5.540080857788039215e-02,7.921314331896857699e-03,0.000000000000000000e+00,0.000000000000000000e+00,3.787031075565638200e-02,1.932081419859299765e-01,4.898146005566323402e-01
5.240384710084687869e-01,0.000000000000000000e+00,2.661439728951331745e+02,5.088844082194686480e-02,0.000000000000000000e+00,1.110202518787775788e-01,1.443372466855774361e+00,2.506029909384728693e+00,2.355941375076028507e-02,1.025051179749485175e-01,1.057250341629078783e+01,1.587772725437770413e-02,1.886053636161170999e-02,2.730912929963480451e+00,3.942280845138938089e-02,4.451923782426682741e-01,0.000000000000000000e+00,2.557158196212205414e+00,9.055887605914632559e+02,0.000000000000000000e+00,9.337897345603366261e+00,1.186017387779330148e-02,6.843712943833292002e+02,3.553033150959808428e-01,0.000000000000000000e+00,4.931992441472721680e+02,4.214362923606311284e+01,7.184139059091255719e-01,3.614612096180701339e+00,3.487433137597615751e+00,0.000000000000000000e+00,6.114534794272735024e-02,2.860476049300348489e+00,3.135255975634812557e+02,3.536413798376299433e-01,3.387158218905896412e+00,6.979203988158014127e+00,8.710834302769086435e+01,5.765670955796703190e+00,1.273691350569146341e-01,1.344589467797583926e-01,1.102087645194909857e-02,3.202092867885369953e-02,3.020910600036835758e-01,0.000000000000000000e+00,3.018584153590218866e-02,6.623832495954607748e-03,0.000000000000000000e+00,1.482214433248501412e-02,0.000000000000000000e+00,0.000000000000000000e+00,0.000000000000000000e+00,0.000000000000000000e+00,0.000000000000000000e+00,0.000000000000000000e+00,0.000000000000000000e+00,0.000000000000000000e+00,0.000000000000000000e+00,5.906134138890042212e-03,0.000000000000000000e+00,0.000000000000000000e+00,1.528213157006785665e-02,0.000000000000000000e+00,0.000000000000000000e+00,1.180800266227794229e-02,0.000000000000000000e+00,0.000000000000000000e+00,0.000000000000000000e+00,0.000000000000000000e+00,0.000000000000000000e+00,0.000000000000000000e+00,7.094103275621219465e-03,5.370118548425934640e-02,0.000000000000000000e+00,4.423713328256213828e-02,2.965210162742603628e-01,0.000000000000000000e+00,0.000000000000000000e+00,0.000000000000000000e+00,0.000000000000000000e+00,0.000000000000000000e+00,0.000000000000000000e+00,7.020617063561780669e-03,0.000000000000000000e+00
0.000000000000000000e+00,1.948245130892145918e-02,7.563999857343998816e-03,0.000000000000000000e+00,0.000000000000000000e+00,8.175719587389133555e-03,0.000000000000000000e+00,1.089795283412707365e-02,0.000000000000000000e+00,6.220947876305122325e-03,7.014469151941973450e+02,0.000000000000000000e+00,8.520421835583285031e+00,0.000000000000000000e+00,0.000000000000000000e+00,0.000000000000000000e+00,2.557158196212205414e+00,0.000000000000000000e+00,4.523227829591791078e+02,0.000000000000000000e+00,0.000000000000000000e+00,0.000000000000000000e+00,0.000000000000000000e+00,0.000000000000000000e+00,6.881418972406591616e-02,1.728559774077092470e+02,9.995702953481825359e-01,0.000000000000000000e+00,0.000000000000000000e+00,0.000000000000000000e+00,7.228018138148152083e+00,0.000000000000000000e+00,0.000000000000000000e+00,3.876024837943309986e+00,9.183119124543391229e-03,2.877969375071873226e-01,1.349692912538462153e+01,8.204609695889638843e+00,2.477228592302780363e-01,0.000000000000000000e+00,0.000000000000000000e+00,5.375598142541199165e-02,8.103315291619693495e-03,1.219618870925846865e+00,0.000000000000000000e+00,0.000000000000000000e+00,0.000000000000000000e+00,0.000000000000000000e+00,1.938868683076183375e-01,0.000000000000000000e+00,1.314109877840878397e-02,0.000000000000000000e+00,0.000000000000000000e+00,0.000000000000000000e+00,0.000000000000000000e+00,0.000000000000000000e+00,0.000000000000000000e+00,0.000000000000000000e+00,0.000000000000000000e+00,3.849101018932656049e-02,0.000000000000000000e+00,4.647311834565495126e-01,0.000000000000000000e+00,0.000000000000000000e+00,0.000000000000000000e+00,0.000000000000000000e+00,3.303687519724768373e-02,2.213337243103152135e-02,0.000000000000000000e+00,0.000000000000000000e+00,0.000000000000000000e+00,0.000000000000000000e+00,0.000000000000000000e+00,3.485407485450615073e-01,3.905854607490757413e-01,4.620473980238336553e-01,0.000000000000000000e+00,0.000000000000000000e+00,0.000000000000000000e+00,3.893307853600997542e-02,0.000000000000000000e+00,0.000000000000000000e+00,0.000000000000000000e+00,0.000000000000000000e+00
0.000000000000000000e+00,0.000000000000000000e+00,2.987950799992355466e-01,0.000000000000000000e+00,0.000000000000000000e+00,1.953376767648349818e-02,6.008752189124595341e-03,5.889658237878170159e-03,0.000000000000000000e+00,6.379721954085784859e-03,2.448762853456599942e+02,1.469721529751903677e-02,1.363246610814253135e+00,1.006274784138274335e-02,0.000000000000000000e+00,0.000000000000000000e+00,9.055887605914632559e+02,4.523227829591791078e+02,0.000000000000000000e+00,5.761743940348506253e-03,2.796095561708378946e-02,0.000000000000000000e+00,1.417953177817284360e-01,0.000000000000000000e+00,0.000000000000000000e+00,7.194705142425650592e+02,7.263103797237692838e+00,0.000000000000000000e+00,1.414265597119676934e-02,6.659982565511949823e-03,1.279874807778027757e+00,1.121572995172868611e-02,0.000000000000000000e+00,8.295943918489470548e+01,1.556227547794553911e-01,5.423019018466937347e+00,4.014817309215375474e+01,7.014439151453319710e+01,4.306844955947523701e+00,1.284555549296456101e-01,3.109318789047102460e-02,1.730877770227138082e-02,1.410085253075349550e-02,1.711467913681429032e+00,0.000000000000000000e+00,3.806739034052050719e-02,1.062178168653523519e-02,0.000000000000000000e+00,2.954300676379901791e-01,0.000000000000000000e+00,0.000000000000000000e+00,0.000000000000000000e+00,0.000000000000000000e+00,0.000000000000000000e+00,0.000000000000000000e+00,0.000000000000000000e+00,0.000000000000000000e+00,0.000000000000000000e+00,0.000000000000000000e+00,5.108167807240867470e-02,0.000000000000000000e+00,4.501067306102711774e-01,0.000000000000000000e+00,0.000000000000000000e+00,0.000000000000000000e+00,0.000000000000000000e+00,5.143276460166346792e-02,2.030920199123829525e-02,0.000000000000000000e+00,4.369445934573788597e-03,0.000000000000000000e+00,0.000000000000000000e+00,0.000000000000000000e+00,1.089876204857346265e-01,6.252566681976976515e-01,1.115077386647824520e+00,0.000000000000000000e+00,0.000000000000000000e+00,0.000000000000000000e+00,1.068912424605173994e-01,0.000000000000000000e+00,0.000000000000000000e+00,0.000000000000000000e+00,0.000000000000000000e+00
