71.172,5.8977,0,23.624,3.5738,0,5.7184,0.97361,0,0,0,0.32818,0,0,0,0,0.034097,0,0,0,0,0,0,0,0,0,0,0,0,0,0,2.3497,0.0043475,0,3.9933,18.148,0.11344,8.0585,0,0.093343,0,0,0,0,0,0,0,0,0,0,0,0,0,0,0,0,0,0,0,0,0,0,0,0,0,0,0,0,0,0,0,0,0,0,0,0,0,0,0,0,0,0,0
5.8977,15.131,0,0,6.6157,0,8.6683,0,0,0,0,0,0,0,0,0,0,0,0,0,0,0,0,0,0,0,0,0,0,0,0,0,0,0,0,3.9047,0,0,0,0,0,0,0,0,0,0,0,0,0,0,0,0,0,0,0,0,0,0,0,0,0,0,0,0,0,0,0,0,0,0,0,0,0,0,0,0,0,0,0,0,0,0,0
0,0,1.0664,6.8478,0,0,1.1912,0.96219,0,0,0,0,0,0,0,0,0,0,0,0,0,0,0,0,0,0,0,0,0,0,0,0,0,0,0,0,0,0,0,0,0,0,0,0,0,0,0,0,0,0,0,0,0,0,0,0,0,0,0,0,0,0,0,0,0,0,0,0,0,0,0,0,0,0,0,0,0,0,0,0,0,0,0
23.624,0,6.8478,39.355,0,0,12.186,6.827,0,0,0,6.9795,0,0,0,0,0,0,0,0,0,0,0,0,0,0,0,0.12476,0.095325,0.048462,0,0.14796,0.00022259,0,9.9081,2.7463,0.11854,13.093,0,0.00080538,0,0,0,0,1.8914,0,0,0,0,0,0,0,0,0,0,0,0,0,0,0,0,0,0,0,0,0,0,0,0,0,0,0,0,0,0,0,0,0,0,0,0,0,0
3.5738,6.6157,0,0,39.157,6.5749,23.006,1.7143,0,0,0,0,0,0,0,0,0,0,0,0,0,0,0,0,0,0,0,0,0,0,0,0,0,1.3125,0,9.7769,1.3853,0,0,0,0,0,0,0,0,0,0,0,0,0,0,0,0,0,0,0,0,0,0,0,0,0,0,0,0,0,0,0,0,0,0,0,0,0,0,0,0,0,0,0,0,0,0
0,0,0,0,6.5749,68.02,11.379,0,6.8936,12.364,0,0,0,0,0,0,0,0,0,0,0,0,0,0,0,0,0,0,0,0,0,0,0,0,0,0.4457,0.046747,0,0.0011836,0,0,0,0,0,0,0,0,0,0,0,0,0,0,0,0,0,0,0,0,0,0,0,0,0,0,0,0,0,0,0,0,0,0,0,0,0,0,0,0,0,0,0,0.0031857
5.7184,8.6683,1.1912,12.186,23.006,11.379,296.98,74.414,29.463,0,0,0.88458,4.0661,0,0,0,0,0,0,0,0,0,0,0,0,0,0,0,0,0,0,0.12896,0,12.656,7.1648,13.192,4.7718,0.31894,1.4796,0.0033099,0,0,0,0,1.0603,0,0,5.6899,4.4162,0,0,0,0.091688,0.19057,0,0,0,0,0,0,0,0,0,0,0,0,0,0,0,0,0,0,0,0,0,0,0,0,0,0,0,0,1.4886
0.97361,0,0.96219,6.827,1.7143,0,74.414,387.27,18.845,22.462,14.235,12.495,42.085,46.258,0,0,0,0,0,0,0,0,0,0,0,0,0,0,0,0,0,0,0,25.526,5.1516,8.6049,7.5916,0.033529,5.6798,0,0,0,0,0,0.78338,0,0,7.347,37.936,0,0,0,0.18309,1.772,0,0,0,0,0,0,0,0,0,0,0,0,0,0,0,0,0,0,0,0,0,0,0,0,0,0,0,0,0
0,0,0,0,0,6.8936,29.463,18.845,118.71,42.263,0,0,0,0,0,0.66564,0,0,0,0,0,0,0,0,0,0,0,0,0,0,0,0,0,2.4999,0,2.8004,1.7284,0,1.1364,0,0,0,0,0,0,0,0,0,0.0358,0,0,0,0,0,0,0,0,0,0,0,0,0,0,0,0,0,0,0,0,0,0,0,0,0,0,0,0,0,0,0,0,0,1.6367
0,0,0,0,0,12.364,0,22.462,42.263,284.28,67.459,0,0,15.573,0.19203,33.097,13.735,4.7122,2.4578,0,0,0,0,0,0,0,0,0,0,0,0,0,0,32.153,0,13.971,12.516,0,10.455,0.4139,0.28451,0,0,0,0,0,0,0,0,0,0.11336,0.053862,0,0,0,0,0,0,0,0,0,0,0,0,0,0,0,0,0,0,0,0,0,0,0,0,0,0,0,0,0,0,28.832
0,0,0,0,0,0,0,14.235,0,67.459,84.759,0,0,22.326,3.3954,16.372,0,4.6824,0,10.293,0,0,0,0,0,0,0,0,0,0,0,0,0,3.8217,0,0,0,0,1.9914,0,0,0,0,0,0,0,0,0,0,0,0,0.53671,0,0,0,0,0,0.0024276,0.43184,0,0.56514,0,0,0,0,0,0,0,0,0,0,0,0,0,0,0,0,0,0,0,0,0,1.982
0.32818,0,0,6.9795,0,0,0.88458,12.495,0,0,0,5.1138,4.284,0,0,0,0,0,0,0,0,0,0,0,0,0,0,0,0,0,0,0,0,0,2.4287,0,0,1.3942,0,0,0,0,0,0,0.80448,0,0,0,0.50379,0,0,0,1.0095,0.085572,0,0,0,0,0,0,0,0,0,0,0,0,0,0,0,0,0,0,0,0,0,0,0,0,0,0,0,0,0
0,0,0,0,0,0,4.0661,42.085,0,0,0,4.284,24.738,8.1558,0,0,0,0,0,0,0,0,0,0,0,0,0,0,0,0,0,0,0,0,0,0,0,0,0,0,0,0,0,0,0,0,0,0,8.8126,0,0,0,0.36824,5.2382,0.31938,0,0,0,0,0,0,0,0,0,0,0,0,0,0,0,0,0,0,0,0,0,0,0,0,0,0,0,0
0,0,0,0,0,0,0,46.258,0,15.573,22.326,0,8.1558,78.519,10.822,0,0,0,0,12.983,0,0,0,0,0,0,0,0,0,0,0,0,0,0,0,0,0,0,0,0,0,0,0,0,0,0,0,0,5.6585,0,0,0.82893,0,0.88466,9.0668,0,0,0,0,0,0,0,0,0,0,0,0,0,0,0,0,0,0,0,0,0,0,0,0,0,0,0,0
0,0,0,0,0,0,0,0,0,0.19203,3.3954,0,0,10.822,40.156,0,0,0,0,55.95,0,0,0,0.89435,0.10194,1.9455,0,0,0,0,0,0,0,0,0,0,0,0,0,5.9506,0,0,0,0,0,0,0,0,0,0,0,0.010112,0,0,0.39772,4.3702,0,0,1.3253,0.090758,1.5078,0,0,0,0,0,0,0,0,0,0,0,0,0,0,0,0,0,0,0,0,0,0
0,0,0,0,0,0,0,0,0.66564,33.097,16.372,0,0,0,0,149.25,33.294,14.256,0,0.97307,0,0,0,0,0,0,0,0,0,0,0,0,0,4.6902,0,2.0993,3.2854,0,2.1606,0,0,0,0,0,0,0,0,0,0,0,0,0,0,0,0,0,0,0,0,0,0,0,0,0,0,0,0,0,0,0,0,0,0,0,0,0,0,0,0,0,0,0,6.6925
0.034097,0,0,0,0,0,0,0,0,13.735,0,0,0,0,0,33.294,116.87,7.821,30.647,0,0,0,0,0,0.36583,0,0,0,2.105,1.6834,11.995,5.5335,0.6019,0.20596,0,4.9217,1.4812,0,1.4555,0.58984,0.26488,0,0,0,0,0,0,0,0,0,0,0,0,0,0,0,0,0,0,0,0,0,0,0,0,0,0,0,0,0,0,0,0,0,0,0,0,0,0,0,0,0,1.6996
0,0,0,0,0,0,0,0,0,4.7122,4.6824,0,0,0,0,14.256,7.821,155.48,21.018,109.64,8.955,0,11.347,0,1.1355,0,0,0,0,0,0,0,0,9.0487,0,1.7075,3.3102,0,3.1651,1.1291,0.52333,0,0,0,0,0,0,0,0,0,0,0,0,0,0,0,0,0,0,0,0,0,0,0,0,0,0,0,0,0,0,0,0,0,0,0,0,0,0,0,0,0,11.232
0,0,0,0,0,0,0,0,0,2.4578,0,0,0,0,0,0,30.647,21.018,169.07,9.6599,0,0,22.556,1.6488,2.5802,0,0,0,10.251,21.018,19.915,1.9305,0,1.1878,0,3.7735,3.6039,0,1.4144,0.89641,0.44242,0,0,0,0,0,0,0,0,0,0,0,0,0,0,0,0,0,0.065448,0.068398,0.1218,0,0,0,0,0,0,0,0,0,0,0,0,0,0,0,0,0,0,0,0,0,2.4685
0,0,0,0,0,0,0,0,0,0,10.293,0,0,12.983,55.95,0.97307,0,109.64,9.6599,213.29,8.5293,9.1446,5.1593,3.1335,1.4253,0,0,0,0,0,0,0,0,1.7052,0,0,0,0,0,4.4726,0,0,0,0,0,0,0,0,0,0,0,0.21504,0,0,0,1.4477,0,0.0059673,2.9442,0.25262,8.0405,0,0,0,0,0,0,0,0,0,0,0,0,0,0,0,0,0,0,0,0,0,0
0,0,0,0,0,0,0,0,0,0,0,0,0,0,0,0,0,8.955,0,8.5293,42.229,20.117,21.244,0.43024,0.18679,0,0,0,0,0,0,0,0,0,0,0,0,0,0,0,0,0,0,0,0,0,0,0,0,0,0,0,0,0,0,0,0,0,0,0,0,0,0,0,0,0,0,0,0,0,0,0,0,0,0,0,0,0,0,0,0,0,0
0,0,0,0,0,0,0,0,0,0,0,0,0,0,0,0,0,0,0,9.1446,20.117,44.078,38.545,62.536,0.6369,0,0,0,0,0,0,0,0,0,0,0,0,0,0,0.83453,0,0,0,0,0,0,0,0,0,0,0,0,0,0,0,0,0,0,0,0,0,0,0,0,0,0,0,0,0,0,0,0,0,0,0,0,0,0,0,0,0,0,0
0,0,0,0,0,0,0,0,0,0,0,0,0,0,0,0,0,11.347,22.556,5.1593,21.244,38.545,244.75,9.0076,41.319,0,0,0,7.27,1.1648,0,0,0,0,0,0,0,0,0,1.0169,0,0,0,0,0,0,0,0,0,0,0,0,0,0,0,0,0,0,0,0,0,0,0,0,0,0,0,0,0,0,0,0,0,0,0,0,0,0,0,0,0,0,0
0,0,0,0,0,0,0,0,0,0,0,0,0,0,0.89435,0,0,0,1.6488,3.1335,0.43024,62.536,9.0076,89.222,7.0376,2.3891,0,0,0,0,0,0,0,0,0,0,0,0,0,8.2562,0,0,0,0,0,0,0,0,0,0,0,0,0,0,0,0,0,0,0.1018,0,0.16733,0,0,0,0,0,0,0,0,0,0,0,0,0,0,0,0,0,0,0,0,0,0
0,0,0,0,0,0,0,0,0,0,0,0,0,0,0.10194,0,0.36583,1.1355,2.5802,1.4253,0.18679,0.6369,41.319,7.0376,103.43,5.1252,3.7432,0,26.745,1.5265,0,0,0,0,0,0,0,0.013115,0,15.985,1.142,0,0,0,0,0,0,0,0,0,0,0,0,0,0,0,0,0,0,0,0,0,0,0,0,0,0,0,0,0,0,0,0,0,0,0,0,0,0,0,0,0,0
0,0,0,0,0,0,0,0,0,0,0,0,0,0,1.9455,0,0,0,0,0,0,0,0,2.3891,5.1252,10.684,1.3973,0,0,0,0,0,0,0,0,0,0,0,0,18.907,0,0,0,0,0,0,0,0,0,0,0,0,0,0,0,0,0,0,0,0,0,0,0,0,0,0,0,0,0,0,0,0,0,0,0,0,0,0,0,0,0,0,0
0,0,0,0,0,0,0,0,0,0,0,0,0,0,0,0,0,0,0,0,0,0,0,0,3.7432,1.3973,2.6597,0.8113,0,0,0,0,0,0,0,0,0,0,0,8.629,4.0438,0,0,0,0,0,0,0,0,0,0,0,0,0,0,0,0,0,0,0,0,0,0,0,0,0,0,0,0,0,0,0,0,0,0,0,0,0,0,0,0,0,0
0,0,0,0.12476,0,0,0,0,0,0,0,0,0,0,0,0,0,0,0,0,0,0,0,0,0,0,0.8113,12.222,1.4549,1.2241,0,4.3913,0,0,0,0,0,0.11259,0,0,4.1794,0,0,0,0,0,0,0,0,0,0,0,0,0,0,0,0,0,0,0,0,0,0,0,0,0,0,0,0,0,0,0,0,0,0,0,0,0,0,0,0,0,0
0,0,0,0.095325,0,0,0,0,0,0,0,0,0,0,0,0,2.105,0,10.251,0,0,0,7.27,0,26.745,0,0,1.4549,114.07,29.963,0,4.7572,0,0,0,1.2197,0,0.13842,0,2.9618,1.0261,0,0,0,0,0,0,0,0,0,0,0,0,0,0,0,0,0,0,0,0,0,0,0,0,0,0,0,0,0,0,0,0,0,0,0,0,0,0,0,0,0,0
0,0,0,0.048462,0,0,0,0,0,0,0,0,0,0,0,0,1.6834,0,21.018,0,0,0,1.1648,0,1.5265,0,0,1.2241,29.963,81.83,16.73,29.454,0,0,0,0,0,0,0.0010901,0.61783,0,0,0,0,0,0,0,0,0,0,0,0,0,0,0,0,0,0,0,0,0,0,0,0,0,0,0,0,0,0,0,0,0,0,0,0,0,0,0,0,0,0,0.0036562
0,0,0,0,0,0,0,0,0,0,0,0,0,0,0,0,11.995,0,19.915,0,0,0,0,0,0,0,0,0,0,16.73,18.049,20.159,0,0,0,0,0,0,0,0,0,0,0,0,0,0,0,0,0,0,0,0,0,0,0,0,0,0,0,0,0,0,0,0,0,0,0,0,0,0,0,0,0,0,0,0,0,0,0,0,0,0,0
2.3497,0,0,0.14796,0,0,0.12896,0,0,0,0,0,0,0,0,0,5.5335,0,1.9305,0,0,0,0,0,0,0,0,4.3913,4.7572,29.454,20.159,152.09,5.8535,0.019592,0,1.8119,0.16823,0.089127,0.0077023,0.91076,0.10964,0,0,0,0,0,0,0,0,0,0,0,0,0,0,0,0,0,0,0,0,0,0,0,0,0,0,0,0,0,0,0,0,0,0,0,0,0,0,0,0,0,0.10715
0.0043475,0,0,0.00022259,0,0,0,0,0,0,0,0,0,0,0,0,0.6019,0,0,0,0,0,0,0,0,0,0,0,0,0,0,5.8535,3.2726,0,0,0.037626,0.035127,0,0.0017283,0,0,0,0,0,0,0,0,0,0,0,0,0,0,0,0,0,0,0,0,0,0,0,0,0,0,0,0,0,0,0,0,0,0,0,0,0,0,0,0,0,0,0,0.0056183
0,0,0,0,1.3125,0,12.656,25.526,2.4999,32.153,3.8217,0,0,0,0,4.6902,0.20596,9.0487,1.1878,1.7052,0,0,0,0,0,0,0,0,0,0,0,0.019592,0,23.252,17.911,0.63752,11.506,0,9.5812,17.371,1.1627,0,0,0,0,0,0,0,0,0,0,0,0,0,0,0,0,0,0,0,0,0,0,0,0,0,0,0,0,0,0,0,0,0,1.1764,0,0,0,0,0,0,0,35.581
3.9933,0,0,9.9081,0,0,7.1648,5.1516,0,0,0,2.4287,0,0,0,0,0,0,0,0,0,0,0,0,0,0,0,0,0,0,0,0,0,17.911,3.5862,9.2757,6.5117,8.3026,0.95617,0,0,0,0,0,0,0,0,0,0,0,0,0,0,0,0,0,0,0,0,0,0,0,0,0,0,0,0,0,0,0,0,0,0,0,0,0,0,0,0,0,0,0,0
18.148,3.9047,0,2.7463,9.7769,0.4457,13.192,8.6049,2.8004,13.971,0,0,0,0,0,2.0993,4.9217,1.7075,3.7735,0,0,0,0,0,0,0,0,0,1.2197,0,0,1.8119,0.037626,0.63752,9.2757,24.651,31.999,12.095,0.2428,0.89173,0,0,0,0,0,0,0,0,0,0,0,0,0,0,0,0,0,0,0,0,0,0,0,0,0,0,0,0,0,0,0,0,0,0,0,0,0,0,0,0,0,0,0.13389
0.11344,0,0,0.11854,1.3853,0.046747,4.7718,7.5916,1.7284,12.516,0,0,0,0,0,3.2854,1.4812,3.3102,3.6039,0,0,0,0,0,0,0,0,0,0,0,0,0.16823,0.035127,11.506,6.5117,31.999,19.074,2.0219,6.2346,2.289,7.497,0,0,0,0,0,0,0,0,0,0,0,0,0,0,0,0,0,0,0,0,0,0,0,0,0,0,0,0,0,0,0,0,0,0,0,0,0,0,0,0,0,33.578
8.0585,0,0,13.093,0,0,0.31894,0.033529,0,0,0,1.3942,0,0,0,0,0,0,0,0,0,0,0,0,0.013115,0,0,0.11259,0.13842,0,0,0.089127,0,0,8.3026,12.095,2.0219,9.7555,0,0.050544,0.24687,0,0,0,0,0,0,0,0,0,0,0,0,0,0,0,0,0,0,0,0,0,0,0,0,0,0,0,0,0,0,0,0,0,0,0,0,0,0,0,0,0,0
0,0,0,0,0,0.0011836,1.4796,5.6798,1.1364,10.455,1.9914,0,0,0,0,2.1606,1.4555,3.1651,1.4144,0,0,0,0,0,0,0,0,0,0,0.0010901,0,0.0077023,0.0017283,9.5812,0.95617,0.2428,6.2346,0,1.7987,3.6675,0.47953,0,0,0,0,0,0,0,0,0,0,0,0,0,0,0,0,0,0,0,0,0,0,0,0,0,0,0,0,0,0,0,0,0,0,0,0,0,0,0,0,0,29.739
0.093343,0,0,0.00080538,0,0,0.0033099,0,0,0.4139,0,0,0,0,5.9506,0,0.58984,1.1291,0.89641,4.4726,0,0.83453,1.0169,8.2562,15.985,18.907,8.629,0,2.9618,0.61783,0,0.91076,0,17.371,0,0.89173,2.289,0.050544,3.6675,63.063,5.0443,0,0,0,0,0,0,0,0,0,0,0,0,0,0,0,0,0,0,0,0,0,0,0,0,0,0,0,0,0,0,0,0,0,0,0,0,0,0,0,0,0,5.7456
0,0,0,0,0,0,0,0,0,0.28451,0,0,0,0,0,0,0.26488,0.52333,0.44242,0,0,0,0,0,1.142,0,4.0438,4.1794,1.0261,0,0,0.10964,0,1.1627,0,0,7.497,0.24687,0.47953,5.0443,9.2597,0,0,0,0,0,0,0,0,0,0,0,0,0,0,0,0,0,0,0,0,0,0,0,0,0,0,0,0,0,0,0,0,0,0,0,0,0,0,0,0,0,0.33618
0,0,0,0,0,0,0,0,0,0,0,0,0,0,0,0,0,0,0,0,0,0,0,0,0,0,0,0,0,0,0,0,0,0,0,0,0,0,0,0,0,72.086,8.8345,0.056961,16.651,5.1014,0,12.847,0.50604,0.00062961,0,0,0,0,0,0,0,0.081005,0,0,0,0,0,0,0.0041062,0.12166,0,0,0,0.42959,0,0,2.0833,0,0.59543,3.4601,16.308,1.2594,2.2405,0,0,0,0
0,0,0,0,0,0,0,0,0,0,0,0,0,0,0,0,0,0,0,0,0,0,0,0,0,0,0,0,0,0,0,0,0,0,0,0,0,0,0,0,0,8.8345,13.068,0,0,9.2137,0,3.6358,0,0,0,0,0,0,0,0,0,0,0,0,0,0,0,0,0,0,0,0,0,0,0,0,0,0,0,0.18091,1.889,0,0.0065172,0,0,0,0
0,0,0,0,0,0,0,0,0,0,0,0,0,0,0,0,0,0,0,0,0,0,0,0,0,0,0,0,0,0,0,0,0,0,0,0,0,0,0,0,0,0.056961,0,0.87629,4.3603,0,0,1.2854,1.074,0,0,0,0,0,0,0,0,0,0,0,0,0,0,0,0,0,0,0,0,0,0,0,0,0,0,0,0,0,0,0,0,0,0
0,0,0,1.8914,0,0,1.0603,0.78338,0,0,0,0.80448,0,0,0,0,0,0,0,0,0,0,0,0,0,0,0,0,0,0,0,0,0,0,0,0,0,0,0,0,0,16.651,0,4.3603,38.54,0,0,7.5801,4.3055,0,0,0,6.6894,0,0,0,0,0,0,0,0,0,0,0,0,0,0,0,0,0,0,0,0.17946,0,0,7.1831,4.2774,0,6.3829,0,0,0,0
0,0,0,0,0,0,0,0,0,0,0,0,0,0,0,0,0,0,0,0,0,0,0,0,0,0,0,0,0,0,0,0,0,0,0,0,0,0,0,0,0,5.1014,9.2137,0,0,38.38,9.7383,24.434,0.94542,0.017951,0,0,0,0,0,0,0,0,0,0,0,0,0,0.0099396,0,0,0,0,0,0,0,0,0,0,2.4751,1.0989,6.6559,1.9516,0,0.28732,0,0.00017248,0.06267
0,0,0,0,0,0,0,0,0,0,0,0,0,0,0,0,0,0,0,0,0,0,0,0,0,0,0,0,0,0,0,0,0,0,0,0,0,0,0,0,0,0,0,0,0,9.7383,63.591,17.042,3.3295,7.3081,17.836,0,0,0,0,0,0,0,0,0,0,0,0,0,0,0,0,0,0,0,0,0,0,0,0.16714,0.1833,1.4803,0.3588,0,0.0074564,0,0,0
0,0,0,0,0,0,5.6899,7.347,0,0,0,0,0,0,0,0,0,0,0,0,0,0,0,0,0,0,0,0,0,0,0,0,0,0,0,0,0,0,0,0,0,12.847,3.6358,1.2854,7.5801,24.434,17.042,293.97,66.998,33.553,0.78704,0,0,0,0,0,0,0,0,0,0,0,0,0.020316,0,0.016215,0,0,0,0.020044,0,0,0.25014,0,11.689,7.0219,9.5125,6.2667,0.25037,1.1034,0.006142,0,0
0,0,0,0,0,0,4.4162,37.936,0.0358,0,0,0.50379,8.8126,5.6585,0,0,0,0,0,0,0,0,0,0,0,0,0,0,0,0,0,0,0,0,0,0,0,0,0,0,0,0.50604,0,1.074,4.3055,0.94542,3.3295,66.998,492.03,12.757,16.025,15.323,10.66,49.005,30.198,0,0,0,0.030731,0.0060908,0.045095,0,0,0.0058209,0,0,0,0,0,0.00011911,0,0,0.025518,0.00021782,17.953,1.6374,9.1937,9.963,0.04348,4.6169,0.057283,0,6.8243
0,0,0,0,0,0,0,0,0,0,0,0,0,0,0,0,0,0,0,0,0,0,0,0,0,0,0,0,0,0,0,0,0,0,0,0,0,0,0,0,0,0.00062961,0,0,0,0.017951,7.3081,33.553,12.757,128.46,35.657,0,0,0,0,0,0,0,0,0,0,0,0,0,0,0,0,0,0,0,0,0,0,0,0,0,5.2393,5.4098,0,0,0,0,0
0,0,0,0,0,0,0,0,0,0.11336,0,0,0,0,0,0,0,0,0,0,0,0,0,0,0,0,0,0,0,0,0,0,0,0,0,0,0,0,0,0,0,0,0,0,0,0,17.836,0.78704,16.025,35.657,258.82,30.623,0,0,0,0,27.544,7.5178,4.0935,0,0,0,0,0.0033673,0,0,0,0,0,0,0,0,0.67726,0,20.697,0,20.432,19.975,0,5.2216,0.70868,0,26.396
0,0,0,0,0,0,0,0,0,0.053862,0.53671,0,0,0.82893,0.010112,0,0,0,0,0.21504,0,0,0,0,0,0,0,0,0,0,0,0,0,0,0,0,0,0,0,0,0,0,0,0,0,0,0,0,15.323,0,30.623,29.106,0,0,13.152,0,8.6187,0,2.7072,0,1.697,0,0,0,0,0,0,0,0,0,0,0,0,0,1.8056,0,0,0,0,0.37559,0,0,0.89267
0,0,0,0,0,0,0.091688,0.18309,0,0,0,1.0095,0.36824,0,0,0,0,0,0,0,0,0,0,0,0,0,0,0,0,0,0,0,0,0,0,0,0,0,0,0,0,0,0,0,6.6894,0,0,0,10.66,0,0,0,9.522,3.8214,0,0,0,0,0,0,0,0,0,0,0,0,0,0,0,0,0,0,0,0,0,0,0,0,2.7946,0,0,0,0
0,0,0,0,0,0,0.19057,1.772,0,0,0,0.085572,5.2382,0.88466,0,0,0,0,0,0,0,0,0,0,0,0,0,0,0,0,0,0,0,0,0,0,0,0,0,0,0,0,0,0,0,0,0,0,49.005,0,0,0,3.8214,26.78,8.2221,0,0,0,0,0,0,0,0,0,0,0,0,0,0,0,0,0,0,0,0,0,0,0,0,0,0,0,0
0,0,0,0,0,0,0,0,0,0,0,0,0.31938,9.0668,0.39772,0,0,0,0,0,0,0,0,0,0,0,0,0,0,0,0,0,0,0,0,0,0,0,0,0,0,0,0,0,0,0,0,0,30.198,0,0,13.152,0,8.2221,54.53,8.8532,0,0,0,0,13.148,0,0,0,0,0,0,0,0,0,0,0,0,0,0,0,0,0,0,0,0,0,0
0,0,0,0,0,0,0,0,0,0,0,0,0,0,4.3702,0,0,0,0,1.4477,0,0,0,0,0,0,0,0,0,0,0,0,0,0,0,0,0,0,0,0,0,0,0,0,0,0,0,0,0,0,0,0,0,0,8.8532,19.582,0,0,0,0,30.474,0,0,0,1.4957,0,1.4168,0,0,0,0,0,0,0,0,0,0,0,0,0,2.6233,0,0
0,0,0,0,0,0,0,0,0,0,0,0,0,0,0,0,0,0,0,0,0,0,0,0,0,0,0,0,0,0,0,0,0,0,0,0,0,0,0,0,0,0,0,0,0,0,0,0,0,0,27.544,8.6187,0,0,0,0,129.22,27.74,11.873,0.70631,0.90957,0,0,0,0,0,0,0,0,0,0,0,0,0,3.1425,0,5.4123,2.9773,0,0,0,0,4.5579
0,0,0,0,0,0,0,0,0,0,0.0024276,0,0,0,0,0,0,0,0,0.0059673,0,0,0,0,0,0,0,0,0,0,0,0,0,0,0,0,0,0,0,0,0,0.081005,0,0,0,0,0,0,0,0,7.5178,0,0,0,0,0,27.74,170.57,15.703,24.711,0.17939,0,0,0,0,0,0,0,0,1.7076,2.601,11.905,7.1099,0.93082,0.34132,0,0,0,0,0.086859,0,0.052464,0.521
0,0,0,0,0,0,0,0,0,0,0.43184,0,0,0,1.3253,0,0,0,0.065448,2.9442,0,0,0,0.1018,0,0,0,0,0,0,0,0,0,0,0,0,0,0,0,0,0,0,0,0,0,0,0,0,0.030731,0,4.0935,2.7072,0,0,0,0,11.873,15.703,165.6,31.955,46.743,14.142,3.9601,11.877,0,0,0,0,0,0,0,0,2.128,1.1872,8.6827,0,5.9639,5.6219,0,3.482,2.872,0,11.19
0,0,0,0,0,0,0,0,0,0,0,0,0,0,0.090758,0,0,0,0.068398,0.25262,0,0,0,0,0,0,0,0,0,0,0,0,0,0,0,0,0,0,0,0,0,0,0,0,0,0,0,0,0.0060908,0,0,0,0,0,0,0,0.70631,24.711,31.955,210.45,0,0,0,38.107,0,0,0,0,0,8.5024,16.463,15.652,3.4076,0,1.0485,0.00064969,0,0,0,2.0993,0.64544,0.43451,1.1399
0,0,0,0,0,0,0,0,0,0,0.56514,0,0,0,1.5078,0,0,0,0.1218,8.0405,0,0,0,0.16733,0,0,0,0,0,0,0,0,0,0,0,0,0,0,0,0,0,0,0,0,0,0,0,0,0.045095,0,0,1.697,0,0,13.148,30.474,0.90957,0.17939,46.743,0,83.208,3.0186,1.6774,1.2343,2.7565,0,0,0,0,0,0,0,0.1036,0.091276,0.98045,0,0,0,0,0,2.1756,0,0.29111
0,0,0,0,0,0,0,0,0,0,0,0,0,0,0,0,0,0,0,0,0,0,0,0,0,0,0,0,0,0,0,0,0,0,0,0,0,0,0,0,0,0,0,0,0,0,0,0,0,0,0,0,0,0,0,0,0,0,14.142,0,3.0186,17.56,19.801,11.63,0,0.02162,0,0,0,0,0,0,0,0,0,0,0,0,0,0,0,0,0
0,0,0,0,0,0,0,0,0,0,0,0,0,0,0,0,0,0,0,0,0,0,0,0,0,0,0,0,0,0,0,0,0,0,0,0,0,0,0,0,0,0,0,0,0,0,0,0,0,0,0,0,0,0,0,0,0,0,3.9601,0,1.6774,19.801,17.618,20.575,32.241,1.3679,0,0,0,0.15715,0.45895,0,0.3699,0,0,0,0,0,0,0,0.53879,0,0
0,0,0,0,0,0,0,0,0,0,0,0,0,0,0,0,0,0,0,0,0,0,0,0,0,0,0,0,0,0,0,0,0,0,0,0,0,0,0,0,0,0,0,0,0,0.0099396,0,0.020316,0.0058209,0,0.0033673,0,0,0,0,0,0,0,11.877,38.107,1.2343,11.63,20.575,340.53,8.894,31.506,0.010592,0,0,21.735,7.1749,0,1.3931,0,0.60878,0.001289,0,0,0,1.1588,0.60097,0.26543,0.14466
0,0,0,0,0,0,0,0,0,0,0,0,0,0,0,0,0,0,0,0,0,0,0,0,0,0,0,0,0,0,0,0,0,0,0,0,0,0,0,0,0,0.0041062,0,0,0,0,0,0,0,0,0,0,0,0,0,1.4957,0,0,0,0,2.7565,0,32.241,8.894,54.27,6.9438,5.0804,0,0,0.83338,0.14917,0,0.24482,0,0,0,0,0,0,0,7.2846,0,0
0,0,0,0,0,0,0,0,0,0,0,0,0,0,0,0,0,0,0,0,0,0,0,0,0,0,0,0,0,0,0,0,0,0,0,0,0,0,0,0,0,0.12166,0,0,0,0,0,0.016215,0,0,0,0,0,0,0,0,0,0,0,0,0,0.02162,1.3679,31.506,6.9438,128.81,5.3467,2.9086,0.70021,34.196,3.2801,0,2.547,0,0.21228,0,0,0,0,0.040641,11.619,2.2418,0.030011
0,0,0,0,0,0,0,0,0,0,0,0,0,0,0,0,0,0,0,0,0,0,0,0,0,0,0,0,0,0,0,0,0,0,0,0,0,0,0,0,0,0,0,0,0,0,0,0,0,0,0,0,0,0,0,1.4168,0,0,0,0,0,0,0,0.010592,5.0804,5.3467,14.523,1.1084,0,0.09223,0,0,0,0,0,0,0,0,0,0,31.291,0,0
0,0,0,0,0,0,0,0,0,0,0,0,0,0,0,0,0,0,0,0,0,0,0,0,0,0,0,0,0,0,0,0,0,0,0,0,0,0,0,0,0,0,0,0,0,0,0,0,0,0,0,0,0,0,0,0,0,0,0,0,0,0,0,0,0,2.9086,1.1084,2.1964,0.64093,0.11423,0,0,0,0,0,0,0,0,0,0,10.393,3.1655,0
0,0,0,0,0,0,0,0,0,0,0,0,0,0,0,0,0,0,0,0,0,0,0,0,0,0,0,0,0,0,0,0,0,0,0,0,0,0,0,0,0,0,0,0,0,0,0,0,0,0,0,0,0,0,0,0,0,0,0,0,0,0,0,0,0,0.70021,0,0.64093,13.081,0.69829,2.5622,0,3.7007,0,0,0,0,0,0,0,0.22144,2.8327,0
0,0,0,0,0,0,0,0,0,0,0,0,0,0,0,0,0,0,0,0,0,0,0,0,0,0,0,0,0,0,0,0,0,0,0,0,0,0,0,0,0,0.42959,0,0,0,0,0,0.020044,0.00011911,0,0,0,0,0,0,0,0,1.7076,0,8.5024,0,0,0.15715,21.735,0.83338,34.196,0.09223,0.11423,0.69829,162.81,60.271,6.6246,9.2579,0,0.10541,0,0,0,0,0.042616,1.4747,0.17791,0.016728
0,0,0,0,0,0,0,0,0,0,0,0,0,0,0,0,0,0,0,0,0,0,0,0,0,0,0,0,0,0,0,0,0,0,0,0,0,0,0,0,0,0,0,0,0,0,0,0,0,0,0,0,0,0,0,0,0,2.601,0,16.463,0,0,0.45895,7.1749,0.14917,3.2801,0,0,2.5622,60.271,142.57,34.124,47.415,0,0.068829,0,0.81142,0,0,0.062417,0.42998,0.41576,0.024647
0,0,0,0,0,0,0,0,0,0,0,0,0,0,0,0,0,0,0,0,0,0,0,0,0,0,0,0,0,0,0,0,0,0,0,0,0,0,0,0,0,0,0,0,0,0,0,0,0,0,0,0,0,0,0,0,0,11.905,0,15.652,0,0,0,0,0,0,0,0,0,6.6246,34.124,22.928,30.396,0.14545,0,0,0,0,0,0,0,0,0
0,0,0,0,0,0,0,0,0,0,0,0,0,0,0,0,0,0,0,0,0,0,0,0,0,0,0,0,0,0,0,0,0,0,0,0,0,0,0,0,0,2.0833,0,0,0.17946,0,0,0.25014,0.025518,0,0.67726,0,0,0,0,0,0,7.1099,2.128,3.4076,0.1036,0,0.3699,1.3931,0.24482,2.547,0,0,3.7007,9.2579,47.415,30.396,183.86,9.5891,0.25382,0,3.4941,0.85687,0.020138,0.27381,1.2378,1.2602,0.62433
0,0,0,0,0,0,0,0,0,0,0,0,0,0,0,0,0,0,0,0,0,0,0,0,0,0,0,0,0,0,0,0,0,0,0,0,0,0,0,0,0,0,0,0,0,0,0,0,0.00021782,0,0,0,0,0,0,0,0,0.93082,1.1872,0,0.091276,0,0,0,0,0,0,0,0,0,0,0.14545,9.5891,9.183,0.015053,0,0.98605,1.3078,0,0.12831,0.069355,0,0.21851
0,0,0,0,0,0,0,0,0,0,0,0,0,0,0,0,0,0,0,0,0,0,0,0,0,0,0,0,0,0,0,0,0,1.1764,0,0,0,0,0,0,0,0.59543,0,0,0,2.4751,0.16714,11.689,17.953,0,20.697,1.8056,0,0,0,0,3.1425,0.34132,8.6827,1.0485,0.98045,0,0,0.60878,0,0.21228,0,0,0,0.10541,0.068829,0,0.25382,0.015053,19.067,5.3671,0,15.846,0,6.0511,26.624,0,15.441
0,0,0,0,0,0,0,0,0,0,0,0,0,0,0,0,0,0,0,0,0,0,0,0,0,0,0,0,0,0,0,0,0,0,0,0,0,0,0,0,0,3.4601,0.18091,0,7.1831,1.0989,0.1833,7.0219,1.6374,0,0,0,0,0,0,0,0,0,0,0.00064969,0,0,0,0.001289,0,0,0,0,0,0,0,0,0,0,5.3671,6.2298,3.973,3.2762,3.6093,0.20623,0,0,0
0,0,0,0,0,0,0,0,0,0,0,0,0,0,0,0,0,0,0,0,0,0,0,0,0,0,0,0,0,0,0,0,0,0,0,0,0,0,0,0,0,16.308,1.889,0,4.2774,6.6559,1.4803,9.5125,9.1937,5.2393,20.432,0,0,0,0,0,5.4123,0,5.9639,0,0,0,0,0,0,0,0,0,0,0,0.81142,0,3.4941,0.98605,0,3.973,14.101,51.366,9.2795,0,0,0.89026,0
0,0,0,0,0,0,0,0,0,0,0,0,0,0,0,0,0,0,0,0,0,0,0,0,0,0,0,0,0,0,0,0,0,0,0,0,0,0,0,0,0,1.2594,0,0,0,1.9516,0.3588,6.2667,9.963,5.4098,19.975,0,0,0,0,0,2.9773,0,5.6219,0,0,0,0,0,0,0,0,0,0,0,0,0,0.85687,1.3078,15.846,3.2762,51.366,28.404,2.8884,7.3825,6.4831,6.4532,39.78
0,0,0,0,0,0,0,0,0,0,0,0,0,0,0,0,0,0,0,0,0,0,0,0,0,0,0,0,0,0,0,0,0,0,0,0,0,0,0,0,0,2.2405,0.0065172,0,6.3829,0,0,0.25037,0.04348,0,0,0,2.7946,0,0,0,0,0,0,0,0,0,0,0,0,0,0,0,0,0,0,0,0.020138,0,0,3.6093,9.2795,2.8884,5.8079,0,0,0,0
0,0,0,0,0,0,0,0,0,0,0,0,0,0,0,0,0,0,0,0,0,0,0,0,0,0,0,0,0,0,0,0,0,0,0,0,0,0,0,0,0,0,0,0,0,0.28732,0.0074564,1.1034,4.6169,0,5.2216,0.37559,0,0,0,0,0,0.086859,3.482,2.0993,0,0,0,1.1588,0,0.040641,0,0,0,0.042616,0.062417,0,0.27381,0.12831,6.0511,0.20623,0,7.3825,0,1.2631,1.5698,0.38806,21
0,0,0,0,0,0,0,0,0,0,0,0,0,0,0,0,0,0,0,0,0,0,0,0,0,0,0,0,0,0,0,0,0,0,0,0,0,0,0,0,0,0,0,0,0,0,0,0.006142,0.057283,0,0.70868,0,0,0,0,2.6233,0,0,2.872,0.64544,2.1756,0,0.53879,0.60097,7.2846,11.619,31.291,10.393,0.22144,1.4747,0.42998,0,1.2378,0.069355,26.624,0,0,6.4831,0,1.5698,49.969,4.7704,2.152
0,0,0,0,0,0,0,0,0,0,0,0,0,0,0,0,0,0,0,0,0,0,0,0,0,0,0,0,0,0,0,0,0,0,0,0,0,0,0,0,0,0,0,0,0,0.00017248,0,0,0,0,0,0,0,0,0,0,0,0.052464,0,0.43451,0,0,0,0.26543,0,2.2418,0,3.1655,2.8327,0.17791,0.41576,0,1.2602,0,0,0,0.89026,6.4532,0,0.38806,4.7704,10.038,0.066833
0,0,0,0,0,0.0031857,1.4886,0,1.6367,28.832,1.982,0,0,0,0,6.6925,1.6996,11.232,2.4685,0,0,0,0,0,0,0,0,0,0,0.0036562,0,0.10715,0.0056183,35.581,0,0.13389,33.578,0,29.739,5.7456,0.33618,0,0,0,0,0.06267,0,0,6.8243,0,26.396,0.89267,0,0,0,0,4.5579,0.521,11.19,1.1399,0.29111,0,0,0.14466,0,0.030011,0,0,0,0.016728,0.024647,0,0.62433,0.21851,15.441,0,0,39.78,0,21,2.152,0.066833,0
