92.006,9.5843,1.3764,22.348,6.7127,0,5.0815,0,0,0,0,0,0,0,0,0,0,0,0,0,0,0,0,0,0,0,0,0.20786,0,0,0,2.5828,0,0,3.3691,15.323,0,8.3835,0,0,0,0,0,0,0.16625,0,0,0,0,0,0,0,0,0,0,0,0,0,0,0,0,0,0,0,0,0,0,0,0,0,0,0,0,0,0,0,0,0,0,0,0,0,0
9.5843,11.243,0,0,8.4942,0,12.306,0,0,0,0,0,0,0,0,0,0,0.009055,0.057108,0.00016426,0.00012754,0,0.13533,0,0.012108,0,0,0.040545,0,0.051837,0,0.37365,0,0.91788,1.0915,3.2497,0.66569,0.10252,0,0,0,0,0,0,0.015621,0,0,0,0.055729,0,0,0,0,0,0,0,0,0,0,0,0,0,0,0,0,0,0,0,0,0,0,0,0,0,0,0,0,0,0,0,0,0,0.077034
1.3764,0,0.95078,8.2996,0,0,1.4583,0.62648,0,0,0,0,0,0,0,0,0,0,0,0,0,0,0,0,0,0,0,0,0,0,0,0,0,0,0,0,0,0.23907,0,0,0,0,0,0,0.20801,0,0,0,0,0,0,0,0,0,0,0,0,0,0,0,0,0,0,0,0,0,0,0,0,0,0,0,0,0,0,0,0,0,0,0,0,0,0
22.348,0,8.2996,35.332,0,0,10.541,4.9782,0,0,0,3.9683,0.010942,0,0,0,0,0,0,0,0,0,0,0,0,0,0,0,0,0,0,0,0,0,0,0,0,14.842,0,0,0,0,0,0,1.8023,0,0,0,0.43195,0,0,0,0,0,0,0,0,0,0,0,0,0,0,0,0,0,0,0,0,0,0,0,0,0,0,0,0,0,0,0,0,0,0
6.7127,8.4942,0,0,41.642,8.7682,21.667,1.5042,0,0,0,0,0,0,0,0,0,0.074089,0.12624,0.0007636,0,0.035007,0.015347,0.071154,0,0,0,0.0075374,0,0.014714,0,0.41687,0,1.1296,0,7.3291,1.2458,0,0.29233,0,0,0,0,0,0,0,0,0,0,0,0,0,0,0,0,0,0,0,0,0,0,0,0,0,0,0,0,0,0,0,0,0,0,0,0,0,0,0,0,0,0,0,0.11861
0,0,0,0,8.7682,64.303,12.83,2.0631,6.5033,11.698,0,0,0,0,0,0,0.8249,0.040023,0,0,0,0,0,0,0,0,0,0,0.0033254,0.0015453,0.054428,0.050938,0,0,0,0.41273,0,0,0,0,0,0,0,0,0,0,0,0,0,0,0,0,0,0,0,0,0,0,0,0,0,0,0,0,0,0,0,0,0,0,0,0,0,0,0,0,0,0,0,0,0,0,0
5.0815,12.306,1.4583,10.541,21.667,12.83,307.81,79.539,26.943,0,0,1.1176,4.5527,0,0,0,0,0,0.13643,0,0,0,0.031176,0.025883,0.02662,0,0,0.014177,0,0.041621,0,0.12457,0,11.597,4.6505,10.163,4.2834,0.29235,1.3622,0,0,0,0.0077158,0,1.0796,0,0,5.3175,4.6863,0,0,0,0,0,0,0,0,0.00010563,0,0,0,0,0,0,0,0,0,0,0,0,0,0,0,0,0,0,0,0,0,0,0,0,1.4931
0,0,0.62648,4.9782,1.5042,2.0631,79.539,452.47,16.711,22.077,18.082,13.67,44.253,42.434,0.059292,0,0,0,0,0,0,0,0,0,0,0,0,0,0,0,0,0,0,26.912,3.1385,7.5628,7.9834,0.036839,6.2551,0.022375,0,0,0,0,0.77573,0,0,7.2377,39.982,0,0,0,0,1.6901,1.1181,0,0,0,0,0,0,0,0,0,0,0,0,0,0,0,0,0,0,0,0,0,0,0,0,0,0,0,13.825
0,0,0,0,0,6.5033,26.943,16.711,134.8,35.473,0,0,0,0,0,0,0,0,0,0,0,0,0,0,0,0,0,0,0,0,0,0,0,1.8758,0,2.1769,1.401,0,0,0,0,0,0,0,0,0,0,0,0,0,0,0,0,0,0,0,0,0,0,0,0,0,0,0,0,0,0,0,0,0,0,0,0,0,0,0,0,0,0,0,0,0,0
0,0,0,0,0,11.698,0,22.077,35.473,294.28,58.419,0,0,16.218,0.18114,37.212,13.306,4.7726,2.2706,0,0,0,0,0,0,0,0,0,0.57461,0.10794,1.1953,0.47812,0,32.195,0,14.438,14.952,0,10.911,0,0,0,0,0,0,0,0,0,0,0,0.15082,0.072137,0,0,0.30244,0,0,0,0,0,0,0,0,0,0,0,0,0,0,0,0,0,0,0,0,0,0,0,0,0,0,0,29.9
0,0,0,0,0,0,0,18.082,0,58.419,77.011,0,0,22.074,3.2507,10.698,0.088755,0,0,7.2275,0,0,0,0,0,0,0,0,0,0,0,0.00027433,0,4.2924,0,0.19775,0.41706,0,2.0367,0,0,0,0,0,0,0,0,0,0,0,0.34618,0.63132,0,0,0.31066,0,0.21015,0,0.5127,0,0,0,0,0,0,0,0,0,0,0,0,0,0,0,0,0,0,0,0,0,0,0,2.2164
0,0,0,3.9683,0,0,1.1176,13.67,0,0,0,9.6708,4.8408,0,0,0,0,0,0,0,0,0,0,0,0,0,0,0,0,0,0,0,0,0,0,0,0,1.4505,0,0,0,0,0,0,0.76205,0,0,0.63376,0.48619,0,0,0,1.5358,0,0,0,0,0,0,0,0,0,0,0,0,0,0,0,0,0,0,0,0,0,0,0,0,0,0,0,0,0,0
0,0,0,0.010942,0,0,4.5527,44.253,0,0,0,4.8408,27.318,9.9587,0.013595,0,0,0,0,0,0,0,0,0,0,0,0,0,0,0,0,0,0,0,0,0,0,0,0,0,0,0,0,0,0,0,0,2.1038,7.9461,0,0,0,0.48368,4.2137,0,0,0,0,0,0,0,0,0,0,0,0,0,0,0,0,0,0,0,0,0,0,0,0,0,0,0,0,0
0,0,0,0,0,0,0,42.434,0,16.218,22.074,0,9.9587,75.387,12.293,0,0,0,0,10.897,0,0,0,0,0,0,0,0,0,0,0,0,0,0,0,0,0,0,0,0,0,0,0,0,0,0,0,0,5.537,0,1.618,1.0492,0,0.74571,9.9742,0,0.092879,0,0,0,0,0,0,0,0,0,0,0,0,0,0,0,0,0,0,0,0,0,0,0,0,0,0
0,0,0,0,0,0,0,0.059292,0,0.18114,3.2507,0,0.013595,12.293,32.212,0,0,17.547,0.2275,47.363,0,0,0,2.5504,0.28399,3.0644,0.00879,0,0.016978,0,0,0.026209,0.060306,1.3897,0,0.14074,0.17377,0.0062276,0.60862,5.3552,0.011777,0,0,0,0,0,0,0,0,0,0,0,0,0,0.63434,6.1722,0.00088429,0,1.8412,0.19044,1.5056,0,0,0.23553,0,0,0,0,0,0,0,0,0,0,0,0,0,0,0,0,0,0,1.0534
0,0,0,0,0,0,0,0,0,37.212,10.698,0,0,0,0,149.49,34.64,15.435,0,1.3904,0,0,0,0,0,0,0,0,0,0,0.027991,0.0055004,0,0,0,2.9692,3.399,0,0,0,0,0,0,0,0,0,0,0,0,0,0,0,0,0,0,0,0,0,0,0,0,0,0,0,0,0,0,0,0,0,0,0,0,0,0,0,0,0,0,0,0,0,6.7514
0,0,0,0,0,0.8249,0,0,0,13.306,0.088755,0,0,0,0,34.64,147.04,8.2307,34.168,1.4254,0,0,0,0,0,0,0,0,0,2.211,18.723,7.2713,0.67778,0,0,0,0,0,0,0,0,0,0,0,0,0,0,0,0,0,0,0,0,0,0,0,0,0,0,0,0,0,0,0,0,0,0,0,0,0,0,0,0,0,0,0,0,0,0,0,0,0,0
0,0.009055,0,0,0.074089,0.040023,0,0,0,4.7726,0,0,0,0,17.547,15.435,8.2307,253.49,32.77,155.38,10.237,1.9831,13.366,0.11949,0,0,0,0,0.6128,0.46602,1.0103,0.7227,0.12413,8.2451,0,1.6776,3.0338,0,0,0,0,0,0,0,0,0,0,0,0,0,0,0,0,0,0,0.27668,0,0,0,0.51196,0,0,0,0.56968,0,0,0,0,0,0,0,0,0,0,0,0,0,0,0,0,0,0,0
0,0.057108,0,0,0.12624,0,0.13643,0,0,2.2706,0,0,0,0,0.2275,0,34.168,32.77,261.36,12.217,0,0.68468,39.982,2.5615,2.2402,0,0,0,11.055,27.553,22.042,2.8482,0,1.2706,0,4.2249,3.7471,0,0,0,0,0,0,0,0,0,0,0,0,0,0,0,0,0,0,0,0,0,0,0,0,0,0,0.024815,0,0,0,0,0,0,0,0,0,0,0,0,0,0,0,0,0,0,0
0,0.00016426,0,0,0.0007636,0,0,0,0,0,7.2275,0,0,10.897,47.363,1.3904,1.4254,155.38,12.217,205.86,6.6713,6.1873,8.4694,1.9561,0,0.49322,0,0,0,0.10795,0,0.97432,0.16128,1.6353,0,0.52252,0.46278,0.017136,1.4083,2.9156,0,0,0,0,0,0,0,0,0,0,0,0,0,0,0,1.5275,0,0,4.2794,0.47846,11.29,0.33184,0,0.88988,0,0,0,0,0,0,0,0,0,0,0,0,0,0,0,0,0,0,0.85014
0,0.00012754,0,0,0,0,0,0,0,0,0,0,0,0,0,0,0,10.237,0,6.6713,59.988,41.536,21.9,0.39033,0,0,0,0,0,0,0,0.002569,0,0,0,0,0.0049984,0,0,0,0,0,0,0,0,0,0,0,0,0,0,0,0,0,0,0.0011739,0,0,0,0,0,0,0,0,0,0,0,0,0,0,0,0,0,0,0,0,0,0,0,0,0,0,0
0,0,0,0,0.035007,0,0,0,0,0,0,0,0,0,0,0,0,1.9831,0.68468,6.1873,41.536,49.933,47.541,53.726,0.76595,0,0,0,0.75892,1.5734,0,0.39764,0,0,0,0,0,0,0,0.39686,0,0,0,0,0,0,0,0,0,0,0,0,0,0,0,0,0,0,0,0,0,0,0,0,0,0,0,0,0,0,0,0,0,0,0,0,0,0,0,0,0,0,0
0,0.13533,0,0,0.015347,0,0.031176,0,0,0,0,0,0,0,0,0,0,13.366,39.982,8.4694,21.9,47.541,265.05,17.187,27.028,0,0,0,11.744,2.9243,0.30809,0.73527,0,0,0,0.93305,0.40249,0,0,0,0,0,0,0,0,0,0,0,0,0,0,0,0,0,0,0.026972,0,0,0.30721,0.043971,0,0.051623,0,1.1864,0,0,0,0,0,0,0,0,0,0,0,0,0,0,0,0,0,0,0
0,0,0,0,0.071154,0,0.025883,0,0,0,0,0,0,0,2.5504,0,0,0.11949,2.5615,1.9561,0.39033,53.726,17.187,83.057,5.2856,5.8608,0,0,0.77557,0.70956,0,0.28619,0,0,0,0,0,0,0,5.8047,0,0,0,0,0,0,0,0,0,0,0,0,0,0,0,0.018994,0,0,0,0,0,0,0,0,0,0,0,0,0,0,0,0,0,0,0,0,0,0,0,0,0,0,0
0,0.012108,0,0,0,0,0.02662,0,0,0,0,0,0,0,0.28399,0,0,0,2.2402,0,0,0.76595,27.028,5.2856,55.453,2.6725,2.1753,0,20.291,2.0239,0.21111,0.53348,0,0,0,0.37894,0.45078,0,0,8.3157,1.3605,0,0,0,0,0,0,0,0,0,0,0,0,0,0,0,0,0,0,0,0,0,0,0,0,0,0,0,0,0,0,0,0,0,0,0,0,0,0,0,0,0,0
0,0,0,0,0,0,0,0,0,0,0,0,0,0,3.0644,0,0,0,0,0.49322,0,0,0,5.8608,2.6725,12.922,1.4154,0,0.20481,0.00020121,0,0,0,0,0,0,0,0,0,24.042,0.02495,0,0,0,0,0,0,0,0,0,0,0,0,0,0,0,0,0,0,0,0,0,0,0,0,0,0,0,0,0,0,0,0,0,0,0,0,0,0,0,0,0,0
0,0,0,0,0,0,0,0,0,0,0,0,0,0,0.00879,0,0,0,0,0,0,0,0,0,2.1753,1.4154,2.3233,0.50843,0,0,0,0,0,0,0,0.27353,0.13355,0,0,9.0187,4.0053,0,0,0,0,0,0,0,0,0,0,0,0,0,0,0,0,0,0.00069359,0,0,0,0,0,0,0,0,0,0,0,0,0,0,0,0,0,0,0,0,0,0,0,0.00013123
0.20786,0.040545,0,0,0.0075374,0,0.014177,0,0,0,0,0,0,0,0,0,0,0,0,0,0,0,0,0,0,0,0.50843,7.217,1.2238,0.76549,0,3.4123,0,0,0,1.0161,0.72765,0,0,0,3.4067,0,0,0,0,0,0,0,0,0,0,0,0,0,0,0,0,0,0,0,0,0,0,0,0,0,0,0,0,0,0,0,0,0,0,0,0,0,0,0,0,0,0
0,0,0,0,0,0.0033254,0,0,0,0.57461,0,0,0,0,0.016978,0,0,0.6128,11.055,0,0,0.75892,11.744,0.77557,20.291,0.20481,0,1.2238,179.71,44.726,0,1.4538,0,0,0,1.01,0.37965,0,0,2.3969,0,0,0,0,0,0,0,0,0,0,0,0,0,0,0,0.0004874,0,0,0.010257,0.00084249,0,0,0,0.0026138,0,0,0,0,0,0,0,0,0,0,0,0,0,0,0,0,0,0,0.033999
0,0.051837,0,0,0.014714,0.0015453,0.041621,0,0,0.10794,0,0,0,0,0,0,2.211,0.46602,27.553,0.10795,0,1.5734,2.9243,0.70956,2.0239,0.00020121,0,0.76549,44.726,156.62,32.647,27.616,0,0,0,0.56338,0.10523,0,0,0.59714,0,0,0,0,0,0,0,0,0,0,0,0,0,0,0,0,0,0,0,0,0,0,0,0.0010061,0,0,0,0,0,0,0,0,0,0,0,0,0,0,0,0,0,0,0
0,0,0,0,0,0.054428,0,0,0,1.1953,0,0,0,0,0,0.027991,18.723,1.0103,22.042,0,0,0,0.30809,0,0.21111,0,0,0,0,32.647,23.948,29.27,0,0,0,0,0,0,0,0,0,0,0,0,0,0,0,0,0,0,0,0,0,0,0,0,0,0,0,0,0,0,0,0,0,0,0,0,0,0,0,0,0,0,0,0,0,0,0,0,0,0,0
2.5828,0.37365,0,0,0.41687,0.050938,0.12457,0,0,0.47812,0.00027433,0,0,0,0.026209,0.0055004,7.2713,0.7227,2.8482,0.97432,0.002569,0.39764,0.73527,0.28619,0.53348,0,0,3.4123,1.4538,27.616,29.27,145.69,2.9698,0,0,1.9531,0.22564,0,0,0,0,0,0,0,0,0,0,0,0,0,0,0,0,0,0,0,0,0,0.00021718,0.0022746,0,0,0,0.015624,0,0,0,0,0,0,0,0,0,0,0,0,0,0,0,0,0,0,0
0,0,0,0,0,0,0,0,0,0,0,0,0,0,0.060306,0,0.67778,0.12413,0,0.16128,0,0,0,0,0,0,0,0,0,0,0,2.9698,2.3694,0,0,0,0,0,0,0,0,0,0,0,0,0,0,0,0,0,0,0,0,0,0,0,0,0,0,0,0,0,0,0,0,0,0,0,0,0,0,0,0,0,0,0,0,0,0,0,0,0,0
0,0.91788,0,0,1.1296,0,11.597,26.912,1.8758,32.195,4.2924,0,0,0,1.3897,0,0,8.2451,1.2706,1.6353,0,0,0,0,0,0,0,0,0,0,0,0,0,22.051,9.295,0.78574,12.315,0,8.5903,10.749,1.2091,0,0,0,0,0,0,0,0,0,0,0,0,0,0,0,0,0,0,0,0,0,0,0,0,0,0,0,0,0,0,0,0,0,2.8535,0,0,0,0,0,0,0,37.326
3.3691,1.0915,0,0,0,0,4.6505,3.1385,0,0,0,0,0,0,0,0,0,0,0,0,0,0,0,0,0,0,0,0,0,0,0,0,0,9.295,3.1244,8.7261,3.6885,2.9109,0,0,0,0,0,0,0,0,0,0,0,0,0,0,0,0,0,0,0,0,0,0,0,0,0,0,0,0,0,0,0,0,0,0,0,0,0,0,0,0,0,0,0,0,0
15.323,3.2497,0,0,7.3291,0.41273,10.163,7.5628,2.1769,14.438,0.19775,0,0,0,0.14074,2.9692,0,1.6776,4.2249,0.52252,0,0,0.93305,0,0.37894,0,0.27353,1.0161,1.01,0.56338,0,1.9531,0,0.78574,8.7261,17.425,31.625,8.7923,0,0,1.6293,0,0,0,0,0,0,0,0,0,0,0,0,0,0,0,0,0,0,0,0,0,0,0,0,0,0,0,0,0,0,0,0,0,0,0,0,0,0,0,0,0,0.19962
0,0.66569,0,0,1.2458,0,4.2834,7.9834,1.401,14.952,0.41706,0,0,0,0.17377,3.399,0,3.0338,3.7471,0.46278,0.0049984,0,0.40249,0,0.45078,0,0.13355,0.72765,0.37965,0.10523,0,0.22564,0,12.315,3.6885,31.625,14.14,1.1282,6.7071,0,5.7013,0,0,0,0,0,0,0,0,0,0,0,0,0,0,0,0,0,0,0,0,0,0,0,0,0,0,0,0,0,0,0,0,0,0,0,0,0,0,0,0,0,36.147
8.3835,0.10252,0.23907,14.842,0,0,0.29235,0.036839,0,0,0,1.4505,0,0,0.0062276,0,0,0,0,0.017136,0,0,0,0,0,0,0,0,0,0,0,0,0,0,2.9109,8.7923,1.1282,5.8141,0,0.038629,0.1545,0,0,0,0,0,0,0,0,0,0,0,0,0,0,0,0,0,0,0,0,0,0,0,0,0,0,0,0,0,0,0,0,0,0,0,0,0,0,0,0,0,0
0,0,0,0,0.29233,0,1.3622,6.2551,0,10.911,2.0367,0,0,0,0.60862,0,0,0,0,1.4083,0,0,0,0,0,0,0,0,0,0,0,0,0,8.5903,0,0,6.7071,0,1.1854,1.9655,0.46136,0,0,0,0,0,0,0,0,0,0,0,0,0,0,0,0,0,0,0,0,0,0,0,0,0,0,0,0,0,0,0,0,0,0,0,0,0,0,0,0,0,32.152
0,0,0,0,0,0,0,0.022375,0,0,0,0,0,0,5.3552,0,0,0,0,2.9156,0,0.39686,0,5.8047,8.3157,24.042,9.0187,0,2.3969,0.59714,0,0,0,10.749,0,0,0,0.038629,1.9655,46.056,4.754,0,0,0,0,0,0,0,0,0,0,0,0,0,0,0,0,0,0,0,0,0,0,0,0,0,0,0,0,0,0,0,0,0,0,0,0,0,0,0,0,0,0
0,0,0,0,0,0,0,0,0,0,0,0,0,0,0.011777,0,0,0,0,0,0,0,0,0,1.3605,0.02495,4.0053,3.4067,0,0,0,0,0,1.2091,0,1.6293,5.7013,0.1545,0.46136,4.754,6.6949,0,0,0,0,0,0,0,0,0,0,0,0,0,0,0,0,0,0,0,0,0,0,0,0,0,0,0,0,0,0,0,0,0,0,0,0,0,0,0,0,0,0
0,0,0,0,0,0,0,0,0,0,0,0,0,0,0,0,0,0,0,0,0,0,0,0,0,0,0,0,0,0,0,0,0,0,0,0,0,0,0,0,0,80.118,12.587,0.12533,24.648,9.8326,0,16.119,0,0,0,0,0,0,0,0,0,0,0,0,0,0,0,0,0,0,0,0,0,0,0,0,2.0566,0,0,2.9469,16.086,1.0851,0,0,0,0,0
0,0,0,0,0,0,0.0077158,0,0,0,0,0,0,0,0,0,0,0,0,0,0,0,0,0,0,0,0,0,0,0,0,0,0,0,0,0,0,0,0,0,0,12.587,10.092,0.098002,0.043558,7.5981,0,4.8731,0.70148,0,0,0,0,0,0,0,0,0,0,0,0,0,0,0.010643,0,0,0,0,0,0,0,0,0.076121,0,0.21347,0,1.8273,0.26604,0,0,0,0,0
0,0,0,0,0,0,0,0,0,0,0,0,0,0,0,0,0,0,0,0,0,0,0,0,0,0,0,0,0,0,0,0,0,0,0,0,0,0,0,0,0,0.12533,0.098002,1.8624,6.7317,0,0,1.9622,1.0682,0,0,0,0,0,0,0,0,0,0,0,0,0,0,0,0,0,0,0,0,0,0,0,0.010796,0,0,0,0.047074,0.0057911,0,0,0,0,0
0.16625,0.015621,0.20801,1.8023,0,0,1.0796,0.77573,0,0,0,0.76205,0,0,0,0,0,0,0,0,0,0,0,0,0,0,0,0,0,0,0,0,0,0,0,0,0,0,0,0,0,24.648,0.043558,6.7317,40.877,0,0,12.061,6.9051,0,0,0,6.9293,0,0,0,0,0,0,0,0,0,0,0.0084667,0,0.019455,0,0,0.048181,0,0,0,0.25291,0,0,0,4.4297,0.21323,7.016,0,0,0,0
0,0,0,0,0,0,0,0,0,0,0,0,0,0,0,0,0,0,0,0,0,0,0,0,0,0,0,0,0,0,0,0,0,0,0,0,0,0,0,0,0,9.8326,7.5981,0,0,51.009,12.722,25.085,0.92274,0,0,0,0,0,0,0,0,0,0,0.0039429,0,0,0,0,0,0,0,0,0,0,0,0,0.14726,0,0,0,6.387,1.5677,0,0,0,0,0
0,0,0,0,0,0,0,0,0,0,0,0,0,0,0,0,0,0,0,0,0,0,0,0,0,0,0,0,0,0,0,0,0,0,0,0,0,0,0,0,0,0,0,0,0,12.722,78.159,18.302,3.1221,6.7836,17.307,0,0,0,0,0,0,0.63729,0,0,0,0,0,0,0,0,0,0,0,0,0.042395,0,0.054961,0,0,0,1.7197,0,0,0,0,0,0
0,0,0,0,0,0,5.3175,7.2377,0,0,0,0.63376,2.1038,0,0,0,0,0,0,0,0,0,0,0,0,0,0,0,0,0,0,0,0,0,0,0,0,0,0,0,0,16.119,4.8731,1.9622,12.061,25.085,18.302,320.01,80.962,46.025,0,0,3.7127,0,0,0,0,0,0,0,0,0,0,0,0,0,0,0,0,0,0,0,0.32713,0,10.5,6.0354,9.5682,5.7911,0.24601,1.1546,0,0,1.4673
0,0.055729,0,0.43195,0,0,4.6863,39.982,0,0,0,0.48619,7.9461,5.537,0,0,0,0,0,0,0,0,0,0,0,0,0,0,0,0,0,0,0,0,0,0,0,0,0,0,0,0,0.70148,1.0682,6.9051,0.92274,3.1221,80.962,418.02,12.442,15.756,12.379,10.95,27.943,24.036,0,0.020886,0,0.035253,0,0.048765,0,0,0.0073244,0,0,0,0,0,0,0,0,0.028347,0,18.356,1.4656,7.6137,8.3868,0,4.8826,0,0,7.3244
0,0,0,0,0,0,0,0,0,0,0,0,0,0,0,0,0,0,0,0,0,0,0,0,0,0,0,0,0,0,0,0,0,0,0,0,0,0,0,0,0,0,0,0,0,0,6.7836,46.025,12.442,137.3,38.186,0,0,0,0,0,0.26101,0.50337,0,0,0,0,0,0,0,0,0,0,0,0,0.16541,0.033264,0.055795,0,0,0,4.4684,5.3183,0,2.0017,0,0,5.6168
0,0,0,0,0,0,0,0,0,0.15082,0.34618,0,0,1.618,0,0,0,0,0,0,0,0,0,0,0,0,0,0,0,0,0,0,0,0,0,0,0,0,0,0,0,0,0,0,0,0,17.307,0,15.756,38.186,290.08,25.785,0,0.0067361,9.5717,0,28.801,9.7325,5.2775,0,0.15377,0,0,0,0,0,0,0,0,0,0.81118,1.5966,0,0,23.2,0,17.593,17.156,0,5.8141,0,0,30.488
0,0,0,0,0,0,0,0,0,0.072137,0.63132,0,0,1.0492,0,0,0,0,0,0,0,0,0,0,0,0,0,0,0,0,0,0,0,0,0,0,0,0,0,0,0,0,0,0,0,0,0,0,12.379,0,25.785,35.347,0.00077413,0.018643,12.306,0.25576,8.0339,0,1.5105,0,2.1838,0,0,0,0,0,0,0,0,0,0,0,0,0,0,0,0,0,0,0,0,0,0
0,0,0,0,0,0,0,0,0,0,0,1.5358,0.48368,0,0,0,0,0,0,0,0,0,0,0,0,0,0,0,0,0,0,0,0,0,0,0,0,0,0,0,0,0,0,0,6.9293,0,0,3.7127,10.95,0,0,0.00077413,11.4,4.3885,0.18259,0.03977,0,0,0.008956,0,0.036348,0,0,0,0,0,0,0,0,0,0,0,0,0,0,0,0,0,2.8272,0,0,0,0
0,0,0,0,0,0,0,1.6901,0,0,0,0,4.2137,0.74571,0,0,0,0,0,0,0,0,0,0,0,0,0,0,0,0,0,0,0,0,0,0,0,0,0,0,0,0,0,0,0,0,0,0,27.943,0,0.0067361,0.018643,4.3885,18.418,8.2965,0.1849,0.0045635,0,0,0,0.076515,0,0,0,0,0,0,0,0,0,0,0,0,0,0,0,0,0,0,0,0,0,0
0,0,0,0,0,0,0,1.1181,0,0.30244,0.31066,0,0,9.9742,0.63434,0,0,0,0,0,0,0,0,0,0,0,0,0,0,0,0,0,0,0,0,0,0,0,0,0,0,0,0,0,0,0,0,0,24.036,0,9.5717,12.306,0.18259,8.2965,51.005,11.419,1.24,0,3.945,0,11.214,0,0,0,0,0,0,0,0,0,0,0,0,0,0,0,0,0,0,0,0,0,0
0,0,0,0,0,0,0,0,0,0,0,0,0,0,6.1722,0,0,0.27668,0,1.5275,0.0011739,0,0.026972,0.018994,0,0,0,0,0.0004874,0,0,0,0,0,0,0,0,0,0,0,0,0,0,0,0,0,0,0,0,0,0,0.25576,0.03977,0.1849,11.419,28.211,0,0,14.445,1.6734,32.325,0.048255,0.052959,0.10626,1.546,0,1.879,0,0,0,0,0,0,0,1.1331,0,0,0,0,0,3.8813,0,0.33077
0,0,0,0,0,0,0,0,0,0,0.21015,0,0,0.092879,0.00088429,0,0,0,0,0,0,0,0,0,0,0,0,0,0,0,0,0,0,0,0,0,0,0,0,0,0,0,0,0,0,0,0,0,0.020886,0.26101,28.801,8.0339,0,0.0045635,1.24,0,184.07,27.124,21.099,0,0.99767,0,0,0,0,0,0,0,0,0,0.091758,0.2049,0.33569,0,4.8229,0,4.3397,2.3887,0,0.55854,0,0,5.2323
0,0,0,0,0,0,0.00010563,0,0,0,0,0,0,0,0,0,0,0,0,0,0,0,0,0,0,0,0,0,0,0,0,0,0,0,0,0,0,0,0,0,0,0,0,0,0,0,0.63729,0,0,0.50337,9.7325,0,0,0,0,0,27.124,203.74,15.009,34.818,0,0,0,0,0,0,0,0,0,0,2.9291,14.404,10.292,1.1288,0.45233,0,0.8167,0.337,0,0.10166,0,0,0.62785
0,0,0,0,0,0,0,0,0,0,0.5127,0,0,0,1.8412,0,0,0,0,4.2794,0,0,0.30721,0,0,0,0.00069359,0,0.010257,0,0,0.00021718,0,0,0,0,0,0,0,0,0,0,0,0,0,0,0,0,0.035253,0,5.2775,1.5105,0.008956,0,3.945,14.445,21.099,15.009,234.24,30.589,66.85,12.673,4.7591,13.333,0,0,0,0,0,0,0,0,0,0,10.234,0.016797,5.7622,5.3357,0,4.4072,0,0,13.592
0,0,0,0,0,0,0,0,0,0,0,0,0,0,0.19044,0,0,0.51196,0,0.47846,0,0,0.043971,0,0,0,0,0,0.00084249,0,0,0.0022746,0,0,0,0,0,0,0,0,0,0,0,0,0,0.0039429,0,0,0,0,0,0,0,0,0,1.6734,0,34.818,30.589,214.18,8.8983,0,0,46.73,0,2.5325,0,0.016629,0,7.5877,15.349,21.568,7.778,0.85141,1.1308,0,1.2704,1.9934,0,2.1923,0.60183,0.38857,1.1974
0,0,0,0,0,0,0,0,0,0,0,0,0,0,1.5056,0,0,0,0,11.29,0,0,0,0,0,0,0,0,0,0,0,0,0,0,0,0,0,0,0,0,0,0,0,0,0,0,0,0,0.048765,0,0.15377,2.1838,0.036348,0.076515,11.214,32.325,0.99767,0,66.85,8.8983,118.64,2.9828,1.2277,2.7939,1.4079,0,0,0,0,0,0,0,0,0,0,0,0.17077,0,0,0,0,0,0
0,0,0,0,0,0,0,0,0,0,0,0,0,0,0,0,0,0,0,0.33184,0,0,0.051623,0,0,0,0,0,0,0,0,0,0,0,0,0,0,0,0,0,0,0,0,0,0,0,0,0,0,0,0,0,0,0,0,0.048255,0,0,12.673,0,2.9828,20.811,20.962,12.022,0.37311,0,0,0,0,0,0,0,0,0,0,0,0.011448,0,0,0,0.095092,0,0
0,0,0,0,0,0,0,0,0,0,0,0,0,0,0,0,0,0,0,0,0,0,0,0,0,0,0,0,0,0,0,0,0,0,0,0,0,0,0,0,0,0,0,0,0,0,0,0,0,0,0,0,0,0,0,0.052959,0,0,4.7591,0,1.2277,20.962,21.987,23.927,33.095,0,0.042421,0,0,0.32039,0,0,0,0,0,0,0.12131,0.015063,0,0,0.61287,0,0
0,0,0,0,0,0,0,0,0,0,0,0,0,0,0.23553,0,0,0.56968,0.024815,0.88988,0,0,1.1864,0,0,0,0,0,0.0026138,0.0010061,0,0.015624,0,0,0,0,0,0,0,0,0,0,0.010643,0,0.0084667,0,0,0,0.0073244,0,0,0,0,0,0,0.10626,0,0,13.333,46.73,2.7939,12.022,23.927,314.99,6.5861,25.371,0,0.072155,0.12316,18.539,7.8282,1.2947,1.6915,0.033674,0.66799,0,0.91064,0.58585,0.0014082,1.2076,0.63957,0.27293,0.1465
0,0,0,0,0,0,0,0,0,0,0,0,0,0,0,0,0,0,0,0,0,0,0,0,0,0,0,0,0,0,0,0,0,0,0,0,0,0,0,0,0,0,0,0,0,0,0,0,0,0,0,0,0,0,0,1.546,0,0,0,0,1.4079,0.37311,33.095,6.5861,55.305,4.4264,6.9011,0,0,1.5096,0,0,0,0,0,0,0.12294,0.014476,0,0,7.7412,0,0
0,0,0,0,0,0,0,0,0,0,0,0,0,0,0,0,0,0,0,0,0,0,0,0,0,0,0,0,0,0,0,0,0,0,0,0,0,0,0,0,0,0,0,0,0.019455,0,0,0,0,0,0,0,0,0,0,0,0,0,0,2.5325,0,0,0,25.371,4.4264,102.76,5.4736,2.9992,1.5158,31.853,3.4618,0.48881,0,0,0,0,0.42224,0.32144,0.0021761,0,14.357,0,0
0,0,0,0,0,0,0,0,0,0,0,0,0,0,0,0,0,0,0,0,0,0,0,0,0,0,0,0,0,0,0,0,0,0,0,0,0,0,0,0,0,0,0,0,0,0,0,0,0,0,0,0,0,0,0,1.879,0,0,0,0,0,0,0.042421,0,6.9011,5.4736,16.232,1.7476,0,0,0,0,0,0,0,0,0,0,0,0,22.949,0,0
0,0,0,0,0,0,0,0,0,0,0,0,0,0,0,0,0,0,0,0,0,0,0,0,0,0,0,0,0,0,0,0,0,0,0,0,0,0,0,0,0,0,0,0,0,0,0,0,0,0,0,0,0,0,0,0,0,0,0,0.016629,0,0,0,0.072155,0,2.9992,1.7476,2.4823,0,0,0,0,0,0,0,0,0,0.080395,0,0,8.1076,3.8912,0
0,0,0,0,0,0,0,0,0,0,0,0,0,0,0,0,0,0,0,0,0,0,0,0,0,0,0,0,0,0,0,0,0,0,0,0,0,0,0,0,0,0,0,0,0.048181,0,0,0,0,0,0,0,0,0,0,0,0,0,0,0,0,0,0,0.12316,0,1.5158,0,0,18.198,0,3.3652,0,5.417,0,0,0,0.53387,0.059871,0.077849,0,0,4.0943,0
0,0,0,0,0,0,0,0,0,0,0,0,0,0,0,0,0,0,0,0,0,0,0,0,0,0,0,0,0,0,0,0,0,0,0,0,0,0,0,0,0,0,0,0,0,0,0,0,0,0,0,0,0,0,0,0,0,0,0,7.5877,0,0,0.32039,18.539,1.5096,31.853,0,0,0,196.93,61.606,7.2309,0,0,0,0,0.67847,0.76716,0,0,2.5124,0,0
0,0,0,0,0,0,0,0,0,0,0,0,0,0,0,0,0,0,0,0,0,0,0,0,0,0,0,0,0,0,0,0,0,0,0,0,0,0,0,0,0,0,0,0,0,0,0.042395,0,0,0.16541,0.81118,0,0,0,0,0,0.091758,2.9291,0,15.349,0,0,0,7.8282,0,3.4618,0,0,3.3652,61.606,143.26,43.397,32.246,0,0,0,1.0966,0.28488,0,0,0,0,0
0,0,0,0,0,0,0,0,0,0,0,0,0,0,0,0,0,0,0,0,0,0,0,0,0,0,0,0,0,0,0,0,0,0,0,0,0,0,0,0,0,0,0,0,0,0,0,0,0,0.033264,1.5966,0,0,0,0,0,0.2049,14.404,0,21.568,0,0,0,1.2947,0,0.48881,0,0,0,7.2309,43.397,33.606,43.254,0,0,0,0.24816,0,0,0,0,0,0
0,0,0,0,0,0,0,0,0,0,0,0,0,0,0,0,0,0,0,0,0,0,0,0,0,0,0,0,0,0,0,0,0,0,0,0,0,0,0,0,0,2.0566,0.076121,0.010796,0.25291,0.14726,0.054961,0.32713,0.028347,0.055795,0,0,0,0,0,0,0.33569,10.292,0,7.778,0,0,0,1.6915,0,0,0,0,5.417,0,32.246,43.254,156.9,6.3974,0,0,3.4847,0.79269,0.024076,0,0,0,0.60455
0,0,0,0,0,0,0,0,0,0,0,0,0,0,0,0,0,0,0,0,0,0,0,0,0,0,0,0,0,0,0,0,0,0,0,0,0,0,0,0,0,0,0,0,0,0,0,0,0,0,0,0,0,0,0,0,0,1.1288,0,0.85141,0,0,0,0.033674,0,0,0,0,0,0,0,0,6.3974,5.9584,0,0,0.55182,0.94963,0,0,0,0,0
0,0,0,0,0,0,0,0,0,0,0,0,0,0,0,0,0,0,0,0,0,0,0,0,0,0,0,0,0,0,0,0,0,2.8535,0,0,0,0,0,0,0,0,0.21347,0,0,0,0,10.5,18.356,0,23.2,0,0,0,0,1.1331,4.8229,0.45233,10.234,1.1308,0,0,0,0.66799,0,0,0,0,0,0,0,0,0,0,23.105,8.8258,0,14.987,0,9.8162,18.392,0,26.332
0,0,0,0,0,0,0,0,0,0,0,0,0,0,0,0,0,0,0,0,0,0,0,0,0,0,0,0,0,0,0,0,0,0,0,0,0,0,0,0,0,2.9469,0,0,0,0,0,6.0354,1.4656,0,0,0,0,0,0,0,0,0,0.016797,0,0,0,0,0,0,0,0,0,0,0,0,0,0,0,8.8258,5.9666,3.9797,2.7022,3.4833,0.27341,0,0,0.12403
0,0,0,0,0,0,0,0,0,0,0,0,0,0,0,0,0,0,0,0,0,0,0,0,0,0,0,0,0,0,0,0,0,0,0,0,0,0,0,0,0,16.086,1.8273,0.047074,4.4297,6.387,1.7197,9.5682,7.6137,4.4684,17.593,0,0,0,0,0,4.3397,0.8167,5.7622,1.2704,0.17077,0.011448,0.12131,0.91064,0.12294,0.42224,0,0,0.53387,0.67847,1.0966,0.24816,3.4847,0.55182,0,3.9797,18.092,36.492,11.989,0.24,0.39831,0,0.048879
0,0,0,0,0,0,0,0,0,0,0,0,0,0,0,0,0,0,0,0,0,0,0,0,0,0,0,0,0,0,0,0,0,0,0,0,0,0,0,0,0,1.0851,0.26604,0.0057911,0.21323,1.5677,0,5.7911,8.3868,5.3183,17.156,0,0,0,0,0,2.3887,0.337,5.3357,1.9934,0,0,0.015063,0.58585,0.014476,0.32144,0,0.080395,0.059871,0.76716,0.28488,0,0.79269,0.94963,14.987,2.7022,36.492,17.092,1.8799,7.7515,3.7798,5.4754,44.242
0,0,0,0,0,0,0,0,0,0,0,0,0,0,0,0,0,0,0,0,0,0,0,0,0,0,0,0,0,0,0,0,0,0,0,0,0,0,0,0,0,0,0,0,7.016,0,0,0.24601,0,0,0,0,2.8272,0,0,0,0,0,0,0,0,0,0,0.0014082,0,0.0021761,0,0,0.077849,0,0,0,0.024076,0,0,3.4833,11.989,1.8799,5.9097,0,0,0,0
0,0,0,0,0,0,0,0,0,0,0,0,0,0,0,0,0,0,0,0,0,0,0,0,0,0,0,0,0,0,0,0,0,0,0,0,0,0,0,0,0,0,0,0,0,0,0,1.1546,4.8826,2.0017,5.8141,0,0,0,0,0,0.55854,0.10166,4.4072,2.1923,0,0,0,1.2076,0,0,0,0,0,0,0,0,0,0,9.8162,0.27341,0.24,7.7515,0,1.448,1.2376,0.42085,30.073
0,0,0,0,0,0,0,0,0,0,0,0,0,0,0,0,0,0,0,0,0,0,0,0,0,0,0,0,0,0,0,0,0,0,0,0,0,0,0,0,0,0,0,0,0,0,0,0,0,0,0,0,0,0,0,3.8813,0,0,0,0.60183,0,0.095092,0.61287,0.63957,7.7412,14.357,22.949,8.1076,0,2.5124,0,0,0,0,18.392,0,0.39831,3.7798,0,1.2376,61.126,5.2486,0
0,0,0,0,0,0,0,0,0,0,0,0,0,0,0,0,0,0,0,0,0,0,0,0,0,0,0,0,0,0,0,0,0,0,0,0,0,0,0,0,0,0,0,0,0,0,0,0,0,0,0,0,0,0,0,0,0,0,0,0.38857,0,0,0,0.27293,0,0,0,3.8912,4.0943,0,0,0,0,0,0,0,0,5.4754,0,0.42085,5.2486,9.1988,0
0,0.077034,0,0,0.11861,0,1.4931,13.825,0,29.9,2.2164,0,0,0,1.0534,6.7514,0,0,0,0.85014,0,0,0,0,0,0,0.00013123,0,0.033999,0,0,0,0,37.326,0,0.19962,36.147,0,32.152,0,0,0,0,0,0,0,0,1.4673,7.3244,5.6168,30.488,0,0,0,0,0.33077,5.2323,0.62785,13.592,1.1974,0,0,0,0.1465,0,0,0,0,0,0,0,0,0.60455,0,26.332,0.12403,0.048879,44.242,0,30.073,0,0,0
