56.888,7.3491,2.2292,21.335,5.7282,0,6.0295,0,0,0.034595,0,0,0,0,0,0.019021,0,0,0.067289,0,0,0,0,0,0,0,0,0,0,0,0,0,0.0042648,0.19289,3.0316,14.245,0.083182,8.6332,0,0,0,0,0,0,0.16078,0,0,0,0,0,0,0,0,0,0,0,0,0,0,0,0,0,0,0,0,0,0,0,0,0,0,0,0,0,0,0,0,0,0,0,0,0,0
7.3491,14.504,0,0,7.8747,0,9.549,0,0,0,0,0,0,0,0,0,0,0,0,0,0,0,0,0,0,0,0,0,0,0,0,0,0,0,0,3.1773,0,0,0,0,0,0,0,0,0,0,0,0,0,0,0,0,0,0,0,0,0,0,0,0,0,0,0,0,0,0,0,0,0,0,0,0,0,0,0,0,0,0,0,0,0,0,0
2.2292,0,0.74596,6.3576,0,0,1.2678,0.74213,0,0,0,0,0,0,0,0,0,0,0,0,0,0,0,0,0,0,0,0,0,0,0,0,0,0,0,0,0,0,0,0,0,0,0,0,0,0,0,0,0,0,0,0,0,0,0,0,0,0,0,0,0,0,0,0,0,0,0,0,0,0,0,0,0,0,0,0,0,0,0,0,0,0,0
21.335,0,6.3576,32.797,0,0,8.8837,3.4686,0,0,0,4.8118,0,0,0,0,0,0,0,0,0,0,0,0,0,0,0,0,0,0,0,0,0,0.17215,8.1095,2.4057,0.099164,9.1906,0.010459,0,0,0,0,0,1.7879,0,0,0.28942,0.41691,0,0,0,0,0,0,0,0,0,0,0,0,0,0,0,0,0,0,0,0,0,0,0,0,0,0,0,0,0,0,0,0,0,0.0099058
5.7282,7.8747,0,0,38.809,4.0378,17.815,0,0,0.22252,0,0,0,0,0,0.022391,0.006965,0,0.11008,0,0,0,0,0,0,0,0,0,0,0,0,0,0.0073999,0,0,7.8786,1.0915,0,0,0,0,0,0,0,0,0,0,0,0,0,0,0,0,0,0,0,0,0,0,0,0,0,0,0,0,0,0,0,0,0,0,0,0,0,0,0,0,0,0,0,0,0,0
0,0,0,0,4.0378,42.028,5.9755,0,6.7687,10.755,0,0,0,0,0,0,0,0,0.082552,0,0,0,0,0,0,0,0,0,0.0033572,0,0,0,0,0,0,0.40095,0.043233,0,0,0,0,0,0,0,0,0,0,0,0,0,0,0,0,0,0,0,0,0,0,0,0,0,0,0,0,0,0,0,0,0,0,0,0,0,0,0,0,0,0,0,0,0,0
6.0295,9.549,1.2678,8.8837,17.815,5.9755,241.43,50.717,24.935,1.2896,0.00076982,0.88198,3.7427,0,0,0.014279,0.051809,0.019196,0.13505,0,0,0,0,0,0.02828,0,0,0,0.10882,0.050865,0,0.14032,0,11.149,4.0952,10.797,3.8787,0,1.3068,0,0,0,0,0,0,0,0,4.744,4.5182,0,0,0,0,0,0,0,0,0,0,0,0,0,0,0,0,0,0,0,0,0,0,0,0,0,0,0,0,0,0,0,0,0,1.3462
0,0,0.74213,3.4686,0,0,50.717,482.27,13.846,19.78,18.113,11.556,53.784,51.017,0,0,0,0.0079846,0.00055388,0,0,0,0,0,0,0,0,0,0,0,0,0,0,26.83,3.0222,7.5679,6.9689,0,5.6392,0,0,0,0,0,0.74634,0,0,7.4024,38.024,0.9888,0,0,0.20731,2.0124,1.1436,0,0,0,0,0,0,0,0,0,0,0,0,0,0,0,0,0,0,0,0,0,0,0,0,0,0,0,11.935
0,0,0,0,0,6.7687,24.935,13.846,122.01,40.763,0,0,0,0,0,0,0,0,0.15549,0,0,0,0,0,0,0,0,0,0.0041296,0,0,0,0,2.4491,0,2.1146,1.3732,0,1.0886,0,0,0,0,0,0,0,0,0,0,0,0,0,0,0,0,0,0,0,0,0,0,0,0,0,0,0,0,0,0,0,0,0,0,0,0,0,0,0,0,0,0,0,1.51
0.034595,0,0,0,0.22252,10.755,1.2896,19.78,40.763,278.49,39.107,0,0,13.946,0,33.532,14.397,4.9382,2.7049,0,0,0,0,0,0.029328,0,0,0,0.56633,0.093652,0,0.53112,0,33.155,0.10627,12.894,12.981,0,10.539,0,0,0,0,0,0,0,0,0,0,0,0.14094,0,0,0,0.25442,0,0,0,0,0,0,0,0,0,0,0,0,0,0,0,0,0,0,0,0,0,0,0,0,0,0,0,28.629
0,0,0,0,0,0,0.00076982,18.113,0,39.107,66.082,0,0,20.609,0,10.001,0,6.0556,0,8.361,0,0,0,0,0,0,0,0,0,0,0,0,0,3.9244,0.017968,0,0,0,1.8014,0,0,0,0,0,0,0,0,0,0,0,0.34066,0.6983,0,0,0.32249,0.088036,0,0,0.52049,0,0.76497,0,0,0.00018323,0,0,0,0,0,0,0,0,0,0,0,0,0,0,0,0,0,0,1.8069
0,0,0,4.8118,0,0,0.88198,11.556,0,0,0,12.915,6.0731,0,0,0,0,0,0,0,0,0,0,0,0,0,0,0,0,0,0,0,0,0,2.9453,0,0,1.2733,0,0,0,0,0,0,0.78542,0,0,0,0.43824,0,0,0,1.3307,0,0,0,0,0,0,0,0,0,0,0,0,0,0,0,0,0,0,0,0,0,0,0,0,0,0,0,0,0,0
0,0,0,0,0,0,3.7427,53.784,0,0,0,6.0731,44.64,11.735,0,0,0,0,0,0,0,0,0,0,0,0,0,0,0,0,0,0,0,0,0,0,0,0,0,0,0,0,0,0,0.012904,0,0,0,9.1397,0,0,0,0.54023,5.6334,0.39438,0,0,0,0,0,0,0,0,0,0,0,0,0,0,0,0,0,0,0,0,0,0,0,0,0,0,0,0
0,0,0,0,0,0,0,51.017,0,13.946,20.609,0,11.735,74.4,9.7739,0,0,0,0,11.15,0,0,0,0,0,0,0,0,0,0,0,0,0,0,0,0,0,0,0,0,0,0,0,0,0,0,0,0,5.6483,0,1.6601,1.2251,0,0,9.0559,0.26998,0,0,0.17668,0,0,0,0,0,0,0,0,0,0,0,0,0,0,0,0,0,0,0,0,0,0,0,0
0,0,0,0,0,0,0,0,0,0,0,0,0,9.7739,34.031,0,0,14.734,0,56.071,0,0.02897,0,2.1163,0,3.1105,0,0,0,0,0,0,0,0.71603,0.0077885,0.10876,0,0,0,6.0227,0.0092722,0,0,0,0,0,0,0,0,0,0,0,0,0,0.46454,4.4288,0,0,1.6422,0,1.9862,0,0,0.22491,0.0051042,0,0,0,0,0,0,0,0,0,0,0,0,0,0,0,0,0,0
0.019021,0,0,0,0.022391,0,0.014279,0,0,33.532,10.001,0,0,0,0,133.93,24.291,13.381,1.0574,1.437,0,0,0,0,0,0,0,0,0,0,0,0,0,0,0,0,0,0,1.9731,0,0,0,0,0,0,0,0,0,0,0,0,0,0,0,0,0,0,0,0,0,0,0,0,0,0,0,0,0,0,0,0,0,0,0,0,0,0,0,0,0,0,0,5.6613
0,0,0,0,0.006965,0,0.051809,0,0,14.397,0,0,0,0,0,24.291,132.06,7.6642,36.501,0,0,0,0,0,0,0,0,0,2.1023,1.8208,10.96,5.6676,0.85718,0,0,0,0,0,0,0,0,0,0,0,0,0,0,0,0,0,0,0,0,0,0,0,0,0,0,0,0,0,0,0,0,0,0,0,0,0,0,0,0,0,0,0,0,0,0,0,0,0,0
0,0,0,0,0,0,0.019196,0.0079846,0,4.9382,6.0556,0,0,0,14.734,13.381,7.6642,169.11,29.274,115.66,8.7605,2.6317,10.642,0.20005,1.001,0,0,0,0,0,0,0,0,8.3502,0.016284,1.8167,3.3012,0,2.9325,0.92414,0,0,0,0,0,0,0,0,0,0,0,0,0,0,0,0,0,0,2.4475,0,1.5295,0,0,0.60292,0,0,0,0,0,0.0008011,0,0,0.0011129,0,0,0,0,0,0,0,0,0,9.4144
0.067289,0,0,0,0.11008,0.082552,0.13505,0.00055388,0.15549,2.7049,0,0,0,0,0,1.0574,36.501,29.274,184.86,9.3976,0,0,29.612,0,2.1449,0,0,0,10.042,20.16,11.439,2.1465,0.30803,0,0,3.5244,3.5032,0,1.36,0.83769,0.40371,0,0,0,0,0,0,0,0,0,0,0,0,0,0,0,0,0,0,0,0,0,0,0,0,0,0,0,0,0,0,0,0,0,0,0,0,0,0,0,0,0,2.4585
0,0,0,0,0,0,0,0,0,0,8.361,0,0,11.15,56.071,1.437,0,115.66,9.3976,203.99,6.1936,14.27,6.431,3.3283,1.2352,0.57665,0,0,0.16431,0,0,1.0566,0,1.6962,0,0.53371,0.43628,0.016952,1.3728,3.8576,0.25445,0,0,0,0,0,0,0,0,0,0,0,0,0,0,1.5067,0,0,3.8884,0,10.724,0.32831,0.22733,1.0613,0,0.00058001,0,0,0.00030473,0.010876,0,0,0.062752,0,0,0,0,0,0,0,0,0,0.86421
0,0,0,0,0,0,0,0,0,0,0,0,0,0,0,0,0,8.7605,0,6.1936,40.85,30.625,12.019,0,0,0,0,0,0,0,0,0,0,0,0,0,0,0,0,0,0,0,0,0,0,0,0,0,0,0,0,0,0,0,0,0,0,0,0.076379,0,0.10705,0,0,0.55436,0,0,0,0,0,0,0,0,0,0,0,0,0,0,0,0,0,0,0
0,0,0,0,0,0,0,0,0,0,0,0,0,0,0.02897,0,0,2.6317,0,14.27,30.625,58.658,51.474,41.953,1.1777,0,0,0,0.5037,0,0,0.33542,0,0,0,0,0,0,0.023462,0.47786,0.010015,0,0,0,0,0,0,0,0,0,0,0,0,0,0,0,0,0,0.044988,0,0.18937,0.0025659,0,0.32033,0,0,0,0,0,0,0,0,0,0,0,0,0,0,0,0,0,0,0
0,0,0,0,0,0,0,0,0,0,0,0,0,0,0,0,0,10.642,29.612,6.431,12.019,51.474,217.33,12.43,37.916,0,0,0,10.257,1.443,0,0,0,0,0,0,0,0,0,0,0.25385,0,0,0,0,0,0,0,0,0,0,0,0,0,0,0,0,0,0,0,0,0,0,0,0,0,0,0,0,0,0,0,0,0,0,0,0,0,0,0,0,0,0
0,0,0,0,0,0,0,0,0,0,0,0,0,0,2.1163,0,0,0.20005,0,3.3283,0,41.953,12.43,101.44,8.0399,5.2679,0,0,0.84405,0,0,0.25419,0,0.2736,0.0021102,0,0,0.00023842,0.011805,6.5968,0.12127,0,0,0,0,0,0,0,0,0,0,0,0,0,0,0,0,0,0.11281,0,0.2251,0.010681,0.056792,0.069859,0.013386,0.00029984,0,0,0.00087625,0,0,0,0.043876,0,0,0,0,0,0,0,0,0,0.0020419
0,0,0,0,0,0,0.02828,0,0,0.029328,0,0,0,0,0,0,0,1.001,2.1449,1.2352,0,1.1777,37.916,8.0399,89.124,4.9038,3.5621,1.4274,20.282,1.4934,0,0.42373,0,0.062484,0,0.25449,0.30108,0.010065,0,10.1,2.0701,0,0,0,0,0,0,0,0,0,0,0,0,0,0,0,0,0,0,0,0,0,0,0,0,0,0,0,0,0,0,0,0,0,0,0,0,0,0,0,0,0,0
0,0,0,0,0,0,0,0,0,0,0,0,0,0,3.1105,0,0,0,0,0.57665,0,0,0,5.2679,4.9038,8.3837,0.83796,0,0,0,0,0,0,0,0,0,0,0,0,18.247,0,0,0,0,0,0,0,0,0,0,0,0,0,0,0,0,0,0,0,0,0,0,0,0,0.002621,0,0,0,0,0,0,0,0,0,0,0,0,0,0,0,0,0,0
0,0,0,0,0,0,0,0,0,0,0,0,0,0,0,0,0,0,0,0,0,0,0,0,3.5621,0.83796,2.2327,1.0657,0.45391,0,0,0.0019579,0,0,0,0.18752,0.095665,0.0019669,0,5.2724,3.831,0,0,0,0,0,0,0,0,0,0,0,0,0,0,0,0,0,0,0,0,0,0,0,0,0,0,0,0,0,0,0,0,0,0,0,0,0,0,0,0,0,0
0,0,0,0,0,0,0,0,0,0,0,0,0,0,0,0,0,0,0,0,0,0,0,0,1.4274,0,1.0657,10.789,2.0768,0.62982,0,1.8203,0,0,0,0.94197,0.60883,0.077504,0,0,3.4403,0,0,0,0,0,0,0,0,0,0,0,0,0,0,0,0,0,0,0,0,0,0,0,0,0,0,0,0,0,0,0,0,0,0,0,0,0,0,0,0,0,0
0,0,0,0,0,0.0033572,0.10882,0,0.0041296,0.56633,0,0,0,0,0,0,2.1023,0,10.042,0.16431,0,0.5037,10.257,0.84405,20.282,0,0.45391,2.0768,128.31,32.397,1.1761,2.9297,0,0.18206,0,0.88281,0.37854,0.094153,0,1.2203,0.47834,0,0,0,0,0,0,0,0,0,0,0,0,0,0,0,0,0,0,0,0,0,0,0,0,0,0,0,0,0,0,0,0,0,0,0,0,0,0,0,0,0,0.027809
0,0,0,0,0,0,0.050865,0,0,0.093652,0,0,0,0,0,0,1.8208,0,20.16,0,0,0,1.443,0,1.4934,0,0,0.62982,32.397,112.35,29.948,20.074,0,0,0,0,0,0,0,0,0,0,0,0,0,0,0,0,0,0,0,0,0,0,0,0,0,0,0,0,0,0,0,0,0,0,0,0,0,0,0,0,0,0,0,0,0,0,0,0,0,0,0
0,0,0,0,0,0,0,0,0,0,0,0,0,0,0,0,10.96,0,11.439,0,0,0,0,0,0,0,0,0,1.1761,29.948,22.803,21.432,0,0,0,0,0,0,0,0,0,0,0,0,0,0,0,0,0,0,0,0,0,0,0,0,0,0,0,0,0,0,0,0,0,0,0,0,0,0,0,0,0,0,0,0,0,0,0,0,0,0,0
0,0,0,0,0,0,0.14032,0,0,0.53112,0,0,0,0,0,0,5.6676,0,2.1465,1.0566,0,0.33542,0,0.25419,0.42373,0,0.0019579,1.8203,2.9297,20.074,21.432,136.62,9.4326,0.019978,0,1.9872,0.26278,0.072544,0,0,0.13245,0,0,0,0,0,0,0,0,0,0,0,0,0,0,0,0,0,0,0,0,0,0,0,0,0,0,0,0,0,0,0,0,0,0,0,0,0,0,0,0,0,0.11616
0.0042648,0,0,0,0.0073999,0,0,0,0,0,0,0,0,0,0,0,0.85718,0,0.30803,0,0,0,0,0,0,0,0,0,0,0,0,9.4326,5.3704,0,0,0.046038,0,0,0,0,0,0,0,0,0,0,0,0,0,0,0,0,0,0,0,0,0,0,0,0,0,0,0,0,0,0,0,0,0,0,0,0,0,0,0,0,0,0,0,0,0,0,0
0.19289,0,0,0.17215,0,0,11.149,26.83,2.4491,33.155,3.9244,0,0,0,0.71603,0,0,8.3502,0,1.6962,0,0,0,0.2736,0.062484,0,0,0,0.18206,0,0,0.019978,0,17.958,20.329,0.66471,9.9948,0,7.7804,12.324,1.4213,0,0,0,0,0,0,0,0,0,0,0,0,0,0,0,0,0,0,0,0,0,0,0,0,0,0,0,0,0,0,0,0,0,0,0,0,0,0,0,0,0,27.865
3.0316,0,0,8.1095,0,0,4.0952,3.0222,0,0.10627,0.017968,2.9453,0,0,0.0077885,0,0,0.016284,0,0,0,0,0,0.0021102,0,0,0,0,0,0,0,0,0,20.329,3.4012,15.925,6.2152,4.4861,0.85534,0.034904,0.029894,0,0,0,0,0,0,0,0,0,0,0,0,0,0,0,0,0,0,0,0,0,0,0,0,0,0,0,0,0,0,0,0,0,0,0,0,0,0,0,0,0,1.3872
14.245,3.1773,0,2.4057,7.8786,0.40095,10.797,7.5679,2.1146,12.894,0,0,0,0,0.10876,0,0,1.8167,3.5244,0.53371,0,0,0,0,0.25449,0,0.18752,0.94197,0.88281,0,0,1.9872,0.046038,0.66471,15.925,22.368,22.795,10.232,0.24273,0.71921,1.3672,0,0,0,0,0,0,0,0,0,0,0,0,0,0,0,0,0,0,0,0,0,0,0,0,0,0,0,0,0,0,0,0,0,0,0,0,0,0,0,0,0,0
0.083182,0,0,0.099164,1.0915,0.043233,3.8787,6.9689,1.3732,12.981,0,0,0,0,0,0,0,3.3012,3.5032,0.43628,0,0,0,0,0.30108,0,0.095665,0.60883,0.37854,0,0,0.26278,0,9.9948,6.2152,22.795,14.083,2.0552,5.0542,0,3.9854,0,0,0,0,0,0,0,0,0,0,0,0,0,0,0,0,0,0,0,0,0,0,0,0,0,0,0,0,0,0,0,0,0,0,0,0,0,0,0,0,0,31.828
8.6332,0,0,9.1906,0,0,0,0,0,0,0,1.2733,0,0,0,0,0,0,0,0.016952,0,0,0,0.00023842,0.010065,0,0.0019669,0.077504,0.094153,0,0,0.072544,0,0,4.4861,10.232,2.0552,5.6298,0,0,0.19016,0,0,0,0,0,0,0,0,0,0,0,0,0,0,0,0,0,0,0,0,0,0,0,0,0,0,0,0,0,0,0,0,0,0,0,0,0,0,0,0,0,0
0,0,0,0.010459,0,0,1.3068,5.6392,1.0886,10.539,1.8014,0,0,0,0,1.9731,0,2.9325,1.36,1.3728,0,0.023462,0,0.011805,0,0,0,0,0,0,0,0,0,7.7804,0.85534,0.24273,5.0542,0,1.1421,1.2693,0.25339,0,0,0,0,0,0,0,0,0,0,0,0,0,0,0,0,0,0,0,0,0,0,0,0,0,0,0,0,0,0,0,0,0,0,0,0,0,0,0,0,0,25.228
0,0,0,0,0,0,0,0,0,0,0,0,0,0,6.0227,0,0,0.92414,0.83769,3.8576,0,0.47786,0,6.5968,10.1,18.247,5.2724,0,1.2203,0,0,0,0,12.324,0.034904,0.71921,0,0,1.2693,48.9,4.5035,0,0,0,0,0,0,0,0,0,0,0,0,0,0,0,0,0,0,0,0,0,0,0,0,0,0,0,0,0,0,0,0,0,0,0,0,0,0,0,0.16196,0,5.0522
0,0,0,0,0,0,0,0,0,0,0,0,0,0,0.0092722,0,0,0,0.40371,0.25445,0,0.010015,0.25385,0.12127,2.0701,0,3.831,3.4403,0.47834,0,0,0.13245,0,1.4213,0.029894,1.3672,3.9854,0.19016,0.25339,4.5035,6.4916,0,0,0,0,0,0,0,0,0,0,0,0,0,0,0,0,0,0,0,0,0,0,0,0,0,0,0,0,0,0,0,0,0,0,0,0,0,0,0,0,0,0.28513
0,0,0,0,0,0,0,0,0,0,0,0,0,0,0,0,0,0,0,0,0,0,0,0,0,0,0,0,0,0,0,0,0,0,0,0,0,0,0,0,0,60.561,9.7907,0,19.784,8.637,0,12.868,0,0,0,0,0,0,0,0,0,0,0.0048832,0.0088798,0,0,0,0.14512,0,0,0,0,0,0,0,0,1.7149,0,0,3.0776,15.501,0,1.7821,0,0,0,0
0,0,0,0,0,0,0,0,0,0,0,0,0,0,0,0,0,0,0,0,0,0,0,0,0,0,0,0,0,0,0,0,0,0,0,0,0,0,0,0,0,9.7907,11.062,0,0,5.3353,0,4.4014,0,0,0,0,0,0,0,0,0,0,0,0,0,0,0,0,0,0,0,0,0,0,0,0,0,0,0,0,0,0,0,0,0,0,0
0,0,0,0,0,0,0,0,0,0,0,0,0,0,0,0,0,0,0,0,0,0,0,0,0,0,0,0,0,0,0,0,0,0,0,0,0,0,0,0,0,0,0,0.86282,4.461,0,0,1.5719,0,0,0,0,0,0,0,0,0,0,0,0,0,0,0,0,0,0,0,0,0,0,0,0,0,0,0,0,0.044223,0,0,0,0,0,0
0.16078,0,0,1.7879,0,0,0,0.74634,0,0,0,0.78542,0.012904,0,0,0,0,0,0,0,0,0,0,0,0,0,0,0,0,0,0,0,0,0,0,0,0,0,0,0,0,19.784,0,4.461,33.304,0.054377,0,8.4635,5.7125,0,0,0,6.0307,0,0,0,0,0,0,0,0,0,0,0,0,0,0,0,0,0,0,0,0.22222,0,0.05524,6.9672,4.3612,0.18305,4.5645,0.007799,0,0,0.0020105
0,0,0,0,0,0,0,0,0,0,0,0,0,0,0,0,0,0,0,0,0,0,0,0,0,0,0,0,0,0,0,0,0,0,0,0,0,0,0,0,0,8.637,5.3353,0,0.054377,35.975,9.2893,25.665,0,0,0.001451,0,0,0,0,0,0,0,0,0,0,0,0,0,0,0,0,0,0,0,0,0,0,0,2.2041,0,7.7062,1.8516,0,0.31144,0,0,0
0,0,0,0,0,0,0,0,0,0,0,0,0,0,0,0,0,0,0,0,0,0,0,0,0,0,0,0,0,0,0,0,0,0,0,0,0,0,0,0,0,0,0,0,0,9.2893,68.214,11.585,3.2702,6.9775,9.4936,0,0,0,0,0,0,0,0,0,0,0,0,0,0,0,0,0,0,0,0,0,0,0,0,0,1.714,0,0,0,0,0,0
0,0,0,0.28942,0,0,4.744,7.4024,0,0,0,0,0,0,0,0,0,0,0,0,0,0,0,0,0,0,0,0,0,0,0,0,0,0,0,0,0,0,0,0,0,12.868,4.4014,1.5719,8.4635,25.665,11.585,234.8,52.117,34.672,0.81477,0,0,8.1339,0,0,0,0,0.022086,0.0026338,0.0022683,0,0,0,0,0,0,0,0,0,0,0,0.27448,0,10.541,5.7868,9.8275,5.4187,0,1.1087,0.007428,0.0053091,1.2729
0,0,0,0.41691,0,0,4.5182,38.024,0,0,0,0.43824,9.1397,5.6483,0,0,0,0,0,0,0,0,0,0,0,0,0,0,0,0,0,0,0,0,0,0,0,0,0,0,0,0,0,0,5.7125,0,3.2702,52.117,446.52,10.613,11.19,12.764,11.584,46.423,37.087,0,0,0,0.0296,0,0.037546,0,0,0,0,0,0,0,0,0,0,0,0.023211,0,17.348,1.3257,7.0979,8.1216,0,4.6877,0,0.00014306,7.2253
0,0,0,0,0,0,0,0.9888,0,0,0,0,0,0,0,0,0,0,0,0,0,0,0,0,0,0,0,0,0,0,0,0,0,0,0,0,0,0,0,0,0,0,0,0,0,0,6.9775,34.672,10.613,125.16,35.674,0,0,0,0,0,0.26825,0,0,0,0,0,0,0,0,0,0,0,0,0,0,0,0,0,6.6022,0.033354,5.1079,5.3031,0,1.8363,0,0,5.2871
0,0,0,0,0,0,0,0,0,0.14094,0.34066,0,0,1.6601,0,0,0,0,0,0,0,0,0,0,0,0,0,0,0,0,0,0,0,0,0,0,0,0,0,0,0,0,0,0,0,0.001451,9.4936,0.81477,11.19,35.674,226.57,26.125,0,0,10.614,0,33.815,9.3975,5.5007,0.70152,0,0,0,0,0,0,0,0,0,0.23969,0.67048,0,0.78054,0,22.63,0.014739,18.863,19.492,0,5.7312,0,0,28.402
0,0,0,0,0,0,0,0,0,0,0.6983,0,0,1.2251,0,0,0,0,0,0,0,0,0,0,0,0,0,0,0,0,0,0,0,0,0,0,0,0,0,0,0,0,0,0,0,0,0,0,12.764,0,26.125,37.552,0,0,15.255,0,6.0675,0,1.6718,0,1.8855,0,0,0,0,0,0,0,0,0,0,0,0,0,1.9022,0,0,0,0,0,0,0,0
0,0,0,0,0,0,0,0.20731,0,0,0,1.3307,0.54023,0,0,0,0,0,0,0,0,0,0,0,0,0,0,0,0,0,0,0,0,0,0,0,0,0,0,0,0,0,0,0,6.0307,0,0,0,11.584,0,0,0,9.9111,5.0234,0,0,0,0,0,0,0,0,0,0,0,0,0,0,0,0,0,0,0,0,0,3.0406,0,0,1.9335,0,0,0,0
0,0,0,0,0,0,0,2.0124,0,0,0,0,5.6334,0,0,0,0,0,0,0,0,0,0,0,0,0,0,0,0,0,0,0,0,0,0,0,0,0,0,0,0,0,0,0,0,0,0,8.1339,46.423,0,0,0,5.0234,28.874,10.507,0,0,0,0,0,0,0,0,0,0,0,0,0,0,0,0,0,0,0,0,0,0,0,0,0,0,0,0
0,0,0,0,0,0,0,1.1436,0,0.25442,0.32249,0,0.39438,9.0559,0.46454,0,0,0,0,0,0,0,0,0,0,0,0,0,0,0,0,0,0,0,0,0,0,0,0,0,0,0,0,0,0,0,0,0,37.087,0,10.614,15.255,0,10.507,63.502,12.732,0,0,4.2107,0,14.529,0,0,0,0,0,0,0,0,0,0,0,0,0,0,0.02507,0,0,0,0,0,0,0
0,0,0,0,0,0,0,0,0,0,0.088036,0,0,0.26998,4.4288,0,0,0,0,1.5067,0,0,0,0,0,0,0,0,0,0,0,0,0,0,0,0,0,0,0,0,0,0,0,0,0,0,0,0,0,0,0,0,0,0,12.732,26.224,0,0,13.942,0,36.245,0,0,0,1.2533,0,1.6894,0,0,0,0,0,0,0,0,0,0,0,0,0,4.5243,0,0
0,0,0,0,0,0,0,0,0,0,0,0,0,0,0,0,0,0,0,0,0,0,0,0,0,0,0,0,0,0,0,0,0,0,0,0,0,0,0,0,0,0,0,0,0,0,0,0,0,0.26825,33.815,6.0675,0,0,0,0,180.17,24.954,12.24,0,1.285,0,0,0,0,0,0,0,0,0.10871,0.083387,0,0.33386,0,0,0,4.0759,0,0,0,0,0,0
0,0,0,0,0,0,0,0,0,0,0,0,0,0,0,0,0,0,0,0,0,0,0,0,0,0,0,0,0,0,0,0,0,0,0,0,0,0,0,0,0,0,0,0,0,0,0,0,0,0,9.3975,0,0,0,0,0,24.954,164.3,12.572,37.216,0,0,0,0,0,0,0,0,0,1.7076,2.4961,12.002,8.3538,0.63066,0,0,0.81516,0,0,0,0,0,0
0,0,0,0,0,0,0,0,0,0,0.52049,0,0,0.17668,1.6422,0,0,2.4475,0,3.8884,0.076379,0.044988,0,0.11281,0,0,0,0,0,0,0,0,0,0,0,0,0,0,0,0,0,0.0048832,0,0,0,0,0,0.022086,0.0296,0,5.5007,1.6718,0,0,4.2107,13.942,12.24,12.572,198.46,26.946,97.725,14.985,5.9788,12.832,0,0,0,0,0,0,0,0,2.3384,0,9.5002,0.017376,5.3115,5.0768,0,3.9622,0,0,11.306
0,0,0,0,0,0,0,0,0,0,0,0,0,0,0,0,0,0,0,0,0,0,0,0,0,0,0,0,0,0,0,0,0,0,0,0,0,0,0,0,0,0.0088798,0,0,0,0,0,0.0026338,0,0,0.70152,0,0,0,0,0,0,37.216,26.946,202.06,6.0138,0,0,32.923,0,0,0,0,0,8.5751,17.413,19.665,8.3389,1.0355,1.0149,0,1.1294,2.0618,0,1.9982,0,0,1.0624
0,0,0,0,0,0,0,0,0,0,0.76497,0,0,0,1.9862,0,0,1.5295,0,10.724,0.10705,0.18937,0,0.2251,0,0,0,0,0,0,0,0,0,0,0,0,0,0,0,0,0,0,0,0,0,0,0,0.0022683,0.037546,0,0,1.8855,0,0,14.529,36.245,1.285,0,97.725,6.0138,144.33,4.1892,2.9995,3.7286,0,0,0.070869,0,0,0.20545,0,0,0,0,0.89935,0,0,0.043028,0,0.38985,1.9114,0,0.27975
0,0,0,0,0,0,0,0,0,0,0,0,0,0,0,0,0,0,0,0.32831,0,0.0025659,0,0.010681,0,0,0,0,0,0,0,0,0,0,0,0,0,0,0,0,0,0,0,0,0,0,0,0,0,0,0,0,0,0,0,0,0,0,14.985,0,4.1892,21.617,21.959,13.128,0,0,0,0,0,0,0,0,0,0,0.05649,0,0,0.0045909,0,0,0,0,0
0,0,0,0,0,0,0,0,0,0,0,0,0,0,0,0,0,0,0,0.22733,0,0,0,0.056792,0,0,0,0,0,0,0,0,0,0,0,0,0,0,0,0,0,0,0,0,0,0,0,0,0,0,0,0,0,0,0,0,0,0,5.9788,0,2.9995,21.959,29.842,32.134,25.513,1.3091,0,0,0,0,0,0,0.42544,0,0.15234,0,0,0.016458,0,0,0,0,0
0,0,0,0,0,0,0,0,0,0,0.00018323,0,0,0,0.22491,0,0,0.60292,0,1.0613,0.55436,0.32033,0,0.069859,0,0,0,0,0,0,0,0,0,0,0,0,0,0,0,0,0,0.14512,0,0,0,0,0,0,0,0,0,0,0,0,0,0,0,0,12.832,32.923,3.7286,13.128,32.134,281.61,13.399,29.683,0,0,0,16.562,2.3826,0,1.7788,0,0.76502,0,0.89364,0.61273,0,1.1372,0,0,0.13898
0,0,0,0,0,0,0,0,0,0,0,0,0,0,0.0051042,0,0,0,0,0,0,0,0,0.013386,0,0.002621,0,0,0,0,0,0,0,0,0,0,0,0,0,0,0,0,0,0,0,0,0,0,0,0,0,0,0,0,0,1.2533,0,0,0,0,0,0,25.513,13.399,68.833,6.232,5.4128,0,0,1.3928,0.20417,0,0.37954,0,0.01648,0,0,0,0,0.0007239,6.54,0,0
0,0,0,0,0,0,0,0,0,0,0,0,0,0,0,0,0,0,0,0.00058001,0,0,0,0.00029984,0,0,0,0,0,0,0,0,0,0,0,0,0,0,0,0,0,0,0,0,0,0,0,0,0,0,0,0,0,0,0,0,0,0,0,0,0,0,1.3091,29.683,6.232,112.27,6.2976,2.5359,1.237,29.94,3.3982,0,3.09,0,0.36312,0,0.53951,0.38802,0,0.053357,12.135,2.5381,0
0,0,0,0,0,0,0,0,0,0,0,0,0,0,0,0,0,0,0,0,0,0,0,0,0,0,0,0,0,0,0,0,0,0,0,0,0,0,0,0,0,0,0,0,0,0,0,0,0,0,0,0,0,0,0,1.6894,0,0,0,0,0.070869,0,0,0,5.4128,6.2976,9.6062,0,0,0,0,0,0,0,0,0,0,0,0,0,23.736,0,0
0,0,0,0,0,0,0,0,0,0,0,0,0,0,0,0,0,0,0,0,0,0,0,0,0,0,0,0,0,0,0,0,0,0,0,0,0,0,0,0,0,0,0,0,0,0,0,0,0,0,0,0,0,0,0,0,0,0,0,0,0,0,0,0,0,2.5359,0,2.2104,0.57804,0,0,0,0,0,0,0,0,0,0,0,5.6646,2.9862,0
0,0,0,0,0,0,0,0,0,0,0,0,0,0,0,0,0,0,0,0.00030473,0,0,0,0.00087625,0,0,0,0,0,0,0,0,0,0,0,0,0,0,0,0,0,0,0,0,0,0,0,0,0,0,0,0,0,0,0,0,0,0,0,0,0,0,0,0,0,1.237,0,0.57804,9.3965,0.61333,0,0,3.1188,0,0.089261,0,0,0,0,0.011449,0.22268,3.9371,0
0,0,0,0,0,0,0,0,0,0,0,0,0,0,0,0,0,0.0008011,0,0.010876,0,0,0,0,0,0,0,0,0,0,0,0,0,0,0,0,0,0,0,0,0,0,0,0,0,0,0,0,0,0,0.23969,0,0,0,0,0,0.10871,1.7076,0,8.5751,0.20545,0,0,16.562,1.3928,29.94,0,0,0.61333,144.96,54.595,0,7.2782,0.01159,0.14865,0,0.55097,0.74175,0,0.055385,1.2462,0.13042,0.021352
0,0,0,0,0,0,0,0,0,0,0,0,0,0,0,0,0,0,0,0,0,0,0,0,0,0,0,0,0,0,0,0,0,0,0,0,0,0,0,0,0,0,0,0,0,0,0,0,0,0,0.67048,0,0,0,0,0,0.083387,2.4961,0,17.413,0,0,0,2.3826,0.20417,3.3982,0,0,0,54.595,127.43,31.42,27.571,0.050072,0,0,0,0.29663,0,0.054592,0,0,0
0,0,0,0,0,0,0,0,0,0,0,0,0,0,0,0,0,0,0,0,0,0,0,0,0,0,0,0,0,0,0,0,0,0,0,0,0,0,0,0,0,0,0,0,0,0,0,0,0,0,0,0,0,0,0,0,0,12.002,0,19.665,0,0,0,0,0,0,0,0,0,0,31.42,27.908,30.771,0,0,0,0,0,0,0,0,0,0
0,0,0,0,0,0,0,0,0,0,0,0,0,0,0,0,0,0.0011129,0,0.062752,0,0,0,0.043876,0,0,0,0,0,0,0,0,0,0,0,0,0,0,0,0,0,1.7149,0,0,0.22222,0,0,0.27448,0.023211,0,0.78054,0,0,0,0,0,0.33386,8.3538,2.3384,8.3389,0,0,0.42544,1.7788,0.37954,3.09,0,0,3.1188,7.2782,27.571,30.771,162.93,12.357,0.29594,0,2.8081,0.75026,0,0.27999,0.70673,0,0.57469
0,0,0,0,0,0,0,0,0,0,0,0,0,0,0,0,0,0,0,0,0,0,0,0,0,0,0,0,0,0,0,0,0,0,0,0,0,0,0,0,0,0,0,0,0,0,0,0,0,0,0,0,0,0,0,0,0,0.63066,0,1.0355,0,0,0,0,0,0,0,0,0,0.01159,0.050072,0,12.357,10.791,0,0,0.824,0,0,0,0,0,0
0,0,0,0,0,0,0,0,0,0,0,0,0,0,0,0,0,0,0,0,0,0,0,0,0,0,0,0,0,0,0,0,0,0,0,0,0,0,0,0,0,0,0,0,0.05524,2.2041,0,10.541,17.348,6.6022,22.63,1.9022,0,0,0,0,0,0,9.5002,1.0149,0.89935,0.05649,0.15234,0.76502,0.01648,0.36312,0,0,0.089261,0.14865,0,0,0.29594,0,22.102,9.0463,0.64968,13.364,0,8.2366,18.928,1.7804,21.038
0,0,0,0,0,0,0,0,0,0,0,0,0,0,0,0,0,0,0,0,0,0,0,0,0,0,0,0,0,0,0,0,0,0,0,0,0,0,0,0,0,3.0776,0,0,6.9672,0,0,5.7868,1.3257,0.033354,0.014739,0,3.0406,0,0.02507,0,0,0,0.017376,0,0,0,0,0,0,0,0,0,0,0,0,0,0,0,9.0463,4.9592,5.8874,2.3059,4.9596,0.29662,0.058893,0,0.11578
0,0,0,0,0,0,0,0,0,0,0,0,0,0,0,0,0,0,0,0,0,0,0,0,0,0,0,0,0,0,0,0,0,0,0,0,0,0,0,0,0,15.501,0,0.044223,4.3612,7.7062,1.714,9.8275,7.0979,5.1079,18.863,0,0,0,0,0,4.0759,0.81516,5.3115,1.1294,0,0,0,0.89364,0,0.53951,0,0,0,0.55097,0,0,2.8081,0.824,0.64968,5.8874,21.624,37.272,8.094,0.23492,0,1.3772,0
0,0,0,0,0,0,0,0,0,0,0,0,0,0,0,0,0,0,0,0,0,0,0,0,0,0,0,0,0,0,0,0,0,0,0,0,0,0,0,0,0,0,0,0,0.18305,1.8516,0,5.4187,8.1216,5.3031,19.492,0,0,0,0,0,0,0,5.0768,2.0618,0.043028,0.0045909,0.016458,0.61273,0,0.38802,0,0,0,0.74175,0.29663,0,0.75026,0,13.364,2.3059,37.272,18.657,2.5164,7.2556,2.5439,2.8766,41.598
0,0,0,0,0,0,0,0,0,0,0,0,0,0,0,0,0,0,0,0,0,0,0,0,0,0,0,0,0,0,0,0,0,0,0,0,0,0,0,0,0,1.7821,0,0,4.5645,0,0,0,0,0,0,0,1.9335,0,0,0,0,0,0,0,0,0,0,0,0,0,0,0,0,0,0,0,0,0,0,4.9596,8.094,2.5164,4.787,0,0,0,0
0,0,0,0,0,0,0,0,0,0,0,0,0,0,0,0,0,0,0,0,0,0,0,0,0,0,0,0,0,0,0,0,0,0,0,0,0,0,0,0,0,0,0,0,0.007799,0.31144,0,1.1087,4.6877,1.8363,5.7312,0,0,0,0,0,0,0,3.9622,1.9982,0.38985,0,0,1.1372,0.0007239,0.053357,0,0,0.011449,0.055385,0.054592,0,0.27999,0,8.2366,0.29662,0.23492,7.2556,0,1.1357,1.5296,0.45725,22.824
0,0,0,0,0,0,0,0,0,0,0,0,0,0,0,0,0,0,0,0,0,0,0,0,0,0,0,0,0,0,0,0,0,0,0,0,0,0,0,0.16196,0,0,0,0,0,0,0,0.007428,0,0,0,0,0,0,0,4.5243,0,0,0,0,1.9114,0,0,0,6.54,12.135,23.736,5.6646,0.22268,1.2462,0,0,0.70673,0,18.928,0.058893,0,2.5439,0,1.5296,49.843,3.4131,0
0,0,0,0,0,0,0,0,0,0,0,0,0,0,0,0,0,0,0,0,0,0,0,0,0,0,0,0,0,0,0,0,0,0,0,0,0,0,0,0,0,0,0,0,0,0,0,0.0053091,0.00014306,0,0,0,0,0,0,0,0,0,0,0,0,0,0,0,0,2.5381,0,2.9862,3.9371,0.13042,0,0,0,0,1.7804,0,1.3772,2.8766,0,0.45725,3.4131,4.9906,0
0,0,0,0.0099058,0,0,1.3462,11.935,1.51,28.629,1.8069,0,0,0,0,5.6613,0,9.4144,2.4585,0.86421,0,0,0,0.0020419,0,0,0,0,0.027809,0,0,0.11616,0,27.865,1.3872,0,31.828,0,25.228,5.0522,0.28513,0,0,0,0.0020105,0,0,1.2729,7.2253,5.2871,28.402,0,0,0,0,0,0,0,11.306,1.0624,0.27975,0,0,0.13898,0,0,0,0,0,0.021352,0,0,0.57469,0,21.038,0.11578,0,41.598,0,22.824,0,0,0
