81.858,7.8097,2.187,23.538,6.6663,0.26056,4.5615,0,0,0,0,0,0,0,0,0,0,0,0.073237,0,0,0,0.28592,0,0,0,0,0.26729,0,0.11822,0,2.6546,0,0.20384,4.6578,19.279,0.093952,11.355,0,0,0.0004734,0,0,0,0,0,0,0,0,0,0,0,0,0,0,0,0,0,0,0,0,0,0,0,0,0,0,0,0,0,0,0,0,0,0,0,0,0,0,0,0,0,0
7.8097,8.6376,0,0,7.0747,0.00031136,10.885,0.76256,0,0.036732,0,0,0,0,0,0,0,0.0084555,0.064247,0,0,0,0.17163,0,0,0,0,0,0,0,0.011688,0.35517,0,0.98967,0,3.8593,0.8249,0,0.035826,0,0,0,0,0,0,0,0,0,0,0,0,0,0,0,0,0,0,0,0,0,0,0,0,0,0,0,0,0,0,0,0,0,0,0,0,0,0,0,0,0,0,0,0
2.187,0,1.0523,8.7688,0,0,1.5187,1.1272,0,0,0,0,0,0,0,0,0,0,0,0,0,0,0,0,0,0,0,0,0,0,0,0,0,0.11392,0.74989,0.63896,0.35623,0.24014,0.0037682,0,0,0,0,0,0.19595,0,0,0.43464,0,0,0,0,0.012327,0,0,0,0,0,0,0,0,0,0,0,0,0,0,0,0,0,0,0,0,0,0,0,0,0,0,0,0,0,0.0005866
23.538,0,8.7688,36.794,0,0,12.739,4.4344,0,0,0,3.8098,0,0,0,0,0,0,0,0,0,0,0,0,0,0,0,0,0,0,0,0.17523,0,0.16863,10.426,2.5676,0.10927,14.741,0.010136,0,0,0,0,0,1.7532,0,0,0.32599,0.38973,0,0,0,0.24002,0,0,0,0,0,0,0,0,0,0,0,0,0,0,0,0,0,0,0,0,0,0,0,0,0,0,0,0,0,0
6.6663,7.0747,0,0,44.424,8.7533,20.544,0,0,0.25408,0,0,0,0,0,0.023087,0.0072523,0.063909,0.11137,0,0,0,0.018209,0,0,0,0,0,0,0.01495,0.0072296,0.37144,0.0064813,1.1634,0,7.5753,1.1431,0,0.25372,0,0,0,0,0,0,0,0,0,0,0,0,0,0,0,0,0,0,0,0,0,0,0,0,0,0,0,0,0,0,0,0,0,0,0,0,0,0,0,0,0,0,0,0.10826
0.26056,0.00031136,0,0,8.7533,63.667,12.176,0,7.2621,15.085,0,0,0,0,0,0.11131,0.93568,0,0.088934,0,0,0,0,0,0,0,0,0,0,0.0016385,0.063373,0.059998,0,0,0,0,0,0,0,0,0,0,0,0,0,0,0,0,0,0,0,0,0,0,0,0,0,0,0,0,0,0,0,0,0,0,0,0,0,0,0,0,0,0,0,0,0,0,0,0,0,0,0
4.5615,10.885,1.5187,12.739,20.544,12.176,287.36,71.728,27.947,1.1799,0,1.0421,4.3707,0,0,0.01448,0.055945,0.017433,0.13588,0,0,0,0.029083,0,0,0,0,0,0,0.049967,0.012249,0,0,10.657,5.7381,11.4,4.1256,0,1.3113,0.0026389,0,0,0,0,1.0486,0,0,5.6345,4.7156,0,0,0,0.077553,0.18633,0,0,0,0,0,0,0,0,0,0,0,0,0,0,0,0,0,0,0,0,0,0,0,0,0,0,0,0,1.4714
0,0.76256,1.1272,4.4344,0,0,71.728,446.22,19.608,22.806,15.196,9.2707,50.538,48.573,0.04495,0,0,0,0,0,0,0,0,0,0,0,0,0,0,0,0,0,0,26.879,3.7764,7.4582,8.866,0,5.9996,0.013766,0,0,0,0,0.72145,0,0,7.0485,40.261,0.79439,0,0,0.16686,2.156,1.1047,0.00085912,0,0,0,0,0,0,0,0,0,0,0,0,0,0,0,0,0,0,0,0,0,0,0,0,0,0,13.809
0,0,0,0,0,7.2621,27.947,19.608,132.58,45.221,0,0,0,0,0,0,0.58512,0.0024867,0.17954,0,0,0,0,0,0,0,0,0,0,0.023621,0,0,0,2.2583,0,2.607,1.5428,0,1.0643,0,0,0,0,0,0,0,0,0,0,0,0,0,0,0,0,0,0,0,0,0,0,0,0,0,0,0,0,0,0,0,0,0,0,0,0,0,0,0,0,0,0,0,1.7438
0,0.036732,0,0,0.25408,15.085,1.1799,22.806,45.221,252.72,48.232,0,0,15.581,0,35.089,15.093,3.8976,2.5539,0.40442,0,0,0,0,0,0,0,0,0,0.086722,1.0624,0,0,33.487,0,14.234,15.126,0,10.45,0,0,0,0,0,0,0,0,0,0,0,0,0,0,0,0,0,0,0,0,0,0,0,0,0,0,0,0,0,0,0,0,0,0,0,0,0,0,0,0,0,0,0,30.26
0,0,0,0,0,0,0,15.196,0,48.232,69.899,0,0,20.205,0,10.752,0,6.9642,0,9.4256,0,0,0,0,0,0,0,0,0,0,0,0,0,4.3612,0,0,0,0,1.9737,0,0,0,0,0,0,0,0,0,0,0,0,0,0,0,0,0,0,0,0,0,0,0,0,0,0,0,0,0,0,0,0,0,0,0,0,0,0,0,0,0,0,0,2.2019
0,0,0,3.8098,0,0,1.0421,9.2707,0,0,0,8.8711,3.4189,0,0,0,0,0,0,0,0,0,0,0,0,0,0,0,0,0,0,0,0,0,0,0,0,1.281,0,0,0,0,0,0,0,0,0,0,0.42193,0,0,0,0.56652,0,0,0,0,0,0,0,0,0,0,0,0,0,0,0,0,0,0,0,0,0,0,0,0,0,0,0,0,0,0
0,0,0,0,0,0,4.3707,50.538,0,0,0,3.4189,20.8,7.5554,0,0,0,0,0,0,0,0,0,0,0,0,0,0,0,0,0,0,0,0,0,0,0,0,0,0,0,0,0,0,0,0,0,2.1825,9.2515,0,0,0,0.28674,4.9121,0.48175,0,0,0,0,0,0,0,0,0,0,0,0,0,0,0,0,0,0,0,0,0,0,0,0,0,0,0,0
0,0,0,0,0,0,0,48.573,0,15.581,20.205,0,7.5554,77.624,9.3663,0,0,1.7964,0,13.18,0,0,0,0,0,0,0,0,0,0,0,0,0,2.4399,0,0,0,0,0,0.074101,0,0,0,0,0,0,0,0,6.4241,0,0,0,0,0,9.0578,0.28468,0.080802,0,0.15359,0,0,0,0,0,0,0,0,0,0,0,0,0,0,0,0,0,0,0,0,0,0,0,0
0,0,0,0,0,0,0,0.04495,0,0,0,0,0,9.3663,22.951,0,0,15.501,0,42.847,0,0.022699,0,1.0195,0,3.6176,0,0,0,0,0,0,0,1.2533,0,0,0,0,0.5453,5.1579,0,0,0,0,0,0,0,0,0,0,0,0,0,0,0,6.2691,0,0,1.6901,0,1.6802,0,0,0.19373,0,0,0,0,0,0,0,0,0,0,0,0,0,0,0,0,0,0,0.78753
0,0,0,0,0.023087,0.11131,0.01448,0,0,35.089,10.752,0,0,0,0,176.22,30.727,13.859,0.97597,1.8827,0,0,0,0,0,0,0,0,0,0,0,0,0,0,0,0,2.9127,0,0,0,0,0,0,0,0,0,0,0,0,0,0,0,0,0,0,0,0,0,0,0,0,0,0,0,0,0,0,0,0,0,0,0,0,0,0,0,0,0,0,0,0,0,0
0,0,0,0,0.0072523,0.93568,0.055945,0,0.58512,15.093,0,0,0,0,0,30.727,152.01,7.8968,40.44,0,0,0,0,0,0,0,0,0,0,2.0652,13.513,5.8981,1.0821,0,0,4.8062,0,0,0,0,0,0,0,0,0,0,0,0,0,0,0,0,0,0,0,0,0,0,0,0,0,0,0,0,0,0,0,0,0,0,0,0,0,0,0,0,0,0,0,0,0,0,0
0,0.0084555,0,0,0.063909,0,0.017433,0,0.0024867,3.8976,6.9642,0,0,1.7964,15.501,13.859,7.8968,247.84,35.002,134.05,3.1529,0,13.71,0,1.0113,0,0,0,0,0,0,0,0,8.1844,0.016893,1.5046,3.071,0,2.9635,0.887,0.48025,0,0,0,0,0,0,0,0,0,0,0,0,0,0,0.35108,0,0,2.2408,0.43304,1.4127,0,0,0.57531,0,0,0,0,0,0,0,0,0,0,0,0,0,0,0,0,0,0,10.796
0.073237,0.064247,0,0,0.11137,0.088934,0.13588,0,0.17954,2.5539,0,0,0,0,0,0.97597,40.44,35.002,273.53,0,0,0,35.289,0,2.5451,0,0.018826,0,10.382,21.579,16.928,1.6854,0.30956,1.1914,0,4.1394,3.9773,0,1.4721,0.96173,0.47932,0,0,0,0,0,0,0,0,0,0,0,0,0,0,0,0,0,0,0,0,0,0,0,0,0,0,0,0,0,0,0,0,0,0,0,0,0,0,0,0,0,2.6451
0,0,0,0,0,0,0,0,0,0.40442,9.4256,0,0,13.18,42.847,1.8827,0,134.05,0,180.82,8.7542,10.485,8.4493,2.5409,0.87179,0.53389,0,0,0,0,0,0,0,1.3089,0,0,0,0,0,3.0677,0,0,0,0,0,0,0,0,0,0,0,0,0,0,0,1.3951,0,0,3.0027,0,9.4519,0.20736,0.17018,0.86079,0,0,0,0,0,0,0,0,0,0,0,0,0,0,0,0,0,0,0
0,0,0,0,0,0,0,0,0,0,0,0,0,0,0,0,0,3.1529,0,8.7542,59.664,45.966,22.652,0.54522,0,0,0,0,0,0,0,0,0,0,0,0,0,0,0,0,0,0,0,0,0,0,0,0,0,0,0,0,0,0,0,0,0,0,0,0,0.101,0,0,0.52671,0,0,0,0,0,0,0,0,0,0,0,0,0,0,0,0,0,0,0
0,0,0,0,0,0,0,0,0,0,0,0,0,0,0.022699,0,0,0,0,10.485,45.966,40.455,43.923,69.875,0.87945,0,0,0,0.82876,1.9726,0,0.42852,0,0,0,0.11492,0,0,0,0.52926,0,0,0,0,0,0,0,0,0,0,0,0,0,0,0,0,0,0,0.039467,0,0.15918,0,0,0.2876,0,0,0,0,0,0,0,0,0,0,0,0,0,0,0,0,0,0,0
0.28592,0.17163,0,0,0.018209,0,0.029083,0,0,0,0,0,0,0,0,0,0,13.71,35.289,8.4493,22.652,43.923,283.04,12.496,43.231,0.091363,0.0024056,0,15.757,2.5109,0,0.70734,0,0.12778,0,0.913,0.38038,0,0.28341,0.97554,0.31265,0,0,0,0,0,0,0,0,0,0,0,0,0,0,0,0,0,0.30221,0.037798,0.57906,0.039629,0.10157,1.4451,0,0,0,0,0,0,0,0,0,0,0,0,0,0,0,0,0,0,0.086588
0,0,0,0,0,0,0,0,0,0,0,0,0,0,1.0195,0,0,0,0,2.5409,0.54522,69.875,12.496,95.736,5.3701,6.9807,0.0016527,0.0066921,0.9285,0,0,0,0,0,0,0.18728,0,0,0,5.8102,0,0,0,0,0,0,0,0,0,0,0,0,0,0,0,0,0,0,0.11416,0,0.20625,0.0057016,0,0.068374,0,0,0,0,0,0,0,0,0,0,0,0,0,0,0,0,0,0,0
0,0,0,0,0,0,0,0,0,0,0,0,0,0,0,0,0,1.0113,2.5451,0.87179,0,0.87945,43.231,5.3701,88.334,4.7649,3.7282,0,22.718,0,0,0,0,0.055145,0,0,0,0,0.021445,12.769,1.8405,0,0,0,0,0,0,0,0,0,0,0,0,0,0,0,0,0,0,0,0,0,0,0,0,0,0,0,0,0,0,0,0,0,0,0,0,0,0,0,0,0,0
0,0,0,0,0,0,0,0,0,0,0,0,0,0,3.6176,0,0,0,0,0.53389,0,0,0.091363,6.9807,4.7649,14.894,1.7415,0,0.27715,0,0,0,0,0,0,0,0,0,0,30.686,0.052284,0,0,0,0,0,0,0,0,0,0,0,0,0,0,0,0,0,0,0,0,0,0,0,0,0,0,0,0,0,0,0,0,0,0,0,0,0,0,0,0,0,0
0,0,0,0,0,0,0,0,0,0,0,0,0,0,0,0,0,0,0.018826,0,0,0,0.0024056,0.0016527,3.7282,1.7415,3.2607,0.82265,0.34369,0,0,0,0,0,0,0,0,0,0,10.205,5.238,0,0,0,0,0,0,0,0,0,0,0,0,0,0,0,0,0,0,0,0,0,0,0,0,0,0,0,0,0,0,0,0,0,0,0,0,0,0,0,0,0,0
0.26729,0,0,0,0,0,0,0,0,0,0,0,0,0,0,0,0,0,0,0,0,0,0,0.0066921,0,0,0.82265,7.785,1.5559,1.2154,0,5.2355,0,0,0,1.2714,0,0,0,0,4.402,0,0,0,0,0,0,0,0,0,0,0,0,0,0,0,0,0,0,0,0,0,0,0,0,0,0,0,0,0,0,0,0,0,0,0,0,0,0,0,0,0,0
0,0,0,0,0,0,0,0,0,0,0,0,0,0,0,0,0,0,10.382,0,0,0.82876,15.757,0.9285,22.718,0.27715,0.34369,1.5559,145.47,33.7,0,4.2276,0,0.21609,0,1.0931,0,0,0.0059667,2.6565,0.99532,0,0,0,0,0,0,0,0,0,0,0,0,0,0,0,0,0,0,0,0,0,0,0,0,0,0,0,0,0,0,0,0,0,0,0,0,0,0,0,0,0,0
0.11822,0,0,0,0.01495,0.0016385,0.049967,0,0.023621,0.086722,0,0,0,0,0,0,2.0652,0,21.579,0,0,1.9726,2.5109,0,0,0,0,1.2154,33.7,119.33,16.578,23.206,0,0,0,0.69228,0.12405,0,0,0,0,0,0,0,0,0,0,0,0,0,0,0,0,0,0,0,0,0,0,0,0,0,0,0,0,0,0,0,0,0,0,0,0,0,0,0,0,0,0,0,0,0,0.0040729
0,0.011688,0,0,0.0072296,0.063373,0.012249,0,0,1.0624,0,0,0,0,0,0,13.513,0,16.928,0,0,0,0,0,0,0,0,0,0,16.578,23.746,19.579,0.22382,0,0,0.38552,0.33079,0,0,0,0,0,0,0,0,0,0,0,0,0,0,0,0,0,0,0,0,0,0,0,0,0,0,0,0,0,0,0,0,0,0,0,0,0,0,0,0,0,0,0,0,0,0.040616
2.6546,0.35517,0,0.17523,0.37144,0.059998,0,0,0,0,0,0,0,0,0,0,5.8981,0,1.6854,0,0,0.42852,0.70734,0,0,0,0,5.2355,4.2276,23.206,19.579,167.32,6.3345,0,0,2.4881,0.23684,0,0,0,0,0,0,0,0,0,0,0,0,0,0,0,0,0,0,0,0,0,0,0,0,0,0,0,0,0,0,0,0,0,0,0,0,0,0,0,0,0,0,0,0,0,0.11842
0,0,0,0,0.0064813,0,0,0,0,0,0,0,0,0,0,0,1.0821,0,0.30956,0,0,0,0,0,0,0,0,0,0,0,0.22382,6.3345,5.01,0,0,0.051257,0,0,0,0,0,0,0,0,0,0,0,0,0,0,0,0,0,0,0,0,0,0,0,0,0,0,0,0,0,0,0,0,0,0,0,0,0,0,0,0,0,0,0,0,0,0,0
0.20384,0.98967,0.11392,0.16863,1.1634,0,10.657,26.879,2.2583,33.487,4.3612,0,0,2.4399,1.2533,0,0,8.1844,1.1914,1.3089,0,0,0.12778,0,0.055145,0,0,0,0.21609,0,0,0,0,18.802,13.413,0.66262,8.4537,0.27171,8.8098,11.61,1.2539,0,0,0,0,0,0,0,0,0,0,0,0,0,0,0,0,0,0,0,0,0,0,0,0,0,0,0,0,0,0,0,0,0,1.6366,0,0,0,0,0,0,0,35.759
4.6578,0,0.74989,10.426,0,0,5.7381,3.7764,0,0,0,0,0,0,0,0,0,0.016893,0,0,0,0,0,0,0,0,0,0,0,0,0,0,0,13.413,3.2022,0,4.5018,6.5424,0.60135,0.031908,0,0,0,0,0,0,0,0,0,0,0,0,0,0,0,0,0,0,0,0,0,0,0,0,0,0,0,0,0,0,0,0,0,0,0,0,0,0,0,0,0,0,0
19.279,3.8593,0.63896,2.5676,7.5753,0,11.4,7.4582,2.607,14.234,0,0,0,0,0,0,4.8062,1.5046,4.1394,0,0,0.11492,0.913,0.18728,0,0,0,1.2714,1.0931,0.69228,0.38552,2.4881,0.051257,0.66262,0,26.628,24.718,11.117,0.30275,0,2.06,0,0,0,0,0,0,0,0,0,0,0,0,0,0,0,0,0,0,0,0,0,0,0,0,0,0,0,0,0,0,0,0,0,0,0,0,0,0,0,0,0,0.18152
0.093952,0.8249,0.35623,0.10927,1.1431,0,4.1256,8.866,1.5428,15.126,0,0,0,0,0,2.9127,0,3.071,3.9773,0,0,0,0.38038,0,0,0,0,0,0,0.12405,0.33079,0.23684,0,8.4537,4.5018,24.718,12.441,1.8283,4.6329,0,5.7456,0,0,0,0,0,0,0,0,0,0,0,0,0,0,0,0,0,0,0,0,0,0,0,0,0,0,0,0,0,0,0,0,0,0,0,0,0,0,0,0,0,28.518
11.355,0,0.24014,14.741,0,0,0,0,0,0,0,1.281,0,0,0,0,0,0,0,0,0,0,0,0,0,0,0,0,0,0,0,0,0,0.27171,6.5424,11.117,1.8283,8.083,0,0,0,0,0,0,0,0,0,0,0,0,0,0,0,0,0,0,0,0,0,0,0,0,0,0,0,0,0,0,0,0,0,0,0,0,0,0,0,0,0,0,0,0,0
0,0.035826,0.0037682,0.010136,0.25372,0,1.3113,5.9996,1.0643,10.45,1.9737,0,0,0,0.5453,0,0,2.9635,1.4721,0,0,0,0.28341,0,0.021445,0,0,0,0.0059667,0,0,0,0,8.8098,0.60135,0.30275,4.6329,0,1.2998,2.6776,0.51521,0,0,0,0,0,0,0,0,0,0,0,0,0,0,0,0,0,0,0,0,0,0,0,0,0,0,0,0,0,0,0,0,0,0,0,0,0,0,0,0,0,24.3
0,0,0,0,0,0,0.0026389,0.013766,0,0,0,0,0,0.074101,5.1579,0,0,0.887,0.96173,3.0677,0,0.52926,0.97554,5.8102,12.769,30.686,10.205,0,2.6565,0,0,0,0,11.61,0.031908,0,0,0,2.6776,54.875,4.555,0,0,0,0,0,0,0,0,0,0,0,0,0,0,0,0,0,0,0,0,0,0,0,0,0,0,0,0,0,0,0,0,0,0,0,0,0,0,0,0,0,4.6603
0.0004734,0,0,0,0,0,0,0,0,0,0,0,0,0,0,0,0,0.48025,0.47932,0,0,0,0.31265,0,1.8405,0.052284,5.238,4.402,0.99532,0,0,0,0,1.2539,0,2.06,5.7456,0,0.51521,4.555,8.2816,0,0,0,0,0,0,0,0,0,0,0,0,0,0,0,0,0,0,0,0,0,0,0,0,0,0,0,0,0,0,0,0,0,0,0,0,0,0,0,0,0,0.37142
0,0,0,0,0,0,0,0,0,0,0,0,0,0,0,0,0,0,0,0,0,0,0,0,0,0,0,0,0,0,0,0,0,0,0,0,0,0,0,0,0,81.571,12.164,0,19.487,9.4099,0,14.552,0,0,0,0,0,0,0,0,0,0,0,0.0097214,0,0,0.0069675,0.16218,0,0,0,0,0.19265,0.45081,0.19566,0,2.1386,0.017435,0.68543,3.985,20.691,1.4149,3.4231,0,0,0,0
0,0,0,0,0,0,0,0,0,0,0,0,0,0,0,0,0,0,0,0,0,0,0,0,0,0,0,0,0,0,0,0,0,0,0,0,0,0,0,0,0,12.164,8.5442,0,0,8.6442,0,3.9861,0,0,0,0,0,0,0,0,0,0,0,0,0,0,0,0.010741,0,0,0,0,0,0,0,0,0.080853,0,0.25844,0.17752,2.3235,0.3444,0.0070445,0,0,0,0
0,0,0,0,0,0,0,0,0,0,0,0,0,0,0,0,0,0,0,0,0,0,0,0,0,0,0,0,0,0,0,0,0,0,0,0,0,0,0,0,0,0,0,1.2656,6.0751,0,0,1.2548,0.89683,0,0,0,0,0,0,0,0,0,0,0,0,0,0,0,0,0,0,0,0,0,0.00020531,0,0.010993,0,0,0.045805,0.055235,0,0.0012056,0,0,0,0
0,0,0.19595,1.7532,0,0,1.0486,0.72145,0,0,0,0,0,0,0,0,0,0,0,0,0,0,0,0,0,0,0,0,0,0,0,0,0,0,0,0,0,0,0,0,0,19.487,0,6.0751,35.793,0,0,11.798,6.2935,0,0,0,4.2637,0,0,0,0,0,0,0,0,0,0,0,0,0,0,0,0,0.012321,0.026181,0,0.25435,0,0.07862,8.7664,5.12,0,8.5489,0,0,0,0
0,0,0,0,0,0,0,0,0,0,0,0,0,0,0,0,0,0,0,0,0,0,0,0,0,0,0,0,0,0,0,0,0,0,0,0,0,0,0,0,0,9.4099,8.6442,0,0,43.084,8.2369,20.395,0,0,0.001331,0,0,0,0,0,0,0,0,0.0038109,0,0,0,0.012332,0,0,0,0,0,0,0.0036817,0,0.16301,0.0010054,2.6235,0,8.3541,2.0225,0,0,0,0,0.075768
0,0,0,0,0,0,0,0,0,0,0,0,0,0,0,0,0,0,0,0,0,0,0,0,0,0,0,0,0,0,0,0,0,0,0,0,0,0,0,0,0,0,0,0,0,8.2369,74.403,19.496,0,7.7054,14.323,0,0,0,0,0,0.34493,0.59721,0,0.020289,0,0,0,0.0030534,0,0,0,0,0,0.00010767,0.041362,0,0.056965,0.00067408,0.16814,0,1.7502,0.36501,0,0,0,0,0.027729
0,0,0.43464,0.32599,0,0,5.6345,7.0485,0,0,0,0,2.1825,0,0,0,0,0,0,0,0,0,0,0,0,0,0,0,0,0,0,0,0,0,0,0,0,0,0,0,0,14.552,3.9861,1.2548,11.798,20.395,19.496,316.69,72.903,39.008,0.87448,0,0,7.6202,0,0,0,0.021301,0,0.0028108,0,0,0.0049109,0.025359,0.0018782,0,0,0,0,0.025191,0.070924,0,0.34109,0.0027869,11.589,6.9533,11.548,5.7298,0.3101,0,0,0,1.4268
0,0,0,0.38973,0,0,4.7156,40.261,0,0,0,0.42193,9.2515,6.4241,0,0,0,0,0,0,0,0,0,0,0,0,0,0,0,0,0,0,0,0,0,0,0,0,0,0,0,0,0,0.89683,6.2935,0,0,72.903,481.37,14.759,21.502,10.509,10.067,44.521,36.039,0,0.024886,0,0,0.0069863,0,0,0,0,0,0,0,0,0,0,0,0,0,0,19.104,1.6482,8.7373,8.9942,0,0,0,0,7.0506
0,0,0,0,0,0,0,0.79439,0,0,0,0,0,0,0,0,0,0,0,0,0,0,0,0,0,0,0,0,0,0,0,0,0,0,0,0,0,0,0,0,0,0,0,0,0,0,7.7054,39.008,14.759,161.59,42.358,0,0,0,0,0,0.337,0.55154,0,0.013346,0,0,0,0,0,0,0,0,0.00070998,0.26583,0.16898,0.03753,0.0588,0,6.2354,0,6.0342,6.6406,0,0,0,0,5.8891
0,0,0,0,0,0,0,0,0,0,0,0,0,0,0,0,0,0,0,0,0,0,0,0,0,0,0,0,0,0,0,0,0,0,0,0,0,0,0,0,0,0,0,0,0,0.001331,14.323,0.87448,21.502,42.358,269.66,26.024,0,0,10.375,0,31.934,8.8667,5.1566,0.61667,0.16503,0,0,0,0,0,0,0,0,0.29255,0.7856,0,0.75481,0,25.018,0,16.622,19.164,0,0,0,0,31.086
0,0,0,0,0,0,0,0,0,0,0,0,0,0,0,0,0,0,0,0,0,0,0,0,0,0,0,0,0,0,0,0,0,0,0,0,0,0,0,0,0,0,0,0,0,0,0,0,10.509,0,26.024,41.088,0,0,15.502,0,8.2469,0,2.7961,0,3.0135,0,0,0,0,0,0,0,0,0,0,0,0,0,2.1286,0,0,0,0,0,0,0,0
0,0,0.012327,0.24002,0,0,0.077553,0.16686,0,0,0,0.56652,0.28674,0,0,0,0,0,0,0,0,0,0,0,0,0,0,0,0,0,0,0,0,0,0,0,0,0,0,0,0,0,0,0,4.2637,0,0,0,10.067,0,0,0,6.7443,3.4854,0,0,0,0,0,0,0,0,0,0,0,0,0,0,0,0,0,0,0,0,0,0,0,0,2.2908,0,0,0,0
0,0,0,0,0,0,0.18633,2.156,0,0,0,0,4.9121,0,0,0,0,0,0,0,0,0,0,0,0,0,0,0,0,0,0,0,0,0,0,0,0,0,0,0,0,0,0,0,0,0,0,7.6202,44.521,0,0,0,3.4854,17.991,8.4614,0.17477,0,0,0,0,0.082679,0,0,0,0,0,0,0,0,0,0,0,0,0,0,0,0,0,0,0,0,0,0
0,0,0,0,0,0,0,1.1047,0,0,0,0,0.48175,9.0578,0,0,0,0,0,0,0,0,0,0,0,0,0,0,0,0,0,0,0,0,0,0,0,0,0,0,0,0,0,0,0,0,0,0,36.039,0,10.375,15.502,0,8.4614,63.31,14.13,1.3862,0,4.4097,0,15.174,0,0,0,0,0,0,0,0,0,0,0,0,0,0,0,0,0,0,0,0,0,0
0,0,0,0,0,0,0,0.00085912,0,0,0,0,0,0.28468,6.2691,0,0,0.35108,0,1.3951,0,0,0,0,0,0,0,0,0,0,0,0,0,0,0,0,0,0,0,0,0,0,0,0,0,0,0,0,0,0,0,0,0,0.17477,14.13,27.253,0,0,14.085,0,33.051,0.03877,0,0,1.6304,0,1.8816,0,0,0,0,0,0,0,0.99423,0,0,0,0,0,3.4497,0,0.33463
0,0,0,0,0,0,0,0,0,0,0,0,0,0.080802,0,0,0,0,0,0,0,0,0,0,0,0,0,0,0,0,0,0,0,0,0,0,0,0,0,0,0,0,0,0,0,0,0.34493,0,0.024886,0.337,31.934,8.2469,0,0,1.3862,0,245.3,28.736,21.105,0.84626,1.5986,0,0,0.00099075,0,0,0,0,0,0.13874,0.10207,0,0.33514,0.0029045,4.8199,0.0042141,4.831,2.6066,0,0,0,0,5.5576
0,0,0,0,0,0,0,0,0,0,0,0,0,0,0,0,0,0,0,0,0,0,0,0,0,0,0,0,0,0,0,0,0,0,0,0,0,0,0,0,0,0,0,0,0,0,0.59721,0.021301,0,0.55154,8.8667,0,0,0,0,0,28.736,207,16.029,45.427,0,0,0,0.81581,0,0,0,0,0,1.9489,2.73,14.69,11.803,0.79094,0,0,0.8325,0,0,0,0,0,0
0,0,0,0,0,0,0,0,0,0,0,0,0,0.15359,1.6901,0,0,2.2408,0,3.0027,0,0.039467,0.30221,0.11416,0,0,0,0,0,0,0,0,0,0,0,0,0,0,0,0,0,0,0,0,0,0,0,0,0,0,5.1566,2.7961,0,0,4.4097,14.085,21.105,16.029,266.27,31.325,102.11,16.971,5.6399,15.96,0.87173,0,0.02347,0,0,0,0,0,0,0,10.411,0.017269,4.8564,5.2233,0,3.8731,2.5558,0,12.56
0,0,0,0,0,0,0,0,0,0,0,0,0,0,0,0,0,0.43304,0,0,0,0,0.037798,0,0,0,0,0,0,0,0,0,0,0,0,0,0,0,0,0,0,0.0097214,0,0,0,0.0038109,0.020289,0.0028108,0.0069863,0.013346,0.61667,0,0,0,0,0,0.84626,45.427,31.325,244.05,0,0,0,43.63,0,0,0,0,0,9.1643,16.524,23.483,8.688,1.071,1.1506,0,1.1665,2.139,0,2.2748,0,0,1.2801
0,0,0,0,0,0,0,0,0,0,0,0,0,0,1.6802,0,0,1.4127,0,9.4519,0.101,0.15918,0.57906,0.20625,0,0,0,0,0,0,0,0,0,0,0,0,0,0,0,0,0,0,0,0,0,0,0,0,0,0,0.16503,3.0135,0,0.082679,15.174,33.051,1.5986,0,102.11,0,143.17,3.4843,1.1254,5.3511,1.9912,0,0.063131,0,0,0,0,0,0,0,0,0,0,0,0,0,1.4211,0,0
0,0,0,0,0,0,0,0,0,0,0,0,0,0,0,0,0,0,0,0.20736,0,0,0.039629,0.0057016,0,0,0,0,0,0,0,0,0,0,0,0,0,0,0,0,0,0,0,0,0,0,0,0,0,0,0,0,0,0,0,0.03877,0,0,16.971,0,3.4843,23.128,25.254,13.279,0.41591,0,0.0041841,0,0,0,0,0,0,0,0,0,0,0,0,0,0.076332,0,0
0,0,0,0,0,0,0,0,0,0,0,0,0,0,0,0,0,0,0,0.17018,0,0,0.10157,0,0,0,0,0,0,0,0,0,0,0,0,0,0,0,0,0,0,0.0069675,0,0,0,0,0,0.0049109,0,0,0,0,0,0,0,0,0,0,5.6399,0,1.1254,25.254,18.1,32.933,33.69,1.8531,0.041604,0,0.000532,0.28777,0.62634,0,0.47846,0,0.13899,0,0.13057,0,0.00015326,0,0.41875,0.0049922,0
0,0,0,0,0,0,0,0,0,0,0,0,0,0,0.19373,0,0,0.57531,0,0.86079,0.52671,0.2876,1.4451,0.068374,0,0,0,0,0,0,0,0,0,0,0,0,0,0,0,0,0,0.16218,0.010741,0,0,0.012332,0.0030534,0.025359,0,0,0,0,0,0,0,0,0.00099075,0.81581,15.96,43.63,5.3511,13.279,32.933,345.35,7.0526,27.568,0.010312,0,0.11323,21.357,8.246,0,1.8313,0.045792,0.74185,0,0.91218,0.62191,0.001309,1.2211,0.39393,0.27548,0.16126
0,0,0,0,0,0,0,0,0,0,0,0,0,0,0,0,0,0,0,0,0,0,0,0,0,0,0,0,0,0,0,0,0,0,0,0,0,0,0,0,0,0,0,0,0,0,0,0.0018782,0,0,0,0,0,0,0,1.6304,0,0,0.87173,0,1.9912,0.41591,33.69,7.0526,66.86,4.8278,6.804,0.0017048,0.0013917,1.4637,0.21477,0,0.37903,0,0,0,0.13877,0,0,0,5.2743,0.0059688,0
0,0,0,0,0,0,0,0,0,0,0,0,0,0,0,0,0,0,0,0,0,0,0,0,0,0,0,0,0,0,0,0,0,0,0,0,0,0,0,0,0,0,0,0,0,0,0,0,0,0,0,0,0,0,0,0,0,0,0,0,0,0,1.8531,27.568,4.8278,103.27,5.9782,2.3982,1.5393,31.315,0,0,0,0,0.29727,0,0,0,0,0,14.043,3.0336,0
0,0,0,0,0,0,0,0,0,0,0,0,0,0,0,0,0,0,0,0,0,0,0,0,0,0,0,0,0,0,0,0,0,0,0,0,0,0,0,0,0,0,0,0,0,0,0,0,0,0,0,0,0,0,0,1.8816,0,0,0.02347,0,0.063131,0.0041841,0.041604,0.010312,6.804,5.9782,17.825,1.5717,0.0010056,0,0,0,0,0,0,0,0,0,0,0,36.164,0,0
0,0,0,0,0,0,0,0,0,0,0,0,0,0,0,0,0,0,0,0,0,0,0,0,0,0,0,0,0,0,0,0,0,0,0,0,0,0,0,0,0,0,0,0,0,0,0,0,0,0,0,0,0,0,0,0,0,0,0,0,0,0,0,0,0.0017048,2.3982,1.5717,2.8306,0.67791,0,0,0,0,0,0,0,0,0,0,0,10.429,4.3086,0
0,0,0,0,0,0,0,0,0,0,0,0,0,0,0,0,0,0,0,0,0,0,0,0,0,0,0,0,0,0,0,0,0,0,0,0,0,0,0,0,0,0.19265,0,0,0,0,0,0,0,0.00070998,0,0,0,0,0,0,0,0,0,0,0,0,0.000532,0.11323,0.0013917,1.5393,0.0010056,0.67791,11.082,0.8043,2.1944,0,4.7861,0,0.08882,0,0.52979,0,0.086683,0,0.32721,4.9327,0
0,0,0,0,0,0,0,0,0,0,0,0,0,0,0,0,0,0,0,0,0,0,0,0,0,0,0,0,0,0,0,0,0,0,0,0,0,0,0,0,0,0.45081,0,0,0.012321,0,0.00010767,0.025191,0,0.26583,0.29255,0,0,0,0,0,0.13874,1.9489,0,9.1643,0,0,0.28777,21.357,1.4637,31.315,0,0,0.8043,190.42,60.05,8.215,0,0.01195,0.13327,0,0.56631,0.75181,0.016075,0,1.9424,0,0
0,0,0,0,0,0,0,0,0,0,0,0,0,0,0,0,0,0,0,0,0,0,0,0,0,0,0,0,0,0,0,0,0,0,0,0,0,0,0,0,0,0.19566,0,0.00020531,0.026181,0.0036817,0.041362,0.070924,0,0.16898,0.7856,0,0,0,0,0,0.10207,2.73,0,16.524,0,0,0.62634,8.246,0.21477,0,0,0,2.1944,60.05,134.85,40.961,37.845,0.054755,0,0,1.0603,0.29305,0.047577,0,0,0.65552,0
0,0,0,0,0,0,0,0,0,0,0,0,0,0,0,0,0,0,0,0,0,0,0,0,0,0,0,0,0,0,0,0,0,0,0,0,0,0,0,0,0,0,0,0,0,0,0,0,0,0.03753,0,0,0,0,0,0,0,14.69,0,23.483,0,0,0,0,0,0,0,0,0,8.215,40.961,29.884,36.654,0,0,0,0,0,0,0,0,0,0
0,0,0,0,0,0,0,0,0,0,0,0,0,0,0,0,0,0,0,0,0,0,0,0,0,0,0,0,0,0,0,0,0,0,0,0,0,0,0,0,0,2.1386,0.080853,0.010993,0.25435,0.16301,0.056965,0.34109,0,0.0588,0.75481,0,0,0,0,0,0.33514,11.803,0,8.688,0,0,0.47846,1.8313,0.37903,0,0,0,4.7861,0,37.845,36.654,216.34,6.3883,0,0,3.1761,0.80777,0.027631,0,0,1.1701,0
0,0,0,0,0,0,0,0,0,0,0,0,0,0,0,0,0,0,0,0,0,0,0,0,0,0,0,0,0,0,0,0,0,0,0,0,0,0,0,0,0,0.017435,0,0,0,0.0010054,0.00067408,0.0027869,0,0,0,0,0,0,0,0,0.0029045,0.79094,0,1.071,0,0,0,0.045792,0,0,0,0,0,0.01195,0.054755,0,6.3883,9.0239,0,0,0.75031,1.2477,0,0,0,0,0
0,0,0,0,0,0,0,0,0,0,0,0,0,0,0,0,0,0,0,0,0,0,0,0,0,0,0,0,0,0,0,0,0,1.6366,0,0,0,0,0,0,0,0.68543,0.25844,0,0.07862,2.6235,0.16814,11.589,19.104,6.2354,25.018,2.1286,0,0,0,0.99423,4.8199,0,10.411,1.1506,0,0,0.13899,0.74185,0,0.29727,0,0,0.08882,0.13327,0,0,0,0,22.399,8.8343,0.64824,11.715,0.07248,5.0132,18.615,1.6605,22.431
0,0,0,0,0,0,0,0,0,0,0,0,0,0,0,0,0,0,0,0,0,0,0,0,0,0,0,0,0,0,0,0,0,0,0,0,0,0,0,0,0,3.985,0.17752,0.045805,8.7664,0,0,6.9533,1.6482,0,0,0,0,0,0,0,0.0042141,0,0.017269,0,0,0,0,0,0,0,0,0,0,0,0,0,0,0,8.8343,5.4556,2.0398,1.7087,4.2593,0,0,0,0
0,0,0,0,0,0,0,0,0,0,0,0,0,0,0,0,0,0,0,0,0,0,0,0,0,0,0,0,0,0,0,0,0,0,0,0,0,0,0,0,0,20.691,2.3235,0.055235,5.12,8.3541,1.7502,11.548,8.7373,6.0342,16.622,0,0,0,0,0,4.831,0.8325,4.8564,1.1665,0,0,0.13057,0.91218,0.13877,0,0,0,0.52979,0.56631,1.0603,0,3.1761,0.75031,0.64824,2.0398,21.554,34.052,7.7623,0,0,0,0.04617
0,0,0,0,0,0,0,0,0,0,0,0,0,0,0,0,0,0,0,0,0,0,0,0,0,0,0,0,0,0,0,0,0,0,0,0,0,0,0,0,0,1.4149,0.3444,0,0,2.0225,0.36501,5.7298,8.9942,6.6406,19.164,0,0,0,0,0,2.6066,0,5.2233,2.139,0,0,0,0.62191,0,0,0,0,0,0.75181,0.29305,0,0.80777,1.2477,11.715,1.7087,34.052,18.485,1.5408,0,0,5.3896,39.704
0,0,0,0,0,0,0,0,0,0,0,0,0,0,0,0,0,0,0,0,0,0,0,0,0,0,0,0,0,0,0,0,0,0,0,0,0,0,0,0,0,3.4231,0.0070445,0.0012056,8.5489,0,0,0.3101,0,0,0,0,2.2908,0,0,0,0,0,0,0,0,0,0.00015326,0.001309,0,0,0,0,0.086683,0.016075,0.047577,0,0.027631,0,0.07248,4.2593,7.7623,1.5408,6.978,0,0,0,0
0,0,0,0,0,0,0,0,0,0,0,0,0,0,0,0,0,0,0,0,0,0,0,0,0,0,0,0,0,0,0,0,0,0,0,0,0,0,0,0,0,0,0,0,0,0,0,0,0,0,0,0,0,0,0,0,0,0,3.8731,2.2748,0,0,0,1.2211,0,0,0,0,0,0,0,0,0,0,5.0132,0,0,0,0,1.8142,0.47802,0.55979,23.549
0,0,0,0,0,0,0,0,0,0,0,0,0,0,0,0,0,0,0,0,0,0,0,0,0,0,0,0,0,0,0,0,0,0,0,0,0,0,0,0,0,0,0,0,0,0,0,0,0,0,0,0,0,0,0,3.4497,0,0,2.5558,0,1.4211,0.076332,0.41875,0.39393,5.2743,14.043,36.164,10.429,0.32721,1.9424,0,0,0,0,18.615,0,0,0,0,0.47802,52.76,5.1538,1.5214
0,0,0,0,0,0,0,0,0,0,0,0,0,0,0,0,0,0,0,0,0,0,0,0,0,0,0,0,0,0,0,0,0,0,0,0,0,0,0,0,0,0,0,0,0,0,0,0,0,0,0,0,0,0,0,0,0,0,0,0,0,0,0.0049922,0.27548,0.0059688,3.0336,0,4.3086,4.9327,0,0.65552,0,1.1701,0,1.6605,0,0,5.3896,0,0.55979,5.1538,8.6923,0
0,0,0.0005866,0,0.10826,0,1.4714,13.809,1.7438,30.26,2.2019,0,0,0,0.78753,0,0,10.796,2.6451,0,0,0,0.086588,0,0,0,0,0,0,0.0040729,0.040616,0.11842,0,35.759,0,0.18152,28.518,0,24.3,4.6603,0.37142,0,0,0,0,0.075768,0.027729,1.4268,7.0506,5.8891,31.086,0,0,0,0,0.33463,5.5576,0,12.56,1.2801,0,0,0,0.16126,0,0,0,0,0,0,0,0,0,0,22.431,0,0.04617,39.704,0,23.549,1.5214,0,0
