79.346,9.6919,2.1197,23.492,5.0572,0,5.239,0.97827,0,0,0,0,0,0,0,0,0,0,0.080489,0,0,0,0.28879,0,0.087306,0,0,0.26105,0.3997,0.13732,0,2.5662,0,0,0,20.957,0,13.46,0,0,0,0,0,0,0,0,0,0,0,0,0,0,0,0,0,0,0,0,0,0,0,0,0,0,0,0,0,0,0,0,0,0,0,0,0,0,0,0,0,0,0,0,0
9.6919,13.82,0.044697,0,8.6653,0,13.859,0,0,0,0,0,0,0,0,0,0,0,0,0,0,0,0,0,0,0,0,0,0,0,0,0,0,0,0,0,0,0,0,0,0,0,0,0,0,0,0,0,0,0,0,0,0,0,0,0,0,0,0,0,0,0,0,0,0,0,0,0,0,0,0,0,0,0,0,0,0,0,0,0,0,0,0
2.1197,0.044697,1.2987,10.673,0.24521,0,1.7441,1.416,0,0,0,0,0,0,0,0,0,0,0,0,0,0,0,0,0,0,0,0,0,0,0,0,0,0.1162,0.67738,0.59764,0.31857,0.23041,0.0038917,0,0,0,0,0,0,0,0,0,0.17834,0,0,0,0,0,0,0,0,0,0,0,0,0,0,0,0,0,0,0,0,0,0,0,0,0,0,0,0,0,0,0,0,0,0
23.492,0,10.673,49.852,0.2115,0,13.924,4.7241,0,0,0,5.6106,0.015743,0,0,0,0,0,0,0,0,0,0.00015932,0,0.0028628,0,0,0.13382,0.09967,0.056083,0,0,0,0.16406,9.8366,2.7696,0.10058,18.059,0.01162,0,0,0,0.0004274,0,1.6641,0,0,0.28058,0.42892,0,0,0,0,0,0,0,0,0,0,0,0,0,0,0,0,0,0,0,0,0,0,0,0,0,0,0,0,0,0,0,0,0,0
5.0572,8.6653,0.24521,0.2115,42.224,8.0574,20.662,1.4997,0.31067,0,0,0,0,0,0,0,0,0,0,0,0,0,0,0,0,0,0,0,0,0,0,0,0,1.0766,0,8.2093,1.1308,0,0.25648,0,0,0,0,0,0,0,0,0,0,0,0,0,0,0,0,0,0,0,0,0,0,0,0,0,0,0,0,0,0,0,0,0,0,0,0,0,0,0,0,0,0,0,0
0,0,0,0,8.0574,51.967,12.76,2.3129,6.5023,13.282,0,0,0,0,0,0.13847,1.0688,0,0.10282,0,0,0,0,0,0,0,0,0,0,0,0,0.062381,0,0,0,0,0,0,0,0,0,0,0,0,0,0,0,0,0,0,0,0,0,0,0,0,0,0,0,0,0,0,0,0,0,0,0,0,0,0,0,0,0,0,0,0,0,0,0,0,0,0,0
5.239,13.859,1.7441,13.924,20.662,12.76,303.09,82.458,23.242,1.1202,0,0,4.4507,0.035027,0,0,0.062848,0,0.15973,0,0,0,0,0,0,0,0,0,0,0,0,0.1451,0,10.491,5.8291,12.08,4.2732,0,1.2853,0,0,0,0,0,0,0,0,4.6941,4.1355,0,0,0,0.081294,0.13115,0.00017225,0,0,0,0,0,0,0,0,0,0,0,0,0,0,0,0,0,0,0,0,0,0,0,0,0,0,0,1.2695
0.97827,0,1.416,4.7241,1.4997,2.3129,82.458,418.68,15.899,19.143,14.694,11.816,41.541,47.858,0.041313,0,0.032455,0,0.0006684,0,0,0,0,0,0,0,0,0,0,0,0,0.0011957,0,26.049,3.8148,7.4081,6.7298,0,5.43,0.014467,0,0,0,0,0,0,0,6.4048,34.701,0.98611,0,0,0.16426,1.4311,1.0126,0,0,0,0,0,0,0,0,0,0,0,0,0,0,0,0,0,0,0,0,0,0,0,0,0,0,0,12.376
0,0,0,0,0.31067,6.5023,23.242,15.899,117.61,37.259,0,0,0,0,0,0,0.71647,0,0,0,0,0,0,0,0,0,0,0,0,0,0,0,0,2.0033,0,2.3029,1.3231,0,0.97846,0,0,0,0,0,0,0,0,0,0,0,0,0,0,0,0,0,0,0,0,0,0,0,0,0,0,0,0,0,0,0,0,0,0,0,0,0,0,0,0,0,0,0,1.4964
0,0,0,0,0,13.282,1.1202,19.143,37.259,267.65,38.531,0,0,14.91,0,35.061,13.873,0,3.0219,0,0,0,0,0,0,0,0,0,0,0,0,0,0,33.165,0,12.705,0,0,10.028,0.26964,0,0,0,0,0,0,0,0,0,0,0,0,0,0,0.3039,0,0,0,0,0,0,0,0,0,0,0,0,0,0,0,0,0,0,0,0,0,0,0,0,0,0,0,29.445
0,0,0,0,0,0,0,14.694,0,38.531,65.62,0,0,20.872,0,15.219,0,0,0,9.1225,0,0,0,0,0,0,0,0,0,0,0,0,0,4.0344,0,0,0,0,0,0,0,0,0,0,0,0,0,0,0,0,0,0,0,0,0,0,0,0,0,0,0,0,0,0,0,0,0,0,0,0,0,0,0,0,0,0,0,0,0,0,0,0,0
0,0,0,5.6106,0,0,0,11.816,0,0,0,8.671,4.0385,0.019124,0,0,0,0,0,0,0,0,0,0,0,0,0,0,0,0,0,0,0,0,0,0,0,1.7983,0,0,0,0,0,0,0,0,0,0.46428,0.4799,0,0,0,0,0,0,0,0,0,0,0,0,0,0,0,0,0,0,0,0,0,0,0,0,0,0,0,0,0,0,0,0,0,0
0,0,0,0.015743,0,0,4.4507,41.541,0,0,0,4.0385,25.734,9.2447,0,0,0,0,0,0,0,0,0,0,0,0,0,0,0,0,0,0,0,0,0,0,0,0,0,0,0,0,0,0,0.011637,0,0,1.6473,7.137,0,0,0,0,3.6746,0.22328,0,0,0,0,0,0,0,0,0,0,0,0,0,0,0,0,0,0,0,0,0,0,0,0,0,0,0,0
0,0,0,0,0,0,0.035027,47.858,0,14.91,20.872,0.019124,9.2447,77.996,10.847,0.47643,0,1.6671,0,12.564,0,0,0,0,0,0,0,0,0,0,0,0,0,1.3564,0,0,0,0,0,0,0,0,0,0,0,0,0,0.00014791,5.7191,0,0,0,0,0,9.752,0,0,0,0,0,0,0,0,0,0,0,0,0,0,0,0,0,0,0,0,0,0,0,0,0,0,0,0
0,0,0,0,0,0,0,0.041313,0,0,0,0,0,10.847,32.184,1.3462,0,15.569,0.22708,44.224,0,0,0.10058,1.5689,0,2.4071,0,0,0,0,0,0,0,1.309,0,0,0,0,0.57292,4.8498,0,0,0,0,0,0,0,0,0,0,0,0,0,0,0,6.511,0,0,2.1081,0.1803,0,0,0,0.24061,0,0,0,0,0,0,0,0,0,0,0,0,0,0,0,0,0,0,0
0,0,0,0,0,0.13847,0,0,0,35.061,15.219,0,0,0.47643,1.3462,165.94,36.595,16.958,0,2.4082,0,0,0,0,0,0,0,0,0,0,0,0.0061311,0,4.8548,0,2.9792,3.4338,0,2.1741,0,0,0,0,0,0,0,0,0,0,0,0,0,0,0,0,0,0,0,0,0,0,0,0,0,0,0,0,0,0,0,0,0,0,0,0,0,0,0,0,0,0,0,7.3949
0,0,0,0,0,1.0688,0.062848,0.032455,0.71647,13.873,0,0,0,0,0,36.595,157.5,8.8963,42.244,1.5667,0,0,0,0,0,0,0,0,0,0,18.394,7.3051,0,0.215,0,5.1297,1.3176,0,1.878,0,0,0,0,0,0,0,0,0,0,0,0,0,0,0,0,0,0,0,0,0,0,0,0,0,0,0,0,0,0,0,0,0,0,0,0,0,0,0,0,0,0,0,1.9602
0,0,0,0,0,0,0,0,0,0,0,0,0,1.6671,15.569,16.958,8.8963,251.97,34.077,115.92,8.5294,2.5081,15.425,0.15513,0,0.013338,0,0,0,0,0,0,0,7.9748,0,1.6971,3.2654,0,3.2975,0.89191,0,0,0,0,0,0,0,0,0,0,0,0,0,0,0,0.34998,0,0,2.4492,0.51053,1.4014,0,0,0.60167,0,0,0,0,0,0,0,0,0,0,0,0,0,0,0,0,0,0,11.358
0.080489,0,0,0,0,0.10282,0.15973,0.0006684,0,3.0219,0,0,0,0,0.22708,0,42.244,34.077,279.57,8.5074,0,0.4218,48.466,1.7887,2.7229,0,0.018865,0,11.676,25.693,21.791,2.4695,0.3073,1.3438,0,3.9737,4.0665,0,1.6331,1.0631,0.47244,0,0,0,0,0,0,0,0,0,0,0,0,0,0,0,0,0,0.10819,0.12134,0,0,0,0.025681,0,0,0,0,0,0,0,0,0,0,0,0,0,0,0,0,0,0,2.8147
0,0,0,0,0,0,0,0,0,0,9.1225,0,0,12.564,44.224,2.4082,1.5667,115.92,8.5074,188.2,5.7327,6.6496,6.061,1.8864,0,0.41995,0,0,0,0,0,0,0,1.7279,0,0,0,0,0,2.523,0,0,0,0,0,0,0,0,0,0,0,0,0,0,0,1.4157,0,0,3.7115,0.42384,8.1422,0,0.14822,0.67217,0.23833,0,0.0010276,0,0,0,0,0,0,0,0,0,0,0,0,0,0,0,0.72644
0,0,0,0,0,0,0,0,0,0,0,0,0,0,0,0,0,8.5294,0,5.7327,49.524,27.56,17.932,0,0,0,0,0,0,0,0,0,0,0,0,0,0,0,0,0,0,0,0,0,0,0,0,0,0,0,0,0,0,0,0,0,0,0,0,0,0,0,0,0,0,0,0,0,0,0,0,0,0,0,0,0,0,0,0,0,0,0,0
0,0,0,0,0,0,0,0,0,0,0,0,0,0,0,0,0,2.5081,0.4218,6.6496,27.56,44.86,52.272,50.25,1.172,0.026809,0,0,0.77991,0,0,0,0,0,0,0,0,0,0,0.58852,0,0,0,0,0,0,0,0,0,0,0,0,0,0,0,0,0,0,0,0,0,0,0,0,0,0,0,0,0,0,0,0,0,0,0,0,0,0,0,0,0,0,0
0.28879,0,0,0.00015932,0,0,0,0,0,0,0,0,0,0,0.10058,0,0,15.425,48.466,6.061,17.932,52.272,279.22,12.658,39.594,0.078232,0,0,14.614,2.9198,0,0,0,0.15168,0,0.92432,0.44154,0,0.33303,1.0303,0.36371,0,0,0,0,0,0,0,0,0,0,0,0,0,0,0.029835,0,0,0.27337,0.040571,0.43728,0,0.10692,1.2337,0,0,0,0,0,0,0,0,0,0,0,0,0,0,0,0,0,0,0
0,0,0,0,0,0,0,0,0,0,0,0,0,0,1.5689,0,0,0.15513,1.7887,1.8864,0,50.25,12.658,72.535,4.9332,4.9548,0,0,1.0534,0,0,0,0,0,0,0,0,0,0,4.7297,0,0,0,0,0,0,0,0,0,0,0,0,0,0,0,0,0,0,0,0,0,0,0,0.049612,0,0,0,0,0,0,0,0,0,0,0,0,0,0,0,0,0,0,0
0.087306,0,0,0.0028628,0,0,0,0,0,0,0,0,0,0,0,0,0,0,2.7229,0,0,1.172,39.594,4.9332,76.536,3.8072,4.2248,1.211,24.292,1.8831,0,0,0,0,0,0.39121,0,0,0,14.282,0,0,0,0,0,0,0,0,0,0,0,0,0,0,0,0,0,0,0,0,0,0,0,0,0,0,0,0,0,0,0,0,0,0,0,0,0,0,0,0,0,0,0
0,0,0,0,0,0,0,0,0,0,0,0,0,0,2.4071,0,0,0.013338,0,0.41995,0,0.026809,0.078232,4.9548,3.8072,12.442,1.3867,0,0,0,0,0,0,0,0,0,0,0,0,20.649,0,0,0,0,0,0,0,0,0,0,0,0,0,0,0,0,0,0,0,0,0,0,0,0,0,0,0,0,0,0,0,0,0,0,0,0,0,0,0,0,0,0,0
0,0,0,0,0,0,0,0,0,0,0,0,0,0,0,0,0,0,0.018865,0,0,0,0,0,4.2248,1.3867,2.0247,0,0,0,0,0,0,0,0,0.27979,0,0,0,7.7062,3.9182,0,0,0,0,0,0,0,0,0,0,0,0,0,0,0,0,0,0,0,0,0,0,0,0,0,0,0,0,0,0,0,0,0,0,0,0,0,0,0,0,0,0
0.26105,0,0,0.13382,0,0,0,0,0,0,0,0,0,0,0,0,0,0,0,0,0,0,0,0,1.211,0,0,7.2477,0,0,0,3.5589,0,0,0,1.1562,0,0,0,0,0,0,0,0,0,0,0,0,0,0,0,0,0,0,0,0,0,0,0,0,0,0,0,0,0,0,0,0,0,0,0,0,0,0,0,0,0,0,0,0,0,0,0
0.3997,0,0,0.09967,0,0,0,0,0,0,0,0,0,0,0,0,0,0,11.676,0,0,0.77991,14.614,1.0534,24.292,0,0,0,179.26,37.823,0,4.9522,0,0,0,1.1544,0,0,0,3.0701,0,0,0,0,0,0,0,0,0,0,0,0,0,0,0,0,0,0,0,0,0,0,0,0,0,0,0,0,0,0,0,0,0,0,0,0,0,0,0,0,0,0,0
0.13732,0,0,0.056083,0,0,0,0,0,0,0,0,0,0,0,0,0,0,25.693,0,0,0,2.9198,0,1.8831,0,0,0,37.823,108.82,30.489,26.399,0,0,0,0.67459,0,0,0,0.78511,0,0,0,0,0,0,0,0,0,0,0,0,0,0,0,0,0,0,0,0,0,0,0,0,0,0,0,0,0,0,0,0,0,0,0,0,0,0,0,0,0,0,0
0,0,0,0,0,0,0,0,0,0,0,0,0,0,0,0,18.394,0,21.791,0,0,0,0,0,0,0,0,0,0,30.489,21.275,27.071,0,0,0,0.42385,0,0,0,0,0,0,0,0,0,0,0,0,0,0,0,0,0,0,0,0,0,0,0,0,0,0,0,0,0,0,0,0,0,0,0,0,0,0,0,0,0,0,0,0,0,0,0
2.5662,0,0,0,0,0.062381,0.1451,0.0011957,0,0,0,0,0,0,0,0.0061311,7.3051,0,2.4695,0,0,0,0,0,0,0,0,3.5589,4.9522,26.399,27.071,127.78,3.3637,0,0,2.5237,0,0,0,0,0,0,0,0,0,0,0,0,0,0,0,0,0,0,0,0,0,0,0,0,0,0,0,0,0,0,0,0,0,0,0,0,0,0,0,0,0,0,0,0,0,0,0.13092
0,0,0,0,0,0,0,0,0,0,0,0,0,0,0,0,0,0,0.3073,0,0,0,0,0,0,0,0,0,0,0,0,3.3637,2.6025,0,0,0,0,0,0,0,0,0,0,0,0,0,0,0,0,0,0,0,0,0,0,0,0,0,0,0,0,0,0,0,0,0,0,0,0,0,0,0,0,0,0,0,0,0,0,0,0,0,0
0,0,0.1162,0.16406,1.0766,0,10.491,26.049,2.0033,33.165,4.0344,0,0,1.3564,1.309,4.8548,0.215,7.9748,1.3438,1.7279,0,0,0.15168,0,0,0,0,0,0,0,0,0,0,18.447,12.722,0.33552,9.6173,0.25405,9.349,10.588,0.68742,0,0,0,0,0,0,0,0,0,0,0,0,0,0,0,0,0,0,0,0,0,0,0,0,0,0,0,0,0,0,0,0,0,0,0,0,0,0,0,0,0,31.795
0,0,0.67738,9.8366,0,0,5.8291,3.8148,0,0,0,0,0,0,0,0,0,0,0,0,0,0,0,0,0,0,0,0,0,0,0,0,0,12.722,3.5638,8.0285,4.0728,6.5232,0,0,0,0,0,0,0,0,0,0,0,0,0,0,0,0,0,0,0,0,0,0,0,0,0,0,0,0,0,0,0,0,0,0,0,0,0,0,0,0,0,0,0,0,0
20.957,0,0.59764,2.7696,8.2093,0,12.08,7.4081,2.3029,12.705,0,0,0,0,0,2.9792,5.1297,1.6971,3.9737,0,0,0,0.92432,0,0.39121,0,0.27979,1.1562,1.1544,0.67459,0.42385,2.5237,0,0.33552,8.0285,25.068,22.16,11.524,0,0.52693,1.0824,0,0,0,0,0,0,0,0,0,0,0,0,0,0,0,0,0,0,0,0,0,0,0,0,0,0,0,0,0,0,0,0,0,0,0,0,0,0,0,0,0,0
0,0,0.31857,0.10058,1.1308,0,4.2732,6.7298,1.3231,0,0,0,0,0,0,3.4338,1.3176,3.2654,4.0665,0,0,0,0.44154,0,0,0,0,0,0,0,0,0,0,9.6173,4.0728,22.16,12.556,1.7251,5.3708,0,3.6042,0,0,0,0,0,0,0,0,0,0,0,0,0,0,0,0,0,0,0,0,0,0,0,0,0,0,0,0,0,0,0,0,0,0,0,0,0,0,0,0,0,28.577
13.46,0,0.23041,18.059,0,0,0,0,0,0,0,1.7983,0,0,0,0,0,0,0,0,0,0,0,0,0,0,0,0,0,0,0,0,0,0.25405,6.5232,11.524,1.7251,7.2628,0,0,0,0,0,0,0,0,0,0,0,0,0,0,0,0,0,0,0,0,0,0,0,0,0,0,0,0,0,0,0,0,0,0,0,0,0,0,0,0,0,0,0,0,0
0,0,0.0038917,0.01162,0.25648,0,1.2853,5.43,0.97846,10.028,0,0,0,0,0.57292,2.1741,1.878,3.2975,1.6331,0,0,0,0.33303,0,0,0,0,0,0,0,0,0,0,9.349,0,0,5.3708,0,1.594,0,0,0,0,0,0,0,0,0,0,0,0,0,0,0,0,0,0,0,0,0,0,0,0,0,0,0,0,0,0,0,0,0,0,0,0,0,0,0,0,0,0,0,32.448
0,0,0,0,0,0,0,0.014467,0,0.26964,0,0,0,0,4.8498,0,0,0.89191,1.0631,2.523,0,0.58852,1.0303,4.7297,14.282,20.649,7.7062,0,3.0701,0.78511,0,0,0,10.588,0,0.52693,0,0,0,50.19,3.9708,0,0,0,0,0,0,0,0,0,0,0,0,0,0,0,0,0,0,0,0,0,0,0,0,0,0,0,0,0,0,0,0,0,0,0,0,0,0,0,0,0,1.9054
0,0,0,0,0,0,0,0,0,0,0,0,0,0,0,0,0,0,0.47244,0,0,0,0.36371,0,0,0,3.9182,0,0,0,0,0,0,0.68742,0,1.0824,3.6042,0,0,3.9708,7.7864,0,0,0,0,0,0,0,0,0,0,0,0,0,0,0,0,0,0,0,0,0,0,0,0,0,0,0,0,0,0,0,0,0,0,0,0,0,0,0,0,0,0
0,0,0,0,0,0,0,0,0,0,0,0,0,0,0,0,0,0,0,0,0,0,0,0,0,0,0,0,0,0,0,0,0,0,0,0,0,0,0,0,0,91.226,11.315,0.14088,24.556,9.2486,0,13.965,0.79969,0,0,0,0,0,0,0,0,0,0,0,0,0,0.0068495,0.1624,0.0054378,0.12162,0,0,0.17106,0.38933,0.17666,0,2.1632,0,0.5384,3.7932,19.597,1.1999,2.5658,0,0,0,0
0,0,0,0.0004274,0,0,0,0,0,0,0,0,0,0,0,0,0,0,0,0,0,0,0,0,0,0,0,0,0,0,0,0,0,0,0,0,0,0,0,0,0,11.315,11.131,0,0,8.57,0,4.2952,0,0,0,0,0,0,0,0,0,0,0,0,0,0,0,0,0,0,0,0,0,0,0,0,0,0,0.17694,0.1394,0,0,0,0,0,0,0
0,0,0,0,0,0,0,0,0,0,0,0,0,0,0,0,0,0,0,0,0,0,0,0,0,0,0,0,0,0,0,0,0,0,0,0,0,0,0,0,0,0.14088,0,1.414,5.4014,0,0,1.9611,0.91715,0,0,0,0,0,0,0,0,0,0,0,0,0,0,0,0,0,0,0,0,0,0,0,0,0,0,0.048423,0,0,0,0,0,0,0
0,0,0,1.6641,0,0,0,0,0,0,0,0,0.011637,0,0,0,0,0,0,0,0,0,0,0,0,0,0,0,0,0,0,0,0,0,0,0,0,0,0,0,0,24.556,0,5.4014,31.737,0,0,7.792,5.7768,0,0,0,5.3642,0,0,0,0,0,0,0,0,0,0.00044847,0,0,0.018454,0,0,0.044493,0.010163,0.023023,0,0.21906,0,0.065348,7.33,4.6972,0,6.1577,0,0.00039746,0,0
0,0,0,0,0,0,0,0,0,0,0,0,0,0,0,0,0,0,0,0,0,0,0,0,0,0,0,0,0,0,0,0,0,0,0,0,0,0,0,0,0,9.2486,8.57,0,0,50.169,11.901,26.666,0.81026,0,0,0,0,0,0,0,0,0,0.0013491,0,0,0,0,0,0,0,0,0,0,0,0,0,0,0,2.3467,0.77791,8.5692,1.9811,0,0.36923,0,0,0.081723
0,0,0,0,0,0,0,0,0,0,0,0,0,0,0,0,0,0,0,0,0,0,0,0,0,0,0,0,0,0,0,0,0,0,0,0,0,0,0,0,0,0,0,0,0,11.901,71.512,16.742,3.2445,6.9952,13.381,0,0,0,0,0,0.29461,0.61287,0.036857,0.024236,0,0,0,0,0,0,0,0,0,0,0,0,0,0,0.20141,0,1.7902,0.35055,0,0.0080789,0,0,0.03309
0,0,0,0.28058,0,0,4.6941,6.4048,0,0,0,0.46428,1.6473,0.00014791,0,0,0,0,0,0,0,0,0,0,0,0,0,0,0,0,0,0,0,0,0,0,0,0,0,0,0,13.965,4.2952,1.9611,7.792,26.666,16.742,308.52,75.69,36.844,0.59031,0.0082835,2.5845,6.5934,0,0,0,0,0.019402,0,0,0,0,0,0,0,0,0,0,0,0,0,0,0,10.548,6.3977,10.927,4.9297,0,1.105,0,0,1.3734
0,0,0.17834,0.42892,0,0,4.1355,34.701,0,0,0,0.4799,7.137,5.7191,0,0,0,0,0,0,0,0,0,0,0,0,0,0,0,0,0,0,0,0,0,0,0,0,0,0,0,0.79969,0,0.91715,5.7768,0.81026,3.2445,75.69,449.95,13.846,21.091,11.45,7.8091,32.087,33.75,0,0,0,0.029481,0,0.041415,0,0.00012032,0,0,0,0,0,0,0,0,0,0,0,18.449,1.6717,7.8444,7.922,0,4.8565,0.043338,0,7.0028
0,0,0,0,0,0,0,0.98611,0,0,0,0,0,0,0,0,0,0,0,0,0,0,0,0,0,0,0,0,0,0,0,0,0,0,0,0,0,0,0,0,0,0,0,0,0,0,6.9952,36.844,13.846,146.87,32.772,0,0,0,0,0,0.29608,0.44972,0.041553,0,0.00057299,0,0.00025761,0.00074112,0,0,0,0,0,0,0,0,0,0,6.136,0,5.0873,4.8322,0,1.9184,0.00051653,0,5.7608
0,0,0,0,0,0,0,0,0,0,0,0,0,0,0,0,0,0,0,0,0,0,0,0,0,0,0,0,0,0,0,0,0,0,0,0,0,0,0,0,0,0,0,0,0,0,13.381,0.59031,21.091,32.772,310.82,47.383,0,0,9.7553,0,32.53,9.7499,5.2211,0.76046,0,0,0,0,0,0,0,0,0,0,0,1.5111,0.80844,0,25.366,0,16.948,17.688,0,6.13,0,0,29.823
0,0,0,0,0,0,0,0,0,0,0,0,0,0,0,0,0,0,0,0,0,0,0,0,0,0,0,0,0,0,0,0,0,0,0,0,0,0,0,0,0,0,0,0,0,0,0,0.0082835,11.45,0,47.383,37.688,0,0.021426,16.45,0.35215,8.0955,0,4.3575,0,2.2063,0,0,0,0,0,0,0,0,0,0,0,0,0,2.4017,0,0,0,0,0.46225,0,0,1.1334
0,0,0,0,0,0,0.081294,0.16426,0,0,0,0,0,0,0,0,0,0,0,0,0,0,0,0,0,0,0,0,0,0,0,0,0,0,0,0,0,0,0,0,0,0,0,0,5.3642,0,0,2.5845,7.8091,0,0,0,6.1672,3.2012,0,0,0,0,0,0,0,0,0,0,0,0,0,0,0,0,0,0,0,0,0,2.8522,0,0,2.5669,0,0,0,0
0,0,0,0,0,0,0.13115,1.4311,0,0,0,0,3.6746,0,0,0,0,0,0,0,0,0,0,0,0,0,0,0,0,0,0,0,0,0,0,0,0,0,0,0,0,0,0,0,0,0,0,6.5934,32.087,0,0,0.021426,3.2012,17.424,8.8876,0,0,0,0,0,0,0,0,0,0,0,0,0,0,0,0,0,0,0,0,0,0,0,0,0,0,0,0
0,0,0,0,0,0,0.00017225,1.0126,0,0.3039,0,0,0.22328,9.752,0,0,0,0,0,0,0,0,0,0,0,0,0,0,0,0,0,0,0,0,0,0,0,0,0,0,0,0,0,0,0,0,0,0,33.75,0,9.7553,16.45,0,8.8876,69.86,18.447,1.2611,0,3.8619,0,11.888,0,0,0.004427,0,0,0,0,0,0,0,0,0,0,0.49883,0,0,0.33194,0,0,0,0,0
0,0,0,0,0,0,0,0,0,0,0,0,0,0,6.511,0,0,0.34998,0,1.4157,0,0,0.029835,0,0,0,0,0,0,0,0,0,0,0,0,0,0,0,0,0,0,0,0,0,0,0,0,0,0,0,0,0.35215,0,0,18.447,30.267,0.15404,0,15.507,1.2199,35.723,0,0.043697,0.06766,1.6115,0,1.6999,0,0,0,0,0,0,0,0.67164,0.0041823,0,0,0,0.29798,3.4563,0,0
0,0,0,0,0,0,0,0,0,0,0,0,0,0,0,0,0,0,0,0,0,0,0,0,0,0,0,0,0,0,0,0,0,0,0,0,0,0,0,0,0,0,0,0,0,0,0.29461,0,0,0.29608,32.53,8.0955,0,0,1.2611,0.15404,219.36,29.163,21.939,0.93198,1.6743,0,0,0,0,0,0,0,0,0,0,0.24167,0.35714,0,4.9494,0,4.7997,2.4633,0,0.58152,0.26235,0,5.7966
0,0,0,0,0,0,0,0,0,0,0,0,0,0,0,0,0,0,0,0,0,0,0,0,0,0,0,0,0,0,0,0,0,0,0,0,0,0,0,0,0,0,0,0,0,0,0.61287,0,0,0.44972,9.7499,0,0,0,0,0,29.163,207.03,15.619,42.402,0,0,0,0,0,0,0,0,0,0,0,13.657,11.128,0,0.42552,0,0.8571,0.35102,0,0.10943,0,0,0.62148
0,0,0,0,0,0,0,0,0,0,0,0,0,0,2.1081,0,0,2.4492,0.10819,3.7115,0,0,0.27337,0,0,0,0,0,0,0,0,0,0,0,0,0,0,0,0,0,0,0,0,0,0,0.0013491,0.036857,0.019402,0.029481,0.041553,5.2211,4.3575,0,0,3.8619,15.507,21.939,15.619,271.77,27.317,87.057,13.753,6.0891,14.211,0.79086,0,0,0,0,0,0,0.13569,2.3737,1.1538,10.275,0.011203,5.0178,5.113,0,4.4466,2.9756,0,13.644
0,0,0,0,0,0,0,0,0,0,0,0,0,0,0.1803,0,0,0.51053,0.12134,0.42384,0,0,0.040571,0,0,0,0,0,0,0,0,0,0,0,0,0,0,0,0,0,0,0,0,0,0,0,0.024236,0,0,0,0.76046,0,0,0,0,1.2199,0.93198,42.402,27.317,251.34,4.9888,0,0,52.601,0,2.945,0,0.017954,0,8.6535,19.169,23.271,8.462,1.1189,1.2339,0,1.3526,2.3789,0,2.3744,0.70129,0.41903,0
0,0,0,0,0,0,0,0,0,0,0,0,0,0,0,0,0,1.4014,0,8.1422,0,0,0.43728,0,0,0,0,0,0,0,0,0,0,0,0,0,0,0,0,0,0,0,0,0,0,0,0,0,0.041415,0.00057299,0,2.2063,0,0,11.888,35.723,1.6743,0,87.057,4.9888,125.91,1.5961,1.416,3.8669,2.0093,0,0.060458,0,0,0,0,0,0,0,0.90095,0,0,0,0,0.4711,1.7684,0,0
0,0,0,0,0,0,0,0,0,0,0,0,0,0,0,0,0,0,0,0,0,0,0,0,0,0,0,0,0,0,0,0,0,0,0,0,0,0,0,0,0,0,0,0,0,0,0,0,0,0,0,0,0,0,0,0,0,0,13.753,0,1.5961,26.272,16.979,20.96,0.32186,0,0,0,0,0,0,0,0,0,0,0,0,0,0,0,0,0,0
0,0,0,0,0,0,0,0,0,0,0,0,0,0,0,0,0,0,0,0.14822,0,0,0.10692,0,0,0,0,0,0,0,0,0,0,0,0,0,0,0,0,0,0,0.0068495,0,0,0.00044847,0,0,0,0.00012032,0.00025761,0,0,0,0,0,0.043697,0,0,6.0891,0,1.416,16.979,24.065,51.69,35.901,1.2199,0.037704,0.00016327,0,0,0.72682,0,0.48258,0,0.12118,0,0,0,0,0,0.55039,0,0
0,0,0,0,0,0,0,0,0,0,0,0,0,0,0.24061,0,0,0.60167,0.025681,0.67217,0,0,1.2337,0.049612,0,0,0,0,0,0,0,0,0,0,0,0,0,0,0,0,0,0.1624,0,0,0,0,0,0,0,0.00074112,0,0,0,0,0.004427,0.06766,0,0,14.211,52.601,3.8669,20.96,51.69,342.26,9.4861,28.63,0.010149,0.075527,0,21.22,9.0236,1.5537,1.9357,0,0.5591,0,1.0124,0.60807,0,1.2145,0.52935,0.28747,0
0,0,0,0,0,0,0,0,0,0,0,0,0,0,0,0,0,0,0,0.23833,0,0,0,0,0,0,0,0,0,0,0,0,0,0,0,0,0,0,0,0,0,0.0054378,0,0,0,0,0,0,0,0,0,0,0,0,0,1.6115,0,0,0.79086,0,2.0093,0.32186,35.901,9.4861,59.17,2.9078,6.3428,0,0,0,0,0,0,0,0,0,0,0,0,0,5.9952,0,0
0,0,0,0,0,0,0,0,0,0,0,0,0,0,0,0,0,0,0,0,0,0,0,0,0,0,0,0,0,0,0,0,0,0,0,0,0,0,0,0,0,0.12162,0,0,0.018454,0,0,0,0,0,0,0,0,0,0,0,0,0,0,2.945,0,0,1.2199,28.63,2.9078,86.61,5.0258,3.5397,1.0483,25.561,3.0397,0,0,0,0.29634,0,0.39104,0,0,0,14.666,1.5406,0
0,0,0,0,0,0,0,0,0,0,0,0,0,0,0,0,0,0,0,0.0010276,0,0,0,0,0,0,0,0,0,0,0,0,0,0,0,0,0,0,0,0,0,0,0,0,0,0,0,0,0,0,0,0,0,0,0,1.6999,0,0,0,0,0.060458,0,0.037704,0.010149,6.3428,5.0258,13.984,1.4002,0,0,0,0,0,0,0,0,0,0,0,0,26.625,0,0
0,0,0,0,0,0,0,0,0,0,0,0,0,0,0,0,0,0,0,0,0,0,0,0,0,0,0,0,0,0,0,0,0,0,0,0,0,0,0,0,0,0,0,0,0,0,0,0,0,0,0,0,0,0,0,0,0,0,0,0.017954,0,0,0.00016327,0.075527,0,3.5397,1.4002,2.0871,0.6858,0,0,0,0,0,0.01816,0,0.097089,0,0,0.00070769,7.4917,2.9329,0
0,0,0,0,0,0,0,0,0,0,0,0,0,0,0,0,0,0,0,0,0,0,0,0,0,0,0,0,0,0,0,0,0,0,0,0,0,0,0,0,0,0.17106,0,0,0.044493,0,0,0,0,0,0,0,0,0,0,0,0,0,0,0,0,0,0,0,0,1.0483,0,0.6858,7.9137,0.41897,1.8761,0,3.5918,0,0.087194,0,0.42748,0,0,0,0.35343,2.2542,0
0,0,0,0,0,0,0,0,0,0,0,0,0,0,0,0,0,0,0,0,0,0,0,0,0,0,0,0,0,0,0,0,0,0,0,0,0,0,0,0,0,0.38933,0,0,0.010163,0,0,0,0,0,0,0,0,0,0,0,0,0,0,8.6535,0,0,0,21.22,0,25.561,0,0,0.41897,170.79,56.699,0,7.908,0,0,0,0.54383,0,0,0,0,0,0
0,0,0,0,0,0,0,0,0,0,0,0,0,0,0,0,0,0,0,0,0,0,0,0,0,0,0,0,0,0,0,0,0,0,0,0,0,0,0,0,0,0.17666,0,0,0.023023,0,0,0,0,0,0,0,0,0,0,0,0,0,0,19.169,0,0,0.72682,9.0236,0,3.0397,0,0,1.8761,56.699,124.45,42.972,30.355,0,0,0,0.91717,0,0,0,0,0,0
0,0,0,0,0,0,0,0,0,0,0,0,0,0,0,0,0,0,0,0,0,0,0,0,0,0,0,0,0,0,0,0,0,0,0,0,0,0,0,0,0,0,0,0,0,0,0,0,0,0,1.5111,0,0,0,0,0,0.24167,13.657,0.13569,23.271,0,0,0,1.5537,0,0,0,0,0,0,42.972,30.086,31.556,0,0,0,0,0,0,0,0,0,0
0,0,0,0,0,0,0,0,0,0,0,0,0,0,0,0,0,0,0,0,0,0,0,0,0,0,0,0,0,0,0,0,0,0,0,0,0,0,0,0,0,2.1632,0,0,0.21906,0,0,0,0,0,0.80844,0,0,0,0,0,0.35714,11.128,2.3737,8.462,0,0,0.48258,1.9357,0,0,0,0,3.5918,7.908,30.355,31.556,174.65,9.3545,0,0,3.1004,0.77632,0,0,0,0.63134,0
0,0,0,0,0,0,0,0,0,0,0,0,0,0,0,0,0,0,0,0,0,0,0,0,0,0,0,0,0,0,0,0,0,0,0,0,0,0,0,0,0,0,0,0,0,0,0,0,0,0,0,0,0,0,0,0,0,0,1.1538,1.1189,0,0,0,0,0,0,0,0,0,0,0,0,9.3545,5.4193,0,0,0,0,0,0,0,0,0
0,0,0,0,0,0,0,0,0,0,0,0,0,0,0,0,0,0,0,0,0,0,0,0,0,0,0,0,0,0,0,0,0,0,0,0,0,0,0,0,0,0.5384,0.17694,0,0.065348,2.3467,0.20141,10.548,18.449,6.136,25.366,2.4017,0,0,0.49883,0.67164,4.9494,0.42552,10.275,1.2339,0.90095,0,0.12118,0.5591,0,0.29634,0,0.01816,0.087194,0,0,0,0,0,17.99,6.8904,0.49364,13.728,0.053725,9.1704,19.329,1.4042,24.198
0,0,0,0,0,0,0,0,0,0,0,0,0,0,0,0,0,0,0,0,0,0,0,0,0,0,0,0,0,0,0,0,0,0,0,0,0,0,0,0,0,3.7932,0.1394,0.048423,7.33,0.77791,0,6.3977,1.6717,0,0,0,2.8522,0,0,0.0041823,0,0,0.011203,0,0,0,0,0,0,0,0,0,0,0,0,0,0,0,6.8904,7.9404,4.923,2.6539,7.4527,0,0,0,0
0,0,0,0,0,0,0,0,0,0,0,0,0,0,0,0,0,0,0,0,0,0,0,0,0,0,0,0,0,0,0,0,0,0,0,0,0,0,0,0,0,19.597,0,0,4.6972,8.5692,1.7902,10.927,7.8444,5.0873,16.948,0,0,0,0,0,4.7997,0.8571,5.0178,1.3526,0,0,0,1.0124,0,0.39104,0,0.097089,0.42748,0.54383,0.91717,0,3.1004,0,0.49364,4.923,22.773,42.453,9.5933,0,0.34752,1.3047,0
0,0,0,0,0,0,0,0,0,0,0,0,0,0,0,0,0,0,0,0,0,0,0,0,0,0,0,0,0,0,0,0,0,0,0,0,0,0,0,0,0,1.1999,0,0,0,1.9811,0.35055,4.9297,7.922,4.8322,17.688,0,0,0,0.33194,0,2.4633,0.35102,5.113,2.3789,0,0,0,0.60807,0,0,0,0,0,0,0,0,0.77632,0,13.728,2.6539,42.453,16.663,0,6.9563,2.7662,4.5759,33.174
0,0,0,0,0,0,0,0,0,0,0,0,0,0,0,0,0,0,0,0,0,0,0,0,0,0,0,0,0,0,0,0,0,0,0,0,0,0,0,0,0,2.5658,0,0,6.1577,0,0,0,0,0,0,0,2.5669,0,0,0,0,0,0,0,0,0,0,0,0,0,0,0,0,0,0,0,0,0,0.053725,7.4527,9.5933,0,7.2325,0,0,0,0
0,0,0,0,0,0,0,0,0,0,0,0,0,0,0,0,0,0,0,0,0,0,0,0,0,0,0,0,0,0,0,0,0,0,0,0,0,0,0,0,0,0,0,0,0,0.36923,0.0080789,1.105,4.8565,1.9184,6.13,0.46225,0,0,0,0.29798,0.58152,0.10943,4.4466,2.3744,0.4711,0,0,1.2145,0,0,0,0.00070769,0,0,0,0,0,0,9.1704,0,0,6.9563,0,1.0523,0.66963,0,24.098
0,0,0,0,0,0,0,0,0,0,0,0,0,0,0,0,0,0,0,0,0,0,0,0,0,0,0,0,0,0,0,0,0,0,0,0,0,0,0,0,0,0,0,0,0.00039746,0,0,0,0.043338,0.00051653,0,0,0,0,0,3.4563,0.26235,0,2.9756,0.70129,1.7684,0,0.55039,0.52935,5.9952,14.666,26.625,7.4917,0.35343,0,0,0,0,0,19.329,0,0.34752,2.7662,0,0.66963,50.751,4.2741,3.1443
0,0,0,0,0,0,0,0,0,0,0,0,0,0,0,0,0,0,0,0,0,0,0,0,0,0,0,0,0,0,0,0,0,0,0,0,0,0,0,0,0,0,0,0,0,0,0,0,0,0,0,0,0,0,0,0,0,0,0,0.41903,0,0,0,0.28747,0,1.5406,0,2.9329,2.2542,0,0,0,0.63134,0,1.4042,0,1.3047,4.5759,0,0,4.2741,7.6522,0
0,0,0,0,0,0,1.2695,12.376,1.4964,29.445,0,0,0,0,0,7.3949,1.9602,11.358,2.8147,0.72644,0,0,0,0,0,0,0,0,0,0,0,0.13092,0,31.795,0,0,28.577,0,32.448,1.9054,0,0,0,0,0,0.081723,0.03309,1.3734,7.0028,5.7608,29.823,1.1334,0,0,0,0,5.7966,0.62148,13.644,0,0,0,0,0,0,0,0,0,0,0,0,0,0,0,24.198,0,0,33.174,0,24.098,3.1443,0,0
