66.062,11.636,1.3221,22.312,8.5279,0.81982,10.513,1.1479,0.0061782,0.032629,0,0,0,0,0,0.004361,0.0061036,0,0,0,0,0,0,0,0,0,0,0,0.10527,0.80526,0.00050714,2.2561,0,0,0,11.813,0,9.7878,0,0,0,0,0,0,0,0,0,0,0,0,0,0,0,0,0,0,0,0,0,0,0,0,0,0,0,0,0,0,0,0,0,0,0,0,0,0,0,0,0,0,0,0,0
11.636,19.12,0,0.066833,6.3434,0,10.534,0.45225,0.0032426,0,0,0,0,0,0,0,0,0,0,0,0,0,0,0,0,0,0,0,0.017361,0,0,0,0,0,0,3.4872,0.79055,0,0.069974,0,0,0,0,0,0,0,0,0.0058333,0.14729,0,0,0,0,0,0,0,0,0,0,0,0,0,0,0,0,0,0,0,0,0,0,0,0,0,0,0,0,0,0,0,0,0,0.070908
1.3221,0,1.4829,4.3131,0,0,1.9951,0.78484,0,0,0,0,0,0,0,0,0,0,0,0,0,0,0,0,0,0,0,0,0,0,0,0,0,0,0.090176,0.50597,0,0,0,0,0,0,0,0,0,0,0,0,0,0,0,0,0,0,0,0,0,0,0,0,0,0,0,0,0,0,0,0,0,0,0,0,0,0,0,0,0,0,0,0,0,0,0
22.312,0.066833,4.3131,34.97,0,0,8.6662,4.5689,0,0,0,6.4045,0,0,0,0,0,0,0,0,0,0,0,0,0,0,0,0.029523,0,0,0,0.25493,0.0033924,0,6.452,3.2627,0.49528,12.187,0,0,0,1.2278,0,0.39644,5.8102,0,0,1.0121,0,0,0,0,0.6389,0,0,0,0,0,0,0,0,0,0,0,0,0,0,0,0,0,0,0,0,0,0,0,0,0,0,0,0,0,0.0021252
8.5279,6.3434,0,0,47.946,6.545,12.383,1.1639,0.45173,0,0,0,0,0,0,0,0,0,0,0,0,0,0,0,0,0,0,0,0,0,0,0,0,0,0.053368,2.6566,0.51626,0,0.025264,0,0,0,0,0,0,0,0,0.10447,0.0095429,0,0,0,0,0,0,0,0,0,0,0,0,0,0,0,0,0,0,0,0,0,0,0,0,0,0,0,0,0,0,0,0,0,0.03983
0.81982,0,0,0,6.545,41.552,14.158,2.9727,8.9985,15.403,0,0,0,0,0,0.24982,0.58566,0,0,0,0,0,0,0,0,0,0,0,0.036106,0,0,0,0,0,0,0.23174,0,0,0,0,0,0,0,0,0,0,0,0,0,0,0,0,0,0,0,0,0,0,0,0,0,0,0,0,0,0,0,0,0,0,0,0,0,0,0,0,0,0,0,0,0,0,0
10.513,10.534,1.9951,8.6662,12.383,14.158,232.61,48.942,29.237,1.3029,0,0,0,0,0,0.27047,0,0,0,0,0,0,0,0,0,0,0,0,0,0,0,1.0671,0,0,3.7988,13.039,5.0697,0,0.90281,0,0,0,0,0,0,0,0,1.6133,3.1051,0,0,0,0,0,0,0,0,0,0,0,0,0,0,0,0,0,0,0,0,0,0,0,0,0,0,0,0,0,0,0,0,0,1.062
1.1479,0.45225,0.78484,4.5689,1.1639,2.9727,48.942,361.81,12.21,20.501,10.514,7.5736,38.526,37.462,0.080992,0.059487,0,0,0,0.019704,0,0,0,0,0,0,0,0,0.054254,0,0,0.070605,0.0024175,21.191,6.6994,10.578,13.645,0.098992,7.7467,0,0,0.21943,0,0.19342,1.5813,0,0,4.4755,57.569,0,0,0,0.544,1.3777,1.1429,0,0,0,0,0,0,0,0,0,0,0,0,0,0,0,0,0,0,0,0,0,0,0,0,0,0,0,12.227
0.0061782,0.0032426,0,0,0.45173,8.9985,29.237,12.21,78.263,32.133,0,0,0,0,0,0,0.85251,0,0,0,0,0,0,0,0,0,0,0,0.00098601,0,0,0.042895,0,0,0,1.5988,0,0,0,0,0,0,0,0,0,0,0,0,0,0,0,0,0,0,0,0,0,0,0,0,0,0,0,0,0,0,0,0,0,0,0,0,0,0,0,0,0,0,0,0,0,0,0
0.032629,0,0,0,0,15.403,1.3029,20.501,32.133,219.83,27.847,0,0,7.3248,0,33.523,13.818,3.2873,2.5252,0.079278,0,0,0,0,0.00023602,0,0,0,0.30607,0.66398,0.5847,1.0349,0,20.199,0.28965,11.086,15.762,0,7.654,0.0024979,0,0,0,0,0,0,0,0,0,0,0,0.48289,0,0,0,0,0.093669,0,0,0,0.049899,0,0,0,0,0,0,0,0,0,0,0,0,0,0,0,0,0,0,0,0,0,26.511
0,0,0,0,0,0,0,10.514,0,27.847,59.049,0,0.059124,18.841,2.8054,14.193,0,5.6377,0.0019089,13.14,0,0,0,0,0,0,0,0,0,0,0,0,0,4.0427,0.028326,0,0,0,0,0.0074179,0,0,0,0,0,0,0,0,0,0,0,1.287,0,0,1.0685,0.12145,0.57549,0,0.17503,0,0.63036,0,0,0,0,0,0,0,0,0,0,0,0,0,0,0,0,0,0,0,0,0,0
0,0,0,6.4045,0,0,0,7.5736,0,0,0,6.3076,3.9148,0.057463,0.00027852,0,0,0,0,0,0,0,0,0,0,0,0,0,0,0,0,0,0,0,0,0,0,1.3444,0,0,0,0,0,0.075254,0.75867,0,0,0.86417,1.9836,0,0,0,2.2577,0.019356,0,0,0,0,0,0,0,0,0,0,0,0,0,0,0,0,0,0,0,0,0,0,0,0,0,0,0,0,0
0,0,0,0,0,0,0,38.526,0,0,0.059124,3.9148,22.248,11.479,0.28165,0,0,0,0,0.092733,0,0,0,0,0,0,0,0,0,0,0,0,0,0,0,0,0,0,0,0,0,0,0,0,0,0,0,0,9.8893,0,0,0,0.71755,7.3576,0.35198,0,0,0,0,0,0,0,0,0,0,0,0,0,0,0,0,0,0,0,0,0,0,0,0,0,0,0,0
0,0,0,0,0,0,0,37.462,0,7.3248,18.841,0.057463,11.479,71.073,11.215,0.56615,0,0,0,11.156,0,0,0,0,0,0,0,0,0,0,0,0,0,0.61665,0.018776,0,0,0,0.0087497,0,0,0,0,0,0,0,0,0,7.1347,0,2.0075,1.5166,0,0,13.044,0.84853,0.38364,0,0,0,0.90276,0,0,0,0,0,0,0,0,0,0,0,0,0,0,0,0,0,0,0,0,0,0
0,0,0,0,0,0,0,0.080992,0,0,2.8054,0.00027852,0.28165,11.215,20.36,0,0,2.5814,0,29.735,0,0,0,1.4158,0,0,0,0,0,0,0,0,0,0.47072,0,0,0,0,0,3.8615,0,0,0,0,0,0,0,0,0,0,0,0,0,0,1.5656,5.8611,0,0,1.3734,0,3.2735,0.042511,0,0,0.14336,0.059641,0,0,0,0,0.010296,0,0.28184,0,0,0,0,0,0,0,0,0,0
0.004361,0,0,0,0,0.24982,0.27047,0.059487,0,33.523,14.193,0,0,0.56615,0,139.53,27.004,10.912,1.455,2.5558,0,0,0,0,0,0,0,0,0.073362,0.26365,0.086129,0.54486,0,2.2602,0.078579,3.1611,0,0,0,0.024192,0,0,0,0,0,0,0,0,0,0,0,0.085884,0,0,0.0032442,0,0.1399,0,0.031939,0,0.15788,0,0,0,0,0,0,0,0,0,0,0,0,0,0,0,0,0,0,0,0,0,0
0.0061036,0,0,0,0,0.58566,0,0,0.85251,13.818,0,0,0,0,0,27.004,128.84,6.5197,20.835,0,0,0,0,0,0,0,0,0,0.75935,3.3254,18.99,6.3894,1.2781,0,0,1.4042,0.40517,0,0.2111,0,0.10985,0,0,0,0,0,0,0,0,0,0,0,0,0,0,0,0,0,0,0,0,0,0,0,0,0,0,0,0,0,0,0,0,0,0,0,0,0,0,0,0,0,0.48171
0,0,0,0,0,0,0,0,0,3.2873,5.6377,0,0,0,2.5814,10.912,6.5197,171.92,29.923,79.925,11.607,0,7.5171,0.19225,1.0528,0.00066506,0,0,0,0,0,0,0,0,0.0069289,4.5526,5.0375,0,0,0.54832,0,0,0,0,0,0,0,0,0,0,0,0,0,0,0,0.082128,0.014889,0,1.8967,0,2.6742,0.31346,0,0,0,0,0,0,0,0,0,0,0.00069224,0,0,0,0,0,0,0,0,0,0
0,0,0,0,0,0,0,0,0,2.5252,0.0019089,0,0,0,0,1.455,20.835,29.923,203.4,5.3244,0,0,24.063,0,1.3188,0,0,0,7.0043,18.781,18.21,3.91,0,0,0,3.1683,1.4729,0,0,0.68257,0,0,0,0,0,0,0,0,0,0,0,0,0,0,0,0,0,0,0,0,0,0,0,0,0,0,0,0,0,0,0,0,0,0,0,0,0,0,0,0,0,0,0
0,0,0,0,0,0,0,0.019704,0,0.079278,13.14,0,0.092733,11.156,29.735,2.5558,0,79.925,5.3244,140.34,6.9481,7.1867,2.2173,2.4118,0.75304,0.16573,0,0,0,0,0,0,0,1.0844,0,0,0,0,0,1.7522,0,0,0,0,0,0,0,0,0,0,0,0.12017,0,0,0.10044,0.64918,0.1131,0,4.1962,0,13.074,1.2488,0,0,0.086095,0,0,0,0,0,0.0026121,0,0.016733,0,0,0,0,0,0,0,0,0,0
0,0,0,0,0,0,0,0,0,0,0,0,0,0,0,0,0,11.607,0,6.9481,40.845,38.776,15.807,1.398,0,0,0,0,0,0,0,0,0,0,0,0,0,0,0,0.0035031,0,0,0,0,0,0,0,0,0,0,0,0,0,0,0,0,0,0,0.22927,0,0.31542,0.15367,0,0,0,0,0,0,0,0,0,0,0,0,0,0,0,0,0,0,0,0,0
0,0,0,0,0,0,0,0,0,0,0,0,0,0,0,0,0,0,0,7.1867,38.776,41.053,30.14,49.996,1.2617,0,0,0,0.059094,0,0,0,0,0.13165,0,0,0,0,0,0.49596,0,0,0,0,0,0,0,0,0,0,0,0,0,0,0,0,0,0,0.052968,0,1.0287,0.056662,0,0,0,0,0,0,0,0,0,0,0,0,0,0,0,0,0,0,0,0,0
0,0,0,0,0,0,0,0,0,0,0,0,0,0,0,0,0,7.5171,24.063,2.2173,15.807,30.14,208.95,13.877,31.582,0,0,0,13.076,2.233,0,0.87804,0,0.20368,0.0010949,1.2941,0.56705,0,0,1.1143,0,0,0,0,0,0,0,0,0,0,0,0,0,0,0,0,0,0,0.17056,0,0.3593,0.16526,0,0,0,0,0,0,0,0,0,0,0,0,0,0,0,0,0,0,0,0,0
0,0,0,0,0,0,0,0,0,0,0,0,0,0,1.4158,0,0,0.19225,0,2.4118,1.398,49.996,13.877,85.382,7.1564,2.5877,0,0,0,0,0,0,0,0.12817,0,0,0,0,0,7.5371,0,0,0,0,0,0,0,0,0,0,0,0,0,0,0,0,0,0,0.4722,0,0.75263,0.38191,0,0,0.38185,0,0,0,0,0,0,0,0,0,0,0,0,0,0,0,0,0,0
0,0,0,0,0,0,0,0,0,0.00023602,0,0,0,0,0,0,0,1.0528,1.3188,0.75304,0,1.2617,31.582,7.1564,70.508,2.586,3.0846,2.2939,15.283,2.7641,0,1.6316,0,0.12338,0,0.68444,0.23237,0,0,9.8073,1.3755,0,0,0,0,0,0,0,0,0,0,0,0,0,0,0,0,0,0,0,0,0,0,0,0,0,0,0,0,0,0,0,0,0,0,0,0,0,0,0,0,0,0
0,0,0,0,0,0,0,0,0,0,0,0,0,0,0,0,0,0.00066506,0,0.16573,0,0,0,2.5877,2.586,7.6442,1.0185,0,0,0,0,0,0,0,0,0,0,0,0,25.864,0.18626,0,0,0,0,0,0,0,0,0,0,0,0,0,0,0,0,0,0,0,0,0.00030525,0,0,0,0,0,0,0,0,0,0,0,0,0,0,0,0,0,0,0,0,0
0,0,0,0,0,0,0,0,0,0,0,0,0,0,0,0,0,0,0,0,0,0,0,0,3.0846,1.0185,2.9756,0,0,0,0,0,0,0,0,0,0,0,0,8.22,3.2187,0,0,0,0,0,0,0,0,0,0,0,0,0,0,0,0,0,0,0,0,0,0,0,0,0,0,0,0,0,0,0,0,0,0,0,0,0,0,0,0,0,0
0,0,0,0.029523,0,0,0,0,0,0,0,0,0,0,0,0,0,0,0,0,0,0,0,0,2.2939,0,0,8.3776,3.0788,0.98824,0,2.2909,0,0,0,1.1614,0,0.11295,0,0,3.5647,0,0,0,0,0,0,0,0,0,0,0,0,0,0,0,0,0,0,0,0,0,0,0,0,0,0,0,0,0,0,0,0,0,0,0,0,0,0,0,0,0,0
0.10527,0.017361,0,0,0,0.036106,0,0.054254,0.00098601,0.30607,0,0,0,0,0,0.073362,0.75935,0,7.0043,0,0,0.059094,13.076,0,15.283,0,0,3.0788,114.2,27.129,1.6593,5.73,0,0,0,0.45929,0.34421,0.057421,0,0.80733,0,0,0,0,0,0,0,0,0,0,0,0,0,0,0,0,0,0,0,0,0,0,0,0,0.0034941,0,0,0,0,0,0,0,0,0,0,0,0,0,0,0,0,0,0
0.80526,0,0,0,0,0,0,0,0,0.66398,0,0,0,0,0,0.26365,3.3254,0,18.781,0,0,0,2.233,0,2.7641,0,0,0.98824,27.129,101.76,27.175,18.143,0,0,0,0,0,0,0,0,0,0,0,0,0,0,0,0,0,0,0,0,0,0,0,0,0,0,0,0,0,0,0,0,0,0,0,0,0,0,0,0,0,0,0,0,0,0,0,0,0,0,0
0.00050714,0,0,0,0,0,0,0,0,0.5847,0,0,0,0,0,0.086129,18.99,0,18.21,0,0,0,0,0,0,0,0,0,1.6593,27.175,16.77,16.605,0,0,0,0,0,0,0,0,0,0,0,0,0,0,0,0,0,0,0,0,0,0,0,0,0,0,0,0,0,0,0,0,0,0,0,0,0,0,0,0,0,0,0,0,0,0,0,0,0,0,0
2.2561,0,0,0.25493,0,0,1.0671,0.070605,0.042895,1.0349,0,0,0,0,0,0.54486,6.3894,0,3.91,0,0,0,0.87804,0,1.6316,0,0,2.2909,5.73,18.143,16.605,148.18,12.401,0.024845,0,2.9705,0.48476,0.050699,0,0,0,0,0,0,0,0,0,0,0,0,0,0,0,0,0,0,0,0,0,0,0,0,0,0,0,0,0,0,0,0,0,0,0,0,0,0,0,0,0,0,0,0,0
0,0,0,0.0033924,0,0,0,0.0024175,0,0,0,0,0,0,0,0,1.2781,0,0,0,0,0,0,0,0,0,0,0,0,0,0,12.401,8.9733,0,0,0.247,0.047321,0,0,0,0,0,0,0,0,0,0,0,0,0,0,0,0,0,0,0,0,0,0,0,0,0,0,0,0,0,0,0,0,0,0,0,0,0,0,0,0,0,0,0,0,0,0
0,0,0,0,0,0,0,21.191,0,20.199,4.0427,0,0,0.61665,0.47072,2.2602,0,0,0,1.0844,0,0.13165,0.20368,0.12817,0.12338,0,0,0,0,0,0,0.024845,0,23.233,18.576,1.2835,4.2749,0,6.8402,12.747,2.4994,0,0,0,0,0,0,0,0,0,0,0,0,0,0,0,0,0,0,0,0,0,0,0,0,0,0,0,0,0,0,0,0,0,0,0,0,0,0,0,0,0,32.594
0,0,0.090176,6.452,0.053368,0,3.7988,6.6994,0,0.28965,0.028326,0,0,0.018776,0,0.078579,0,0.0069289,0,0,0,0,0.0010949,0,0,0,0,0,0,0,0,0,0,18.576,7.366,5.6881,5.4967,2.4982,2.4627,0.1218,0.0091521,0,0,0,0,0,0,0,0,0,0,0,0,0,0,0,0,0,0,0,0,0,0,0,0,0,0,0,0,0,0,0,0,0,0,0,0,0,0,0,0,0,0.93442
11.813,3.4872,0.50597,3.2627,2.6566,0.23174,13.039,10.578,1.5988,11.086,0,0,0,0,0,3.1611,1.4042,4.5526,3.1683,0,0,0,1.2941,0,0.68444,0,0,1.1614,0.45929,0,0,2.9705,0.247,1.2835,5.6881,23.712,32.436,13.833,0.5371,0,0,0,0,0,0,0,0,0,0,0,0,0,0,0,0,0,0,0,0,0,0,0,0,0,0,0,0,0,0,0,0,0,0,0,0,0,0,0,0,0,0,0,0
0,0.79055,0,0.49528,0.51626,0,5.0697,13.645,0,15.762,0,0,0,0,0,0,0.40517,5.0375,1.4729,0,0,0,0.56705,0,0.23237,0,0,0,0.34421,0,0,0.48476,0.047321,4.2749,5.4967,32.436,14.259,2.8175,6.8071,1.5653,4.4852,0,0,0,0,0,0,0,0,0,0,0,0,0,0,0,0,0,0,0,0,0,0,0,0,0,0,0,0,0,0,0,0,0,0,0,0,0,0,0,0,0,42.917
9.7878,0,0,12.187,0,0,0,0.098992,0,0,0,1.3444,0,0,0,0,0,0,0,0,0,0,0,0,0,0,0,0.11295,0.057421,0,0,0.050699,0,0,2.4982,13.833,2.8175,5.4357,0.75103,0,0.47089,0,0,0,0,0,0,0,0,0,0,0,0,0,0,0,0,0,0,0,0,0,0,0,0,0,0,0,0,0,0,0,0,0,0,0,0,0,0,0,0,0,0.032502
0,0.069974,0,0,0.025264,0,0.90281,7.7467,0,7.654,0,0,0,0.0087497,0,0,0.2111,0,0,0,0,0,0,0,0,0,0,0,0,0,0,0,0,6.8402,2.4627,0.5371,6.8071,0.75103,0.84337,1.2579,2.062,0,0,0,0,0,0,0,0,0,0,0,0,0,0,0,0,0,0,0,0,0,0,0,0,0,0,0,0,0,0,0,0,0,0,0,0,0,0,0,0,0,28.605
0,0,0,0,0,0,0,0,0,0.0024979,0.0074179,0,0,0,3.8615,0.024192,0,0.54832,0.68257,1.7522,0.0035031,0.49596,1.1143,7.5371,9.8073,25.864,8.22,0,0.80733,0,0,0,0,12.747,0.1218,0,1.5653,0,1.2579,42.516,5.8444,0,0,0,0,0,0,0,0,0,0,0,0,0,0,0,0,0,0,0,0,0,0,0,0,0,0,0,0,0,0,0,0,0,0,0,0,0,0,0,0,0,1.9248
0,0,0,0,0,0,0,0,0,0,0,0,0,0,0,0,0.10985,0,0,0,0,0,0,0,1.3755,0.18626,3.2187,3.5647,0,0,0,0,0,2.4994,0.0091521,0,4.4852,0.47089,2.062,5.8444,11.859,0,0,0,0,0,0,0,0,0,0,0,0,0,0,0,0,0,0,0,0,0,0,0,0,0,0,0,0,0,0,0,0,0,0,0,0,0,0,0,0,0,0.96397
0,0,0,1.2278,0,0,0,0.21943,0,0,0,0,0,0,0,0,0,0,0,0,0,0,0,0,0,0,0,0,0,0,0,0,0,0,0,0,0,0,0,0,0,83.898,7.4206,1.0583,25.035,5.5601,0.094456,12.532,0,0,0,0,0,0,0,0,0,0,0.093732,0.12292,0,0,0,0,0,0,0,0,0.37788,0,0.017474,0,3.4211,0.0075783,0.079261,3.6184,9.7316,0.62826,3.1048,0.0032356,0,0,0
0,0,0,0,0,0,0,0,0,0,0,0,0,0,0,0,0,0,0,0,0,0,0,0,0,0,0,0,0,0,0,0,0,0,0,0,0,0,0,0,0,7.4206,9.8207,0,0,5.8402,0,5.0907,0,0,0,0,0,0,0,0,0,0,0,0,0,0,0,0,0,0,0,0,0,0,0,0,0,0,0.40128,0,1.8693,0.4016,0,0.011693,0,0,0
0,0,0,0.39644,0,0,0,0.19342,0,0,0,0.075254,0,0,0,0,0,0,0,0,0,0,0,0,0,0,0,0,0,0,0,0,0,0,0,0,0,0,0,0,0,1.0583,0,1.4453,5.266,0,0,1.1868,0,0,0,0,0.21923,0,0,0,0,0,0,0,0,0,0,0,0,0,0,0,0,0,0,0,0,0,0,0,0,0,0,0,0,0,0
0,0,0,5.8102,0,0,0,1.5813,0,0,0,0.75867,0,0,0,0,0,0,0,0,0,0,0,0,0,0,0,0,0,0,0,0,0,0,0,0,0,0,0,0,0,25.035,0,5.266,32.674,0,0,5.5996,2.8112,0,0,0,4.7703,0.16484,0,0,0,0,0.00049936,0,0,0,0,0,0,0,0,0,0.11306,0,0.020167,0,1.1129,0.0087261,0,5.2677,2.1722,0.12819,7.0155,0.0019223,0,0,0
0,0,0,0,0,0,0,0,0,0,0,0,0,0,0,0,0,0,0,0,0,0,0,0,0,0,0,0,0,0,0,0,0,0,0,0,0,0,0,0,0,5.5601,5.8402,0,0,50.712,10.544,17.12,1.0798,0,0,0,0,0,0,0,0,0,0,0.23783,0,0,0,0,0,0,0,0,0,0,0,0,0,0,0.2331,0,4.4051,0.57193,0,0.030512,0,0,0
0,0,0,0,0,0,0,0,0,0,0,0,0,0,0,0,0,0,0,0,0,0,0,0,0,0,0,0,0,0,0,0,0,0,0,0,0,0,0,0,0,0.094456,0,0,0,10.544,61.492,13.905,3.3417,13.571,15.27,0,0,0,0,0,0.41802,0.78434,0,0.1686,0,0,0,0,0,0,0,0,0,0,0,0,0.11562,0,0.041238,0,1.0569,0.13996,0,0.014631,0,0.00020759,0.075652
0,0.0058333,0,1.0121,0.10447,0,1.6133,4.4755,0,0,0,0.86417,0,0,0,0,0,0,0,0,0,0,0,0,0,0,0,0,0,0,0,0,0,0,0,0,0,0,0,0,0,12.532,5.0907,1.1868,5.5996,17.12,13.905,232.47,41.366,26.413,0,0,3.409,2.8375,0,0,0.072861,0,0,0,0,0,0,0,0,0,0,0,0,0,0,0,0,0,3.6648,3.2656,11.034,4.9481,0,0.77343,0,0,1.031
0,0.14729,0,0,0.0095429,0,3.1051,57.569,0,0,0,1.9836,9.8893,7.1347,0,0,0,0,0,0,0,0,0,0,0,0,0,0,0,0,0,0,0,0,0,0,0,0,0,0,0,0,0,0,2.8112,1.0798,3.3417,41.366,319.89,16.715,15.948,7.8765,5.4332,26.412,21.481,0,0.1108,0,0,0.044042,0,0,0,0,0,0,0,0,0,0,0,0,0,0,13.307,1.207,9.8557,12.778,0.063629,4.432,0,0,5.7915
0,0,0,0,0,0,0,0,0,0,0,0,0,0,0,0,0,0,0,0,0,0,0,0,0,0,0,0,0,0,0,0,0,0,0,0,0,0,0,0,0,0,0,0,0,0,13.571,26.413,16.715,121.57,36.493,0,0,0,0,0,0.81869,0.30238,0,0.12504,0,0,0,0,0,0,0,0,0,0,0,0,0.1202,0,1.7829,0.030767,2.9176,2.8237,0,0.99803,0,0.0014272,2.0597
0,0,0,0,0,0,0,0,0,0,0,0,0,2.0075,0,0,0,0,0,0,0,0,0,0,0,0,0,0,0,0,0,0,0,0,0,0,0,0,0,0,0,0,0,0,0,0,15.27,0,15.948,36.493,276.3,20.836,0,0,10.9,0,33.254,11.177,0,1.026,0,0,0,0,0,0.002421,0,0,0,0.26141,0.96291,0,1.4006,0.12655,14.629,0.28221,17.809,27.237,0.0015856,4.1319,0,0.0032853,23.227
0,0,0,0,0,0,0,0,0,0.48289,1.287,0,0,1.5166,0,0.085884,0,0,0,0.12017,0,0,0,0,0,0,0,0,0,0,0,0,0,0,0,0,0,0,0,0,0,0,0,0,0,0,0,0,7.8765,0,20.836,27.766,0,0.02224,13.172,0.30843,7.9087,0,0,0,4.0061,0,0,0,0,0,0,0,0,0,0,0,0,0,0,0,0,0,0,0,0,0,0
0,0,0,0.6389,0,0,0,0.544,0,0,0,2.2577,0.71755,0,0,0,0,0,0,0,0,0,0,0,0,0,0,0,0,0,0,0,0,0,0,0,0,0,0,0,0,0,0,0.21923,4.7703,0,0,3.409,5.4332,0,0,0,10.412,2.6466,0,0,0,0,0,0,0,0,0,0,0,0,0,0,0,0,0,0,0,0,0,0,0,0,2.4457,0,0,0,0
0,0,0,0,0,0,0,1.3777,0,0,0,0.019356,7.3576,0,0,0,0,0,0,0,0,0,0,0,0,0,0,0,0,0,0,0,0,0,0,0,0,0,0,0,0,0,0,0,0.16484,0,0,2.8375,26.412,0,0,0.02224,2.6466,15.265,12.462,0.86167,0,0,0.061197,0,0.13909,0,0,0,0,0,0,0,0,0,0,0,0,0,0,0,0,0,0.019427,0,0,0,0
0,0,0,0,0,0,0,1.1429,0,0,1.0685,0,0.35198,13.044,1.5656,0.0032442,0,0,0,0.10044,0,0,0,0,0,0,0,0,0,0,0,0,0,0,0,0,0,0,0,0,0,0,0,0,0,0,0,0,21.481,0,10.9,13.172,0,12.462,48.709,10.956,0.37509,0,3.5901,0,14.842,0,0,0,0,0,0,0,0,0,0,0,0,0,0,0,0,0,0,0,0,0,0
0,0,0,0,0,0,0,0,0,0,0.12145,0,0,0.84853,5.8611,0,0,0.082128,0,0.64918,0,0,0,0,0,0,0,0,0,0,0,0,0,0,0,0,0,0,0,0,0,0,0,0,0,0,0,0,0,0,0,0.30843,0,0.86167,10.956,19.703,0,0,4.8449,0,20.655,0.086622,0,0,0.86667,0,0.66964,0,0,0,0,0,0,0,0,0,0,0,0,0,2.7818,0,0
0,0,0,0,0,0,0,0,0,0.093669,0.57549,0,0,0.38364,0,0.1399,0,0.014889,0,0.1131,0,0,0,0,0,0,0,0,0,0,0,0,0,0,0,0,0,0,0,0,0,0,0,0,0,0,0.41802,0.072861,0.1108,0.81869,33.254,7.9087,0,0,0.37509,0,190.56,31.863,21.173,1.0695,2.0931,0,0,0,0.0021789,0.011363,0,0,0,0.33896,0.58269,0,0.74253,0.20291,3.449,0.085628,4.2281,3.4034,0,1.1145,0.22896,0,5.8866
0,0,0,0,0,0,0,0,0,0,0,0,0,0,0,0,0,0,0,0,0,0,0,0,0,0,0,0,0,0,0,0,0,0,0,0,0,0,0,0,0,0,0,0,0,0,0.78434,0,0,0.30238,11.177,0,0,0,0,0,31.863,172.66,13.182,23.738,0,0,0,0,0,0.021358,0,0,0,1.6139,5.5466,20.337,11.304,0.89952,0,0,0,0.30777,0,0,0,0,0
0,0,0,0,0,0,0,0,0,0,0.17503,0,0,0,1.3734,0.031939,0,1.8967,0,4.1962,0.22927,0.052968,0.17056,0.4722,0,0,0,0,0,0,0,0,0,0,0,0,0,0,0,0,0,0.093732,0,0,0.00049936,0,0,0,0,0,0,0,0,0.061197,3.5901,4.8449,21.173,13.182,184.95,33.66,75.602,24.304,0,11.366,0,0.070791,0,0.00095216,0,0.082845,0,0,1.1708,0.98437,4.2432,0,4.6367,6.2285,0,1.9844,0.35022,0.26833,5.7688
0,0,0,0,0,0,0,0,0,0,0,0,0,0,0,0,0,0,0,0,0,0,0,0,0,0,0,0,0,0,0,0,0,0,0,0,0,0,0,0,0,0.12292,0,0,0,0.23783,0.1686,0,0.044042,0.12504,1.026,0,0,0,0,0,1.0695,23.738,33.66,201.47,0,0,0,31.524,0,0.79017,0,0.00050778,0,5.4999,18.096,16.324,8.8232,0,0.59217,0,1.6205,2.2602,0,0.84142,0.80884,0.7935,1.2439
0,0,0,0,0,0,0,0,0,0.049899,0.63036,0,0,0.90276,3.2735,0.15788,0,2.6742,0,13.074,0.31542,1.0287,0.3593,0.75263,0,0,0,0,0,0,0,0,0,0,0,0,0,0,0,0,0,0,0,0,0,0,0,0,0,0,0,4.0061,0,0.13909,14.842,20.655,2.0931,0,75.602,0,118.19,3.6162,1.9392,0,1.1986,0,0.063808,0,0,0,0,0,0.24932,0,0.55458,0.0061055,0,0,0,0.25803,1.006,0,1.0316
0,0,0,0,0,0,0,0,0,0,0,0,0,0,0.042511,0,0,0.31346,0,1.2488,0.15367,0.056662,0.16526,0.38191,0,0.00030525,0,0,0,0,0,0,0,0,0,0,0,0,0,0,0,0,0,0,0,0,0,0,0,0,0,0,0,0,0,0.086622,0,0,24.304,0,3.6162,27.032,22.315,8.6929,0.46525,0.18964,0.008481,0,0,0.0079636,0.00099706,0,0.11253,0,0.1125,0,0.0063895,0,0,0.0059878,0.14696,0,0
0,0,0,0,0,0,0,0,0,0,0,0,0,0,0,0,0,0,0,0,0,0,0,0,0,0,0,0,0,0,0,0,0,0,0,0,0,0,0,0,0,0,0,0,0,0,0,0,0,0,0,0,0,0,0,0,0,0,0,0,1.9392,22.315,31.642,20.172,34.808,1.9353,0,0,0,0.15936,0.42566,0,1.1426,0,0.087122,0,0.081776,0,0,0,0.45316,0,0
0,0,0,0,0,0,0,0,0,0,0,0,0,0,0,0,0,0,0,0,0,0,0,0,0,0,0,0,0,0,0,0,0,0,0,0,0,0,0,0,0,0,0,0,0,0,0,0,0,0,0,0,0,0,0,0,0,0,11.366,31.524,0,8.6929,20.172,229.1,11.363,23.506,0,0,0,11.265,4.4699,0,3.8476,0,0.064757,0,0,0,0,0,0,0,0
0,0,0,0,0,0,0,0,0,0,0,0,0,0,0.14336,0,0,0,0,0.086095,0,0,0,0.38185,0,0,0,0,0.0034941,0,0,0,0,0,0,0,0,0,0,0,0,0,0,0,0,0,0,0,0,0,0,0,0,0,0,0.86667,0.0021789,0,0,0,1.1986,0.46525,34.808,11.363,87.404,7.9491,3.4115,0,0,0.29688,0.70334,0,0.84929,0,0.17414,0,0,0,0,0.027081,7.0181,0,0
0,0,0,0,0,0,0,0,0,0,0,0,0,0,0.059641,0,0,0,0,0,0,0,0,0,0,0,0,0,0,0,0,0,0,0,0,0,0,0,0,0,0,0,0,0,0,0,0,0,0,0,0.002421,0,0,0,0,0,0.011363,0.021358,0.070791,0.79017,0,0.18964,1.9353,23.506,7.9491,86.918,2.0535,1.9102,1.7842,18.42,0,0,3.1821,0,0.33923,0,0.4152,0.27482,0,0.025164,14.721,1.1745,0
0,0,0,0,0,0,0,0,0,0,0,0,0,0,0,0,0,0,0,0,0,0,0,0,0,0,0,0,0,0,0,0,0,0,0,0,0,0,0,0,0,0,0,0,0,0,0,0,0,0,0,0,0,0,0,0.66964,0,0,0,0,0.063808,0.008481,0,0,3.4115,2.0535,7.8313,1.3692,0,0,0,0,0,0,0,0,0,0,0,0,22.814,0,0
0,0,0,0,0,0,0,0,0,0,0,0,0,0,0,0,0,0,0,0,0,0,0,0,0,0,0,0,0,0,0,0,0,0,0,0,0,0,0,0,0,0,0,0,0,0,0,0,0,0,0,0,0,0,0,0,0,0,0.00095216,0.00050778,0,0,0,0,0,1.9102,1.3692,2.9271,1.1813,0,0,0,0.0012169,0,0.011689,0,0.014432,0.10638,0,0.010442,9.5758,4.7696,0
0,0,0,0,0,0,0,0,0,0,0,0,0,0,0,0,0,0,0,0,0,0,0,0,0,0,0,0,0,0,0,0,0,0,0,0,0,0,0,0,0,0.37788,0,0,0.11306,0,0,0,0,0,0,0,0,0,0,0,0,0,0,0,0,0,0,0,0,1.7842,0,1.1813,7.4182,0.53034,0.95428,0,2.3399,0,0,0,0.68902,0.61762,0.051764,0,0,4.6382,0
0,0,0,0,0,0,0,0,0,0,0,0,0,0,0,0,0,0,0,0,0,0,0,0,0,0,0,0,0,0,0,0,0,0,0,0,0,0,0,0,0,0,0,0,0,0,0,0,0,0,0.26141,0,0,0,0,0,0.33896,1.6139,0.082845,5.4999,0,0.0079636,0.15936,11.265,0.29688,18.42,0,0,0.53034,119.14,47.332,1.7304,3.1615,0,0.21999,0,0.25308,0,0,0.037176,1.307,0,0
0,0,0,0,0,0,0,0,0,0,0,0,0,0,0.010296,0,0,0,0,0.0026121,0,0,0,0,0,0,0,0,0,0,0,0,0,0,0,0,0,0,0,0,0,0.017474,0,0,0.020167,0,0,0,0,0,0.96291,0,0,0,0,0,0.58269,5.5466,0,18.096,0,0.00099706,0.42566,4.4699,0.70334,0,0,0,0.95428,47.332,105.92,30.317,25.044,0,0,0,0.19004,0,0,0,0,0,0
0,0,0,0,0,0,0,0,0,0,0,0,0,0,0,0,0,0,0,0,0,0,0,0,0,0,0,0,0,0,0,0,0,0,0,0,0,0,0,0,0,0,0,0,0,0,0,0,0,0,0,0,0,0,0,0,0,20.337,0,16.324,0,0,0,0,0,0,0,0,0,1.7304,30.317,25.583,32.083,0,0,0,0,0,0,0,0,0,0
0,0,0,0,0,0,0,0,0,0,0,0,0,0,0.28184,0,0,0.00069224,0,0.016733,0,0,0,0,0,0,0,0,0,0,0,0,0,0,0,0,0,0,0,0,0,3.4211,0,0,1.1129,0,0.11562,0,0,0.1202,1.4006,0,0,0,0,0,0.74253,11.304,1.1708,8.8232,0.24932,0.11253,1.1426,3.8476,0.84929,3.1821,0,0.0012169,2.3399,3.1615,25.044,32.083,199.16,23.607,0.33506,0,4.7458,1.1167,0.23366,0.68593,0,0.58174,0.075119
0,0,0,0,0,0,0,0,0,0,0,0,0,0,0,0,0,0,0,0,0,0,0,0,0,0,0,0,0,0,0,0,0,0,0,0,0,0,0,0,0,0.0075783,0,0,0.0087261,0,0,0,0,0,0.12655,0,0,0,0,0,0.20291,0.89952,0.98437,0,0,0,0,0,0,0,0,0,0,0,0,0,23.607,15.025,0,0,1.5907,1.0658,0.0030631,0.074803,0,0,0.30504
0,0,0,0,0,0,0,0,0,0,0,0,0,0,0,0,0,0,0,0,0,0,0,0,0,0,0,0,0,0,0,0,0,0,0,0,0,0,0,0,0,0.079261,0.40128,0,0,0.2331,0.041238,3.6648,13.307,1.7829,14.629,0,0,0,0,0,3.449,0,4.2432,0.59217,0.55458,0.1125,0.087122,0.064757,0.17414,0.33923,0,0.011689,0,0.21999,0,0,0.33506,0,24.244,12.273,0,6.5572,0,5.9532,20.844,3.4371,24.812
0,0,0,0,0,0,0,0,0,0,0,0,0,0,0,0,0,0,0,0,0,0,0,0,0,0,0,0,0,0,0,0,0,0,0,0,0,0,0,0,0,3.6184,0,0,5.2677,0,0,3.2656,1.207,0.030767,0.28221,0,0,0,0,0,0.085628,0,0,0,0.0061055,0,0,0,0,0,0,0,0,0,0,0,0,0,12.273,4.6854,0,3.6106,3.4248,0.25129,0.043494,0,0
0,0,0,0,0,0,0,0,0,0,0,0,0,0,0,0,0,0,0,0,0,0,0,0,0,0,0,0,0,0,0,0,0,0,0,0,0,0,0,0,0,9.7316,1.8693,0,2.1722,4.4051,1.0569,11.034,9.8557,2.9176,17.809,0,0,0,0,0,4.2281,0,4.6367,1.6205,0,0.0063895,0.081776,0,0,0.4152,0,0.014432,0.68902,0.25308,0.19004,0,4.7458,1.5907,0,0,21.205,35.997,6.1928,0.43177,0,1.2004,0
0,0,0,0,0,0,0,0,0,0,0,0,0,0,0,0,0,0,0,0,0,0,0,0,0,0,0,0,0,0,0,0,0,0,0,0,0,0,0,0,0,0.62826,0.4016,0,0.12819,0.57193,0.13996,4.9481,12.778,2.8237,27.237,0,0,0,0,0,3.4034,0.30777,6.2285,2.2602,0,0,0,0,0,0.27482,0,0.10638,0.61762,0,0,0,1.1167,1.0658,6.5572,3.6106,35.997,21.739,2.5074,11.168,0,3.4511,67.47
0,0,0,0,0,0,0,0,0,0,0,0,0,0,0,0,0,0,0,0,0,0,0,0,0,0,0,0,0,0,0,0,0,0,0,0,0,0,0,0,0,3.1048,0,0,7.0155,0,0,0,0.063629,0,0.0015856,0,2.4457,0.019427,0,0,0,0,0,0,0,0,0,0,0,0,0,0,0.051764,0,0,0,0.23366,0.0030631,0,3.4248,6.1928,2.5074,4.7214,0.46321,0,0.45942,0.012536
0,0,0,0,0,0,0,0,0,0,0,0,0,0,0,0,0,0,0,0,0,0,0,0,0,0,0,0,0,0,0,0,0,0,0,0,0,0,0,0,0,0.0032356,0.011693,0,0.0019223,0.030512,0.014631,0.77343,4.432,0.99803,4.1319,0,0,0,0,0,1.1145,0,1.9844,0.84142,0.25803,0.0059878,0,0,0.027081,0.025164,0,0.010442,0,0.037176,0,0,0.68593,0.074803,5.9532,0.25129,0.43177,11.168,0.46321,0.88045,1.1926,1.6001,22.979
0,0,0,0,0,0,0,0,0,0,0,0,0,0,0,0,0,0,0,0,0,0,0,0,0,0,0,0,0,0,0,0,0,0,0,0,0,0,0,0,0,0,0,0,0,0,0,0,0,0,0,0,0,0,0,2.7818,0.22896,0,0.35022,0.80884,1.006,0.14696,0.45316,0,7.0181,14.721,22.814,9.5758,0,1.307,0,0,0,0,20.844,0.043494,0,0,0,1.1926,49.745,5.3756,1.3371
0,0,0,0,0,0,0,0,0,0,0,0,0,0,0,0,0,0,0,0,0,0,0,0,0,0,0,0,0,0,0,0,0,0,0,0,0,0,0,0,0,0,0,0,0,0,0.00020759,0,0,0.0014272,0.0032853,0,0,0,0,0,0,0,0.26833,0.7935,0,0,0,0,0,1.1745,0,4.7696,4.6382,0,0,0,0.58174,0,3.4371,0,1.2004,3.4511,0.45942,1.6001,5.3756,9.3539,0.58647
0,0.070908,0,0.0021252,0.03983,0,1.062,12.227,0,26.511,0,0,0,0,0,0,0.48171,0,0,0,0,0,0,0,0,0,0,0,0,0,0,0,0,32.594,0.93442,0,42.917,0.032502,28.605,1.9248,0.96397,0,0,0,0,0,0.075652,1.031,5.7915,2.0597,23.227,0,0,0,0,0,5.8866,0,5.7688,1.2439,1.0316,0,0,0,0,0,0,0,0,0,0,0,0.075119,0.30504,24.812,0,0,67.47,0.012536,22.979,1.3371,0.58647,0
