62.549,9.3825,0.32348,18.64,6.836,0,6.8854,0,0,0.036521,0,0,0,0,0,0,0,0,0.027287,0,0,0,0.039183,0,0,0,0,0.4029,0.099273,0.77072,0,2.1037,0,0.18498,1.6006,10.145,0.37943,7.4683,0.082508,0,0.167,0,0,0,0.082683,0,0,0,0,0,0,0,0.014341,0,0,0,0,0,0,0,0,0,0,0,0,0,0,0,0,0,0,0,0,0,0,0,0,0,0,0,0,0,0
9.3825,15.719,0,0.059962,6.2717,0,11.812,0,0,0,0,0,0,0,0,0,0,0,0,0,0,0,0,0,0,0,0,0,0,0.010335,0,0,0,0.23461,0.22992,3.8484,0.75556,0,0.070809,0,0,0,0,0,0,0,0,0,0,0,0,0,0,0,0,0,0,0,0,0,0,0,0,0,0,0,0,0,0,0,0,0,0,0,0,0,0,0,0,0,0,0,0
0.32348,0,1.9991,5.4907,0,0,1.8492,1.5605,0,0.00015967,0,0,0,0,0,0,0,0,0,0,0,0,0,0,0,0,0,0,0.00045632,0,0,0,0,0.082606,0.082361,0,0,0,0.008032,0.00030976,0,0,0,0.0031478,0.061656,0,0,0,0.012694,0,0,0,0,0,0,0,0,0,0,0,0,0,0,0,0,0,0,0,0,0,0,0,0,0,0,0,0,0,0,0,0,0,0
18.64,0.059962,5.4907,28.24,0,0,9.2664,3.9753,0,0.0024921,0,8.7557,0,0,0,0,0,0,0,0,0,0,0,0,0,0,0,0,0.0025077,0,0,0,0,0.21698,5.3993,3.1866,0.48296,6.7204,0.0063103,0,0,0,0,0.37269,5.5574,0,0,1.0729,1.3052,0,0,0,0.63586,0,0,0,0,0,0,0,0,0,0,0,0,0,0,0,0,0,0,0,0,0,0,0,0,0,0,0,0,0,0.0021893
6.836,6.2717,0,0,56.454,9.8109,14.644,0,0,0.074103,0,0,0,0,0,0.006509,0,0,0,0,0,0,0,0,0,0,0,0,0.016752,0.0073129,0,0,0,0,0,2.7962,0,0,0,0,0,0,0,0,0,0,0,0,0,0,0,0,0,0,0,0,0,0,0,0,0,0,0,0,0,0,0,0,0,0,0,0,0,0,0,0,0,0,0,0,0,0,0
0,0,0,0,9.8109,43.189,14.554,0,8.4165,15.838,0,0,0,0,0,0.19015,0.57979,0,0.1069,0,0,0,0,0,0,0,0,0,0.03362,0.089646,0,0,0,0,0,0,0,0,0,0,0,0,0,0,0,0,0,0,0,0,0,0,0,0,0,0,0,0,0,0,0,0,0,0,0,0,0,0,0,0,0,0,0,0,0,0,0,0,0,0,0,0,0
6.8854,11.812,1.8492,9.2664,14.644,14.554,248.56,54.678,31.48,1.214,0.00028735,0,0,0,0,0.28577,0.40756,0,0.19439,0,0,0,0,0,0,0,0,0,0.020684,0.11073,0,0,0,4.8245,3.7937,13.378,5.2835,0,0.98749,0.0243,0,0,0,0.012594,0,0,0,1.7027,2.9836,0,0,0,0,0,0,0,0,0,0,0,0,0,0,0,0,0,0,0,0,0,0,0,0,0,0,0,0,0,0,0,0,0,1.0913
0,0,1.5605,3.9753,0,0,54.678,385.03,11.845,17.421,10.065,13.159,49.294,39.068,0,0,0.017137,0,0.085488,0,0,0,0,0,0,0,0,0,0.038531,0.033974,0,0,0,20.699,5.8979,10.445,13.554,0.10036,7.8184,0.0052045,0,0,0,0,1.5492,0,0,4.1978,61.145,0,0,0,0.67242,1.5332,0,0,0,0,0,0,0,0,0,0,0,0,0,0,0,0,0,0,0,0,0,0,0,0,0,0,0,0,12.244
0,0,0,0,0,8.4165,31.48,11.845,82.466,32.549,0,0,0,0,0,0.59493,0.94167,0,0.45039,0,0,0,0,0,0,0,0,0,0,0,0,0,0,0,0,1.5889,1.2828,0,0,0,0,0,0,0,0,0,0,0,0,0,0,0,0,0,0,0,0,0,0,0,0,0,0,0,0,0,0,0,0,0,0,0,0,0,0,0,0,0,0,0,0,0,0
0.036521,0,0.00015967,0.0024921,0.074103,15.838,1.214,17.421,32.549,230.39,21.559,0,0,0,0,32.863,15.733,0,2.5886,0,0,0,0,0,0,0,0,0,0.23374,0.70027,0,0,0,20.63,0.30175,10.86,14.74,0,8.4299,0.002004,0,0,0,0,0,0,0,0,0,0,0.55601,0,0,0,0,0,0.11013,0,0,0,0,0,0,0,0,0,0,0,0,0,0,0,0,0,0,0,0,0,0,0,0,0,24.923
0,0,0,0,0,0,0.00028735,10.065,0,21.559,62.586,0,0.060472,22.485,3.0154,15.578,0,6.0358,0,7.3551,0,0,0,0,0,0,0,0,0,0,0,0,0,4.1258,0.029334,0,0,0,0.41493,0.006999,0,0,0,0,0,0,0,0,0,0,0.94373,1.2823,0,0,1.0872,0,0.67237,0,0.1903,0,0.66114,0,0,0,0,0.0008052,0,0,0,0,0,0,0,0,0,0,0,0,0,0,0,0,0.8012
0,0,0,8.7557,0,0,0,13.159,0,0,0,8.5282,4.2449,0,0,0,0,0,0,0,0,0,0,0,0,0,0,0,0,0,0,0,0,0,0,0,0,0,0,0,0,0,0,0,0.76827,0,0,0,2.0781,0,0,0,2.6273,0,0,0,0,0,0,0,0,0,0,0,0,0,0,0,0,0,0,0,0,0,0,0,0,0,0,0,0,0,0
0,0,0,0,0,0,0,49.294,0,0,0.060472,4.2449,23.738,10.344,0,0,0,0,0,0.10162,0,0,0,0,0,0,0,0,0,0,0,0,0,0,0,0,0,0,0,0,0,0,0,0,0,0,0,0,10.681,0,0,0,0.70529,8.0517,0,0,0,0,0,0,0,0,0,0,0,0,0,0,0,0,0,0,0,0,0,0,0,0,0,0,0,0,0
0,0,0,0,0,0,0,39.068,0,0,22.485,0,10.344,60.252,12.744,0,0,0,0,11.188,0,0,0,0,0,0,0,0,0,0,0,0,0,0,0,0,0,0,0,0,0,0,0,0,0,0,0,0,7.6532,0,2.3272,1.5436,0,0,13.646,0,0.4479,0,0,0,0.82087,0,0,0,0,0,0,0,0,0,0,0,0,0,0,0,0,0,0,0,0,0,0
0,0,0,0,0,0,0,0,0,0,3.0154,0,0,12.744,19.57,0,0,2.4932,0.3205,33.98,0,0,0,1.1655,0,0,0,0,0,0,0,0,0,0.35288,0,0,0.089614,0,0.20493,3.3361,0.0008276,0,0,0,0,0,0,0,0,0,0,0.066978,0,0,1.5415,4.3496,0,0,1.2872,0.21384,2.8737,0,0,0,0,0,0,0,0,0,0,0,0,0,0,0,0,0,0,0,0,0,0.54367
0,0,0,0,0.006509,0.19015,0.28577,0,0.59493,32.863,15.578,0,0,0,0,160.1,33.582,10.069,1.4221,1.4441,0,0,0,0,0,0,0,0,0.059022,0.21387,0,0.48279,0.067376,2.2622,0,2.8292,2.6332,0,1.1795,0,0,0,0,0,0,0,0,0,0,0,0,0,0,0,0,0,0.1568,0,0,0,0,0,0,0,0,0,0,0,0,0,0,0,0,0,0,0,0,0,0,0,0,0,2.4169
0,0,0,0,0,0.57979,0.40756,0.017137,0.94167,15.733,0,0,0,0,0,33.582,131.61,6.2828,23.217,0,0,0,0,0,0,0,0,0,0.6288,2.8026,15.231,6.2841,1.2538,0,0,0,0,0,0,0,0,0,0,0,0,0,0,0,0,0,0,0,0,0,0,0,0,0,0,0,0,0,0,0,0,0,0,0,0,0,0,0,0,0,0,0,0,0,0,0,0,0,0
0,0,0,0,0,0,0,0,0,0,6.0358,0,0,0,2.4932,10.069,6.2828,192.1,27.377,70.573,10.852,0,8.7996,0,0,0,0,0,0,0,0,0.34029,0,4.4386,0,3.9642,4.271,0,1.3856,0.51483,0.059291,0,0,0,0,0,0,0,0,0,0,0,0,0,0,0,0,0,1.8641,0,2.5125,0.21794,0.01378,0.4717,0,0,0,0,0,0,0,0,0,0,0,0,0,0,0,0,0,0,4.8226
0.027287,0,0,0,0,0.1069,0.19439,0.085488,0.45039,2.5886,0,0,0,0,0.3205,1.4221,23.217,27.377,226.46,4.9422,0,0,35.284,0,1.2829,0,0,0,5.9223,18.777,12.321,3.1706,0,0.21822,0,2.8691,1.3387,0,0.26763,0.73428,0.08314,0,0,0,0,0,0,0,0,0,0,0,0,0,0,0,0,0,0,0,0,0,0,0,0,0,0,0,0,0,0,0,0,0,0,0,0,0,0,0,0,0,0.78663
0,0,0,0,0,0,0,0,0,0,7.3551,0,0.10162,11.188,33.98,1.4441,0,70.573,4.9422,147.9,6.688,7.3674,2.2883,1.4668,0,0,0,0,0.084856,0.68192,0,0,0,0.83654,0,0,0,0.00029948,0.58997,1.263,0.090604,0,0,0,0,0,0,0,0,0,0,0.12205,0,0,0,0.59879,0.12096,0,4.1789,0.97435,13.144,1.0614,0.34012,0.90636,0.070005,0.041086,0,0,0,0,0,0,0,0,0,0,0,0,0,0,0,0,1.0494
0,0,0,0,0,0,0,0,0,0,0,0,0,0,0,0,0,10.852,0,6.688,43.453,36.315,11.315,0,0,0,0,0,0,0,0,0,0,0.0046875,0,0,0,0,0.047345,0,0.04298,0,0,0,0,0,0,0,0,0,0,0,0,0,0,0,0,0,0.22399,0,0.29776,0.1198,0.14171,0,0,0,0,0,0,0,0,0,0,0,0,0,0,0,0,0,0,0,0
0,0,0,0,0,0,0,0,0,0,0,0,0,0,0,0,0,0,0,7.3674,36.315,48.408,27.342,47.328,0.8883,0,0,0,0.057005,1.0096,0,0,0,0.10081,0,0,0,0,0,0,0.010626,0,0,0,0,0,0,0,0,0,0,0,0,0,0,0,0,0,0.055056,0,0.97373,0.046588,0.025068,0.039685,0,0,0,0,0,0,0,0,0,0,0,0,0,0,0,0,0,0,0
0.039183,0,0,0,0,0,0,0,0,0,0,0,0,0,0,0,0,8.7996,35.284,2.2883,11.315,27.342,194.73,9.4509,29.19,0,0,0,12.128,3.361,0,0.74757,0,0,0,1.1782,0.5152,0.0076711,0.21337,0,0.33199,0,0,0,0,0,0,0,0,0,0,0,0,0,0,0,0,0,0.16686,0,0.32068,0,0.077995,0.18381,0,0,0,0,0,0,0,0,0,0,0,0,0,0,0,0,0,0,0.091404
0,0,0,0,0,0,0,0,0,0,0,0,0,0,1.1655,0,0,0,0,1.4668,0,47.328,9.4509,78.694,4.9047,1.6421,0,0,0.1783,1.2808,0,0,0,0.06855,0,0,0,0,0,5.8005,0,0,0,0,0,0,0,0,0,0,0,0,0,0,0,0,0,0,0,0,0,0,0,0,0,0,0,0,0,0,0,0,0,0,0,0,0,0,0,0,0,0,0
0,0,0,0,0,0,0,0,0,0,0,0,0,0,0,0,0,0,1.2829,0,0,0.8883,29.19,4.9047,71.03,2.061,2.2682,1.8671,16.807,2.4921,0,0,0,0,0,0.75334,0,0.05873,0,7.9436,1.4428,0,0,0,0,0,0,0,0,0,0,0,0,0,0,0,0,0,0,0,0,0,0,0,0,0,0,0,0,0,0,0,0,0,0,0,0,0,0,0,0,0,0
0,0,0,0,0,0,0,0,0,0,0,0,0,0,0,0,0,0,0,0,0,0,0,1.6421,2.061,6.6861,1.144,0,0,0,0,0,0,0,0,0,0,0,0,25.821,0,0,0,0,0,0,0,0,0,0,0,0,0,0,0,0,0,0,0,0,0,0,0,0,0,0,0,0,0,0,0,0,0,0,0,0,0,0,0,0,0,0,0
0,0,0,0,0,0,0,0,0,0,0,0,0,0,0,0,0,0,0,0,0,0,0,0,2.2682,1.144,3.6974,0.65204,0,0,0,0,0,0,0,0,0,0,0,8.0759,4.2896,0,0,0,0,0,0,0,0,0,0,0,0,0,0,0,0,0,0,0,0,0,0,0,0,0,0,0,0,0,0,0,0,0,0,0,0,0,0,0,0,0,0
0.4029,0,0,0,0,0,0,0,0,0,0,0,0,0,0,0,0,0,0,0,0,0,0,0,1.8671,0,0.65204,7.4451,2.2725,0,0,2.0173,0,0,0,1.2572,0,0,0,0.19049,3.7083,0,0,0,0,0,0,0,0,0,0,0,0,0,0,0,0,0,0,0,0,0,0,0,0,0,0,0,0,0,0,0,0,0,0,0,0,0,0,0,0,0,0
0.099273,0,0.00045632,0.0025077,0.016752,0.03362,0.020684,0.038531,0,0.23374,0,0,0,0,0,0.059022,0.6288,0,5.9223,0.084856,0,0.057005,12.128,0.1783,16.807,0,0,2.2725,118.85,24.889,1.4983,4.9042,0,0.16604,0.0029785,0.60349,0,0.044555,0,1.2813,0.98501,0,0,0,0,0,0,0,0,0,0,0,0,0,0,0,0,0,0,0,0,0,0,0,0,0,0,0,0,0,0,0,0,0,0,0,0,0,0,0,0,0,0
0.77072,0.010335,0,0,0.0073129,0.089646,0.11073,0.033974,0,0.70027,0,0,0,0,0,0.21387,2.8026,0,18.777,0.68192,0,1.0096,3.361,1.2808,2.4921,0,0,0,24.889,112.48,26.503,16.414,0.013363,0,0,1.4047,0,0,0,0,0,0,0,0,0,0,0,0,0,0,0,0,0,0,0,0,0,0,0,0,0,0,0,0,0,0,0,0,0,0,0,0,0,0,0,0,0,0,0,0,0,0,0
0,0,0,0,0,0,0,0,0,0,0,0,0,0,0,0,15.231,0,12.321,0,0,0,0,0,0,0,0,0,1.4983,26.503,20.593,17.171,0,0,0,0,0,0,0,0,0,0,0,0,0,0,0,0,0,0,0,0,0,0,0,0,0,0,0,0,0,0,0,0,0,0,0,0,0,0,0,0,0,0,0,0,0,0,0,0,0,0,0
2.1037,0,0,0,0,0,0,0,0,0,0,0,0,0,0,0.48279,6.2841,0.34029,3.1706,0,0,0,0.74757,0,0,0,0,2.0173,4.9042,16.414,17.171,142.29,10.022,0,0,0,0,0,0,0,0,0,0,0,0,0,0,0,0,0,0,0,0,0,0,0,0,0,0,0,0,0,0,0,0,0,0,0,0,0,0,0,0,0,0,0,0,0,0,0,0,0,0
0,0,0,0,0,0,0,0,0,0,0,0,0,0,0,0.067376,1.2538,0,0,0,0,0,0,0,0,0,0,0,0,0.013363,0,10.022,8.2707,0,0,0,0,0,0,0,0,0,0,0,0,0,0,0,0,0,0,0,0,0,0,0,0,0,0,0,0,0,0,0,0,0,0,0,0,0,0,0,0,0,0,0,0,0,0,0,0,0,0
0.18498,0.23461,0.082606,0.21698,0,0,4.8245,20.699,0,20.63,4.1258,0,0,0,0.35288,2.2622,0,4.4386,0.21822,0.83654,0.0046875,0.10081,0,0.06855,0,0,0,0,0.16604,0,0,0,0,22.326,20.292,1.5603,5.5293,0,8.4614,11.534,2.4247,0,0,0,0,0,0,0,0,0,0,0,0,0,0,0,0,0,0,0,0,0,0,0,0,0,0,0,0,0,0,0,0,0,0,0,0,0,0,0,0,0,28.213
1.6006,0.22992,0.082361,5.3993,0,0,3.7937,5.8979,0,0.30175,0.029334,0,0,0,0,0,0,0,0,0,0,0,0,0,0,0,0,0,0.0029785,0,0,0,0,20.292,6.9786,4.6013,3.5046,2.4567,2.1126,0.12574,0,0,0,0,0,0,0,0,0,0,0,0,0,0,0,0,0,0,0,0,0,0,0,0,0,0,0,0,0,0,0,0,0,0,0,0,0,0,0,0,0,0,0
10.145,3.8484,0,3.1866,2.7962,0,13.378,10.445,1.5889,10.86,0,0,0,0,0,2.8292,0,3.9642,2.8691,0,0,0,1.1782,0,0.75334,0,0,1.2572,0.60349,1.4047,0,0,0,1.5603,4.6013,23.783,25.727,10.574,0.56212,0,1.5886,0,0,0,0,0,0,0,0,0,0,0,0,0,0,0,0,0,0,0,0,0,0,0,0,0,0,0,0,0,0,0,0,0,0,0,0,0,0,0,0,0,0
0.37943,0.75556,0,0.48296,0,0,5.2835,13.554,1.2828,14.74,0,0,0,0,0.089614,2.6332,0,4.271,1.3387,0,0,0,0.5152,0,0,0,0,0,0,0,0,0,0,5.5293,3.5046,25.727,16.036,2.9367,8.2793,0,4.1741,0,0,0,0,0,0,0,0,0,0,0,0,0,0,0,0,0,0,0,0,0,0,0,0,0,0,0,0,0,0,0,0,0,0,0,0,0,0,0,0,0,42.088
7.4683,0,0,6.7204,0,0,0,0.10036,0,0,0,0,0,0,0,0,0,0,0,0.00029948,0,0,0.0076711,0,0.05873,0,0,0,0.044555,0,0,0,0,0,2.4567,10.574,2.9367,5.1806,0,0.029496,0.50486,0,0,0,0,0,0,0,0,0,0,0,0,0,0,0,0,0,0,0,0,0,0,0,0,0,0,0,0,0,0,0,0,0,0,0,0,0,0,0,0,0,0
0.082508,0.070809,0.008032,0.0063103,0,0,0.98749,7.8184,0,8.4299,0.41493,0,0,0,0.20493,1.1795,0,1.3856,0.26763,0.58997,0.047345,0,0.21337,0,0,0,0,0,0,0,0,0,0,8.4614,2.1126,0.56212,8.2793,0,0.8532,0.73431,2.1505,0,0,0,0,0,0,0,0,0,0,0,0,0,0,0,0,0,0,0,0,0,0,0,0,0,0,0,0,0,0,0,0,0,0,0,0,0,0,0,0,0,26.251
0,0,0.00030976,0,0,0,0.0243,0.0052045,0,0.002004,0.006999,0,0,0,3.3361,0,0,0.51483,0.73428,1.263,0,0,0,5.8005,7.9436,25.821,8.0759,0.19049,1.2813,0,0,0,0,11.534,0.12574,0,0,0.029496,0.73431,44.803,5.96,0,0,0,0,0,0,0,0,0,0,0,0,0,0,0,0,0,0,0,0,0,0,0,0,0,0,0,0,0,0,0,0,0,0,0,0,0,0,0,0.4524,0,2.0559
0.167,0,0,0,0,0,0,0,0,0,0,0,0,0,0.0008276,0,0,0.059291,0.08314,0.090604,0.04298,0.010626,0.33199,0,1.4428,0,4.2896,3.7083,0.98501,0,0,0,0,2.4247,0,1.5886,4.1741,0.50486,2.1505,5.96,8.4159,0,0,0,0,0,0,0,0,0,0,0,0,0,0,0,0,0,0,0,0,0,0,0,0,0,0,0,0,0,0,0,0,0,0,0,0,0,0,0,0,0,0.93667
0,0,0,0,0,0,0,0,0,0,0,0,0,0,0,0,0,0,0,0,0,0,0,0,0,0,0,0,0,0,0,0,0,0,0,0,0,0,0,0,0,68.258,6.6051,0.88999,21.83,5.1968,0.098769,17.851,0.059451,0,0,0,0,0,0,0,0,0,0,0,0,0,0,0,0,0,0,0,0.31591,0,0,0,3.1565,0,0.07416,3.6022,9.7089,0,1.1063,0.0031112,0,0,0
0,0,0,0,0,0,0,0,0,0,0,0,0,0,0,0,0,0,0,0,0,0,0,0,0,0,0,0,0,0,0,0,0,0,0,0,0,0,0,0,0,6.6051,11.153,0,0,6.3423,0,6.2365,0,0,0,0,0,0,0,0,0,0,0,0,0,0,0,0,0,0,0,0,0,0,0,0,0.39372,0,0,0,1.8024,0,0,0,0,0,0
0,0,0.0031478,0.37269,0,0,0.012594,0,0,0,0,0,0,0,0,0,0,0,0,0,0,0,0,0,0,0,0,0,0,0,0,0,0,0,0,0,0,0,0,0,0,0.88999,0,1.7222,5.7111,0,0,1.9133,0.47585,0,0,0,0,0,0,0,0,0,0,0,0,0,0,0,0,0,0,0,0,0,0,0,0,0,0.030419,0,0.036696,0,0,0.0024783,0,0,0
0.082683,0,0.061656,5.5574,0,0,0,1.5492,0,0,0,0.76827,0,0,0,0,0,0,0,0,0,0,0,0,0,0,0,0,0,0,0,0,0,0,0,0,0,0,0,0,0,21.83,0,5.7111,33.614,0,0,10.167,4.2155,0,0.015901,0,4.8363,0.20169,0,0,0,0,0,0,0,0,0,0,0,0,0,0,0,0,0.019101,0,1.116,0,0.028866,4.9827,1.9911,0,6.8343,0.0019265,0,0,0
0,0,0,0,0,0,0,0,0,0,0,0,0,0,0,0,0,0,0,0,0,0,0,0,0,0,0,0,0,0,0,0,0,0,0,0,0,0,0,0,0,5.1968,6.3423,0,0,58.341,10.783,22.687,0,0,0.031854,0,0,0,0,0,0,0,0,0,0,0,0,0,0,0,0,0,0,0,0,0,0,0,0,0,0,0,0,0,0,0,0
0,0,0,0,0,0,0,0,0,0,0,0,0,0,0,0,0,0,0,0,0,0,0,0,0,0,0,0,0,0,0,0,0,0,0,0,0,0,0,0,0,0.098769,0,0,0,10.783,68.704,14.657,0,14.029,13.729,0,0,0,0,0,0.33308,0.6607,0,0.14664,0,0,0,0,0,0.00082411,0,0,0,0.080387,0.053166,0,0.11602,0.0013713,0,0,1.052,0,0.00013416,0,0,0,0
0,0,0,1.0729,0,0,1.7027,4.1978,0,0,0,0,0,0,0,0,0,0,0,0,0,0,0,0,0,0,0,0,0,0,0,0,0,0,0,0,0,0,0,0,0,17.851,6.2365,1.9133,10.167,22.687,14.657,255.29,47.1,29.406,1.1194,0.0024516,0,0,0,0,0.071726,0,0,0.096071,0,0,0,0,0,0,0,0,0,0.027456,0.050014,0,0,0,4.0552,2.8113,11.225,5.7491,0.38904,0.82395,0,0,0
0,0,0.012694,1.3052,0,0,2.9836,61.145,0,0,0,2.0781,10.681,7.6532,0,0,0,0,0,0,0,0,0,0,0,0,0,0,0,0,0,0,0,0,0,0,0,0,0,0,0,0.059451,0,0.47585,4.2155,0,0,47.1,347.23,16.838,15.231,5.4075,6.2894,26.724,22.946,0,0.12086,0,0,0.043,0,0,0,0,0,0,0,0,0,0,0,0,0,0,15.258,1.1887,10.266,14.315,0.05751,4.4096,0,0,6.5483
0,0,0,0,0,0,0,0,0,0,0,0,0,0,0,0,0,0,0,0,0,0,0,0,0,0,0,0,0,0,0,0,0,0,0,0,0,0,0,0,0,0,0,0,0,0,14.029,29.406,16.838,119.38,31.158,0,0,0,0,0,0.71631,0,0,0,0,0,0,0,0,0,0,0,0,0,0,0,0,0,0,0,2.649,2.857,0,1.0844,0,0,2.1814
0,0,0,0,0,0,0,0,0,0.55601,0.94373,0,0,2.3272,0,0,0,0,0,0,0,0,0,0,0,0,0,0,0,0,0,0,0,0,0,0,0,0,0,0,0,0,0,0,0.015901,0.031854,13.729,1.1194,15.231,31.158,252.47,19.128,0,0,10.831,0,31.388,10.181,0,0,0,0,0,0,0,0.0021408,0,0,0,0.24286,0.87105,0,1.2636,0.11427,15.536,0.35108,15.263,25.37,0.0015622,4.1048,0.1061,0,22.962
0,0,0,0,0,0,0,0,0,0,1.2823,0,0,1.5436,0.066978,0,0,0,0,0.12205,0,0,0,0,0,0,0,0,0,0,0,0,0,0,0,0,0,0,0,0,0,0,0,0,0,0,0,0.0024516,5.4075,0,19.128,22.305,0,0.020658,10.952,0.20246,5.2863,0,4.8002,0,3.0538,0,0,0,0,0.0090197,0,0,0,0.00018351,0,0,0,0,1.1307,0.0040327,0,0.3433,0,0.51033,0,0.0064351,1.4494
0.014341,0,0,0.63586,0,0,0,0.67242,0,0,0,2.6273,0.70529,0,0,0,0,0,0,0,0,0,0,0,0,0,0,0,0,0,0,0,0,0,0,0,0,0,0,0,0,0,0,0,4.8363,0,0,0,6.2894,0,0,0,7.1521,2.4828,0,0,0,0,0,0,0,0,0,0,0,0,0,0,0,0,0,0,0.001752,0,0,0,0,0,1.4605,0,0,0,0
0,0,0,0,0,0,0,1.5332,0,0,0,0,8.0517,0,0,0,0,0,0,0,0,0,0,0,0,0,0,0,0,0,0,0,0,0,0,0,0,0,0,0,0,0,0,0,0.20169,0,0,0,26.724,0,0,0.020658,2.4828,14.456,10.661,0,0,0,0,0,0,0,0,0,0,0,0,0,0,0,0,0,0,0,0,0,0,0,0,0,0,0,0
0,0,0,0,0,0,0,0,0,0,1.0872,0,0,13.646,1.5415,0,0,0,0,0,0,0,0,0,0,0,0,0,0,0,0,0,0,0,0,0,0,0,0,0,0,0,0,0,0,0,0,0,22.946,0,10.831,10.952,0,10.661,42.808,10.288,0.39322,0,0,0,10.111,0,0,0,0,0,0,0,0,0,0,0,0,0,0,0,0,0,0,0,0,0,0
0,0,0,0,0,0,0,0,0,0,0,0,0,0,4.3496,0,0,0,0,0.59879,0,0,0,0,0,0,0,0,0,0,0,0,0,0,0,0,0,0,0,0,0,0,0,0,0,0,0,0,0,0,0,0.20246,0,0,10.288,17.493,0,0,4.2757,1.0855,21.214,0,0,0,0.67712,0,0,0,0,0,0,0,0,0,0,0,0,0,0,0,2.453,0,0
0,0,0,0,0,0,0,0,0,0.11013,0.67237,0,0,0.4479,0,0.1568,0,0,0,0.12096,0,0,0,0,0,0,0,0,0,0,0,0,0,0,0,0,0,0,0,0,0,0,0,0,0,0,0.33308,0.071726,0.12086,0.71631,31.388,5.2863,0,0,0.39322,0,209.85,29.541,22.376,0.97234,0,0,0,0,0,0.011507,0,0,0,0.27762,0.49534,0,0.66209,0.20096,3.2679,0,3.3156,2.8392,0,0.96568,0.27563,0.0089704,5.2578
0,0,0,0,0,0,0,0,0,0,0,0,0,0,0,0,0,0,0,0,0,0,0,0,0,0,0,0,0,0,0,0,0,0,0,0,0,0,0,0,0,0,0,0,0,0,0.6607,0,0,0,10.181,0,0,0,0,0,29.541,152.02,12.795,34.486,0,0,0,0,0,0,0,0,0,1.4675,5.2161,21.788,9.3517,0,0,0,0.86679,0,0.0001839,0,0,0,0
0,0,0,0,0,0,0,0,0,0,0.1903,0,0,0,1.2872,0,0,1.8641,0,4.1789,0.22399,0.055056,0.16686,0,0,0,0,0,0,0,0,0,0,0,0,0,0,0,0,0,0,0,0,0,0,0,0,0,0,0,0,4.8002,0,0,0,4.2757,22.376,12.795,217.44,34.711,63.56,18.2,0,11.847,0,0.077343,0,0,0,0.086141,0.20971,0,1.1869,0.8227,4.2985,0,4.0694,5.415,0.0029024,1.955,0.41298,0.25524,6.2376
0,0,0,0,0,0,0,0,0,0,0,0,0,0,0.21384,0,0,0,0,0.97435,0,0,0,0,0,0,0,0,0,0,0,0,0,0,0,0,0,0,0,0,0,0,0,0,0,0,0.14664,0.096071,0.043,0,0,0,0,0,0,1.0855,0.97234,34.486,34.711,191.81,3.889,0,0,40.197,0,0.81042,0,0,0,5.9222,18.134,16.894,6.7768,1.4088,0.52812,0,1.5237,1.9951,0.0047265,0.72083,0.7897,0.75981,1.1076
0,0,0,0,0,0,0,0,0,0,0.66114,0,0,0.82087,2.8737,0,0,2.5125,0,13.144,0.29776,0.97373,0.32068,0,0,0,0,0,0,0,0,0,0,0,0,0,0,0,0,0,0,0,0,0,0,0,0,0,0,0,0,3.0538,0,0,10.111,21.214,0,0,63.56,3.889,113.94,3.6978,2.7582,1.8139,1.1269,0.14222,0,0,0,0,0,0,0,0,0.37435,0,0,0,0,0,1.1318,0.070839,1.4434
0,0,0,0,0,0,0,0,0,0,0,0,0,0,0,0,0,0.21794,0,1.0614,0.1198,0.046588,0,0,0,0,0,0,0,0,0,0,0,0,0,0,0,0,0,0,0,0,0,0,0,0,0,0,0,0,0,0,0,0,0,0,0,0,18.2,0,3.6978,22.594,23.637,5.7761,0,0,0,0,0,0,0,0,0,0,0.086585,0,0,0,0,0,0.1203,0,0
0,0,0,0,0,0,0,0,0,0,0,0,0,0,0,0,0,0.01378,0,0.34012,0.14171,0.025068,0.077995,0,0,0,0,0,0,0,0,0,0,0,0,0,0,0,0,0,0,0,0,0,0,0,0,0,0,0,0,0,0,0,0,0,0,0,0,0,2.7582,23.637,30.705,34.191,30.956,1.585,0,0,0,0,0,0,0,0,0,0,0,0,0,0,0.56208,0,0
0,0,0,0,0,0,0,0,0,0,0,0,0,0,0,0,0,0.4717,0,0.90636,0,0.039685,0.18381,0,0,0,0,0,0,0,0,0,0,0,0,0,0,0,0,0,0,0,0,0,0,0,0,0,0,0,0,0,0,0,0,0,0,0,11.847,40.197,1.8139,5.7761,34.191,224.14,10.641,26.43,0,0,0,8.2384,2.5364,0,0,0,0,0,0,0,0,0.077388,0.71163,0.24136,0.1014
0,0,0,0,0,0,0,0,0,0,0,0,0,0,0,0,0,0,0,0.070005,0,0,0,0,0,0,0,0,0,0,0,0,0,0,0,0,0,0,0,0,0,0,0,0,0,0,0,0,0,0,0,0,0,0,0,0.67712,0,0,0,0,1.1269,0,30.956,10.641,83.332,5.2651,3.0493,0,0,0,0,0,0,0,0,0,0,0,0,0,5.3033,0,0
0,0,0,0,0,0,0,0,0,0,0.0008052,0,0,0,0,0,0,0,0,0.041086,0,0,0,0,0,0,0,0,0,0,0,0,0,0,0,0,0,0,0,0,0,0,0,0,0,0,0.00082411,0,0,0,0.0021408,0.0090197,0,0,0,0,0.011507,0,0.077343,0.81042,0.14222,0,1.585,26.43,5.2651,85.436,2.6494,1.7656,1.4602,16.918,0,0,0,0,0.34995,0.0017548,0.42023,0,0.06681,0,12.336,2.1035,0
0,0,0,0,0,0,0,0,0,0,0,0,0,0,0,0,0,0,0,0,0,0,0,0,0,0,0,0,0,0,0,0,0,0,0,0,0,0,0,0,0,0,0,0,0,0,0,0,0,0,0,0,0,0,0,0,0,0,0,0,0,0,0,0,3.0493,2.6494,7.0676,1.4989,0,0.015159,0,0,0,0,0,0,0,0,0,0,21.084,0,0
0,0,0,0,0,0,0,0,0,0,0,0,0,0,0,0,0,0,0,0,0,0,0,0,0,0,0,0,0,0,0,0,0,0,0,0,0,0,0,0,0,0,0,0,0,0,0,0,0,0,0,0,0,0,0,0,0,0,0,0,0,0,0,0,0,1.7656,1.4989,2.4696,0.9289,0,0,0,0,0,0,0,0,0,0,0,10.516,4.4449,0
0,0,0,0,0,0,0,0,0,0,0,0,0,0,0,0,0,0,0,0,0,0,0,0,0,0,0,0,0,0,0,0,0,0,0,0,0,0,0,0,0,0.31591,0,0,0,0,0,0,0,0,0,0,0,0,0,0,0,0,0,0,0,0,0,0,0,1.4602,0,0.9289,8.0058,0,0.88616,0,1.9844,0,0,0,0,0,0.049067,0.07335,0,3.4159,0
0,0,0,0,0,0,0,0,0,0,0,0,0,0,0,0,0,0,0,0,0,0,0,0,0,0,0,0,0,0,0,0,0,0,0,0,0,0,0,0,0,0,0,0,0,0,0.080387,0.027456,0,0,0.24286,0.00018351,0,0,0,0,0.27762,1.4675,0.086141,5.9222,0,0,0,8.2384,0,16.918,0.015159,0,0,113.83,48.864,3.9477,3.2753,0,0,0,0.31325,0,0.010661,0,0.90683,0.19879,0
0,0,0,0,0,0,0,0,0,0,0,0,0,0,0,0,0,0,0,0,0,0,0,0,0,0,0,0,0,0,0,0,0,0,0,0,0,0,0,0,0,0,0,0,0.019101,0,0.053166,0.050014,0,0,0.87105,0,0,0,0,0,0.49534,5.2161,0.20971,18.134,0,0,0,2.5364,0,0,0,0,0.88616,48.864,102.17,39.243,21.633,0.013047,0,0,0,0,0,0,0,0,0
0,0,0,0,0,0,0,0,0,0,0,0,0,0,0,0,0,0,0,0,0,0,0,0,0,0,0,0,0,0,0,0,0,0,0,0,0,0,0,0,0,0,0,0,0,0,0,0,0,0,0,0,0,0,0,0,0,21.788,0,16.894,0,0,0,0,0,0,0,0,0,3.9477,39.243,28.1,35.119,0,0,0,0,0,0,0,0,0,0
0,0,0,0,0,0,0,0,0,0,0,0,0,0,0,0,0,0,0,0,0,0,0,0,0,0,0,0,0,0,0,0,0,0,0,0,0,0,0,0,0,3.1565,0.39372,0,1.116,0,0.11602,0,0,0,1.2636,0,0.001752,0,0,0,0.66209,9.3517,1.1869,6.7768,0,0,0,0,0,0,0,0,1.9844,3.2753,21.633,35.119,181.94,20.862,0,0,0,0,0.32767,0,0,0,0
0,0,0,0,0,0,0,0,0,0,0,0,0,0,0,0,0,0,0,0,0,0,0,0,0,0,0,0,0,0,0,0,0,0,0,0,0,0,0,0,0,0,0,0,0,0,0.0013713,0,0,0,0.11427,0,0,0,0,0,0.20096,0,0.8227,1.4088,0,0,0,0,0,0,0,0,0,0,0.013047,0,20.862,16.035,0,0,1.2262,0,0,0,0,0,0
0,0,0,0,0,0,0,0,0,0,0,0,0,0,0,0,0,0,0,0,0,0,0,0,0,0,0,0,0,0,0,0,0,0,0,0,0,0,0,0,0,0.07416,0,0.030419,0.028866,0,0,4.0552,15.258,0,15.536,1.1307,0,0,0,0,3.2679,0,4.2985,0.52812,0.37435,0.086585,0,0,0,0.34995,0,0,0,0,0,0,0,0,27.008,10.886,0.80455,6.0471,0,6.7908,21.569,3.5925,20.1
0,0,0,0,0,0,0,0,0,0,0,0,0,0,0,0,0,0,0,0,0,0,0,0,0,0,0,0,0,0,0,0,0,0,0,0,0,0,0,0,0,3.6022,0,0,4.9827,0,0,2.8113,1.1887,0,0.35108,0.0040327,0,0,0,0,0,0,0,0,0,0,0,0,0,0.0017548,0,0,0,0,0,0,0,0,10.886,4.1305,3.3835,3.7023,3.6055,0.23833,0,0,0
0,0,0,0,0,0,0,0,0,0,0,0,0,0,0,0,0,0,0,0,0,0,0,0,0,0,0,0,0,0,0,0,0,0,0,0,0,0,0,0,0,9.7089,1.8024,0.036696,1.9911,0,1.052,11.225,10.266,2.649,15.263,0,0,0,0,0,3.3156,0.86679,4.0694,1.5237,0,0,0,0,0,0.42023,0,0,0,0.31325,0,0,0,1.2262,0.80455,3.3835,20.871,35.791,7.0927,0.36638,0,1.5091,0.59191
0,0,0,0,0,0,0,0,0,0,0,0,0,0,0,0,0,0,0,0,0,0,0,0,0,0,0,0,0,0,0,0,0,0,0,0,0,0,0,0,0,0,0,0,0,0,0,5.7491,14.315,2.857,25.37,0.3433,0,0,0,0,2.8392,0,5.415,1.9951,0,0,0,0,0,0,0,0,0,0,0,0,0,0,6.0471,3.7023,35.791,21.026,2.8336,10.088,2.2603,3.6505,65.568
0,0,0,0,0,0,0,0,0,0,0,0,0,0,0,0,0,0,0,0,0,0,0,0,0,0,0,0,0,0,0,0,0,0,0,0,0,0,0,0,0,1.1063,0,0,6.8343,0,0.00013416,0.38904,0.05751,0,0.0015622,0,1.4605,0,0,0,0,0.0001839,0.0029024,0.0047265,0,0,0,0,0,0.06681,0,0,0.049067,0.010661,0,0,0.32767,0,0,3.6055,7.0927,2.8336,4.6267,0.31381,0,0.47024,0
0,0,0,0,0,0,0,0,0,0,0,0,0,0,0,0,0,0,0,0,0,0,0,0,0,0,0,0,0,0,0,0,0,0,0,0,0,0,0,0,0,0.0031112,0,0.0024783,0.0019265,0,0,0.82395,4.4096,1.0844,4.1048,0.51033,0,0,0,0,0.96568,0,1.955,0.72083,0,0,0,0.077388,0,0,0,0,0.07335,0,0,0,0,0,6.7908,0.23833,0.36638,10.088,0.31381,1.0948,0,1.6225,22.269
0,0,0,0,0,0,0,0,0,0,0,0,0,0,0,0,0,0,0,0,0,0,0,0,0,0,0,0,0,0,0,0,0,0,0,0,0,0,0,0.4524,0,0,0,0,0,0,0,0,0,0,0.1061,0,0,0,0,2.453,0.27563,0,0.41298,0.7897,1.1318,0.1203,0.56208,0.71163,5.3033,12.336,21.084,10.516,0,0.90683,0,0,0,0,21.569,0,0,2.2603,0,0,45.863,5.0101,1.5633
0,0,0,0,0,0,0,0,0,0,0,0,0,0,0,0,0,0,0,0,0,0,0,0,0,0,0,0,0,0,0,0,0,0,0,0,0,0,0,0,0,0,0,0,0,0,0,0,0,0,0,0.0064351,0,0,0,0,0.0089704,0,0.25524,0.75981,0.070839,0,0,0.24136,0,2.1035,0,4.4449,3.4159,0.19879,0,0,0,0,3.5925,0,1.5091,3.6505,0.47024,1.6225,5.0101,7.4839,0.47673
0,0,0,0.0021893,0,0,1.0913,12.244,0,24.923,0.8012,0,0,0,0.54367,2.4169,0,4.8226,0.78663,1.0494,0,0,0.091404,0,0,0,0,0,0,0,0,0,0,28.213,0,0,42.088,0,26.251,2.0559,0.93667,0,0,0,0,0,0,0,6.5483,2.1814,22.962,1.4494,0,0,0,0,5.2578,0,6.2376,1.1076,1.4434,0,0,0.1014,0,0,0,0,0,0,0,0,0,0,20.1,0,0.59191,65.568,0,22.269,1.5633,0.47673,0
