0.000000000000000000e+00,0.000000000000000000e+00,4.027002712859645839e-01,1.156515404835079391e-01,0.000000000000000000e+00,1.902764965057804347e-01,2.303905293302952089e+02,1.399983340631231599e+01,2.471761315585941365e-01,2.091083527995860059e-01,0.000000000000000000e+00,3.229555637961175479e-02,0.000000000000000000e+00,1.539257563429674065e+03,0.000000000000000000e+00,0.000000000000000000e+00,1.951753057568458849e-01,0.000000000000000000e+00,0.000000000000000000e+00,2.590234218014328405e-02,1.001867268877187689e+00,2.361392798735637358e-02,2.591862373577340506e+00,1.118705508152783690e+00,0.000000000000000000e+00,2.966474468938181883e-02,1.709894259062508248e-02,1.213169170283783904e+00,1.373936941530406330e+03,1.940025719565282429e+02,0.000000000000000000e+00,0.000000000000000000e+00,9.741874872276387043e-01,2.443708931559090303e+00,0.000000000000000000e+00,4.419806066588186089e-01,8.808581431428085320e-03,1.388878763013747353e+00,6.602933088246192017e-02,5.839448740303341406e-02,8.238980353824174041e-02,0.000000000000000000e+00,8.292163111261704675e-03,0.000000000000000000e+00,0.000000000000000000e+00,0.000000000000000000e+00,0.000000000000000000e+00,0.000000000000000000e+00,0.000000000000000000e+00,0.000000000000000000e+00,0.000000000000000000e+00,0.000000000000000000e+00,0.000000000000000000e+00,0.000000000000000000e+00,0.000000000000000000e+00,7.179401899820305258e-03,0.000000000000000000e+00,3.745106415618019990e-02,0.000000000000000000e+00,0.000000000000000000e+00,0.000000000000000000e+00,0.000000000000000000e+00,0.000000000000000000e+00,0.000000000000000000e+00,6.615325618750878683e-03,0.000000000000000000e+00,0.000000000000000000e+00,0.000000000000000000e+00,0.000000000000000000e+00,0.000000000000000000e+00,0.000000000000000000e+00,5.009023901472891595e-03,1.153714423979777803e-01,0.000000000000000000e+00,0.000000000000000000e+00,0.000000000000000000e+00,2.763972681434866824e-02,0.000000000000000000e+00,4.045876146159744363e-03,0.000000000000000000e+00,0.000000000000000000e+00,0.000000000000000000e+00,8.038160657486611085e-03,0.000000000000000000e+00
0.000000000000000000e+00,0.000000000000000000e+00,4.407540594339673379e-01,0.000000000000000000e+00,0.000000000000000000e+00,0.000000000000000000e+00,0.000000000000000000e+00,0.000000000000000000e+00,1.229903954102302466e+00,0.000000000000000000e+00,0.000000000000000000e+00,0.000000000000000000e+00,1.010457883885696351e+00,0.000000000000000000e+00,0.000000000000000000e+00,1.727076584512073909e+00,3.417817854513725551e-01,1.981445715232484778e-02,7.472389532459587924e-01,0.000000000000000000e+00,6.323594917395147785e-02,3.484735555530783699e+02,3.292045015511790296e-01,8.272741740345124217e-01,2.358845120475237138e+02,1.061786848140348560e+01,8.304597167029510274e+02,1.319968810627716593e-01,0.000000000000000000e+00,0.000000000000000000e+00,0.000000000000000000e+00,0.000000000000000000e+00,2.319090234093255584e-02,4.605579423943551576e-01,5.366400808628560282e-03,1.160563415008707189e+00,1.863393710103645073e+00,1.915323082406232391e+00,3.534974975168811429e-01,2.337389240077437577e-02,0.000000000000000000e+00,3.973515464223587035e-01,4.303516994715206323e-01,4.170723610942647497e+01,9.784316951358763559e-01,1.449079237626579586e-01,1.366469638241883840e-02,0.000000000000000000e+00,4.482200967495348493e-02,0.000000000000000000e+00,1.739165682337410885e+02,8.654798179269158620e-01,0.000000000000000000e+00,0.000000000000000000e+00,0.000000000000000000e+00,0.000000000000000000e+00,0.000000000000000000e+00,0.000000000000000000e+00,0.000000000000000000e+00,0.000000000000000000e+00,0.000000000000000000e+00,1.863947731817511277e-01,0.000000000000000000e+00,0.000000000000000000e+00,1.442863618416556810e-02,3.216506267037261280e-01,3.192508497439769388e-02,5.874651631652193506e-01,0.000000000000000000e+00,0.000000000000000000e+00,1.217394519246319806e-01,4.694845845302128562e-02,0.000000000000000000e+00,2.876071100913762990e+01,6.952877617713841829e+00,1.874233381701920464e+01,0.000000000000000000e+00,5.611307208709444966e-03,1.140186619961512486e-02,0.000000000000000000e+00,0.000000000000000000e+00,0.000000000000000000e+00,3.401075798584939913e-01,1.986562719797501861e-02
4.027002712859645839e-01,4.407540594339673379e-01,0.000000000000000000e+00,0.000000000000000000e+00,0.000000000000000000e+00,0.000000000000000000e+00,6.679811659654519840e-01,1.381029377973105321e-01,1.662701947749434597e-02,2.103523938620898565e-02,8.567706794498974876e-03,0.000000000000000000e+00,1.220998127216617671e-02,6.167519534596770381e-01,0.000000000000000000e+00,1.543960808838338972e+00,1.452877186026304344e+02,0.000000000000000000e+00,1.353829292084877567e+00,0.000000000000000000e+00,1.193968205708731567e+01,2.736281744830538210e-01,0.000000000000000000e+00,2.309867794694212551e-01,2.823056331305062033e-02,3.463285557827130674e+02,4.323054794405219354e+02,2.052428971252382883e+00,8.919030997899647373e-01,7.324530667289026020e+00,0.000000000000000000e+00,0.000000000000000000e+00,1.009790769616418504e-01,1.745001652566946859e+01,0.000000000000000000e+00,1.155438187449538212e+01,3.912766814283448635e+00,0.000000000000000000e+00,0.000000000000000000e+00,6.036659747409922616e-01,9.564866292864297737e-02,1.193383002996386243e-02,0.000000000000000000e+00,2.515780472553738045e-01,4.763562555209331639e-02,0.000000000000000000e+00,8.164685535932644789e-02,9.308201737831155870e-03,0.000000000000000000e+00,0.000000000000000000e+00,6.147698648406609845e-01,8.548567314394515948e-02,0.000000000000000000e+00,6.406599297792294097e-03,0.000000000000000000e+00,0.000000000000000000e+00,0.000000000000000000e+00,0.000000000000000000e+00,4.347905122574753298e-03,0.000000000000000000e+00,0.000000000000000000e+00,0.000000000000000000e+00,0.000000000000000000e+00,0.000000000000000000e+00,6.103087192121710997e-03,0.000000000000000000e+00,0.000000000000000000e+00,8.374510951229487479e-03,0.000000000000000000e+00,9.957007457082377513e-03,0.000000000000000000e+00,6.478566947238910412e-02,5.084260824069804750e-03,0.000000000000000000e+00,9.163957549004313197e-02,5.669916806961167177e-01,2.060006498422141744e-02,0.000000000000000000e+00,2.078064602573731837e-02,0.000000000000000000e+00,0.000000000000000000e+00,0.000000000000000000e+00,0.000000000000000000e+00,0.000000000000000000e+00
1.156515404835079391e-01,0.000000000000000000e+00,0.000000000000000000e+00,0.000000000000000000e+00,0.000000000000000000e+00,3.907818590639419720e-01,6.311520425491695008e+00,9.003817139537653169e-01,3.560247101828932337e+00,5.544607314628000267e+02,6.794789196268588051e-03,1.806409484563975099e+01,0.000000000000000000e+00,1.912815725832113900e+00,1.412935269752036704e-01,0.000000000000000000e+00,0.000000000000000000e+00,0.000000000000000000e+00,0.000000000000000000e+00,2.639638264410203192e+03,0.000000000000000000e+00,2.276931893684172592e-02,2.246088212686530444e-02,3.117690941284339488e+02,0.000000000000000000e+00,0.000000000000000000e+00,6.030339593988172896e-03,1.455607172124028921e+03,5.084115066344654377e-01,2.286442854126883792e-02,0.000000000000000000e+00,8.827609393639974933e-03,5.170340765354670270e-02,6.412717614176537406e-01,1.388918170611558034e-01,1.782574953825495578e+00,2.712936933015284297e-02,8.358286512810951807e-01,6.434722259837487301e-02,1.609821606214778544e-01,2.182735636882342789e-01,0.000000000000000000e+00,4.864002873751698680e-02,0.000000000000000000e+00,1.278540977481215472e-02,0.000000000000000000e+00,2.171699583409860412e-01,6.361808028637456168e-03,0.000000000000000000e+00,0.000000000000000000e+00,0.000000000000000000e+00,0.000000000000000000e+00,1.905255417408253590e-02,0.000000000000000000e+00,0.000000000000000000e+00,7.121373817500256664e-02,6.235273689944127382e-03,6.293942604802120755e-01,7.490825933043003815e+00,0.000000000000000000e+00,6.428502006915026712e-02,0.000000000000000000e+00,2.417432953892647771e-02,0.000000000000000000e+00,0.000000000000000000e+00,0.000000000000000000e+00,0.000000000000000000e+00,0.000000000000000000e+00,2.025775771551752769e+01,0.000000000000000000e+00,0.000000000000000000e+00,0.000000000000000000e+00,1.595661521895999968e+00,0.000000000000000000e+00,0.000000000000000000e+00,0.000000000000000000e+00,1.967311938021929496e-01,8.485673240206215162e-03,8.181688515692562766e-03,0.000000000000000000e+00,0.000000000000000000e+00,0.000000000000000000e+00,8.059875964540039184e-03,1.822959735029459211e-02
0.000000000000000000e+00,0.000000000000000000e+00,0.000000000000000000e+00,0.000000000000000000e+00,0.000000000000000000e+00,5.848213137947332143e+02,1.854535770208315046e-02,0.000000000000000000e+00,4.888499119652191943e-02,5.344358258948605361e-02,0.000000000000000000e+00,1.530367949260804106e-01,0.000000000000000000e+00,2.394672293285848852e+01,2.444377629744020339e+02,0.000000000000000000e+00,0.000000000000000000e+00,0.000000000000000000e+00,0.000000000000000000e+00,8.389631937798741265e-03,0.000000000000000000e+00,0.000000000000000000e+00,0.000000000000000000e+00,9.961206832674110445e-03,0.000000000000000000e+00,0.000000000000000000e+00,0.000000000000000000e+00,7.995093343288161777e-03,1.749401098445496316e+01,0.000000000000000000e+00,0.000000000000000000e+00,2.795563843273351381e+02,0.000000000000000000e+00,1.712449591279789445e+02,0.000000000000000000e+00,4.476980032133480725e-01,0.000000000000000000e+00,5.830212094069587847e-01,0.000000000000000000e+00,6.812851721489452075e+02,4.947589623835091288e+02,0.000000000000000000e+00,0.000000000000000000e+00,0.000000000000000000e+00,0.000000000000000000e+00,0.000000000000000000e+00,0.000000000000000000e+00,0.000000000000000000e+00,0.000000000000000000e+00,0.000000000000000000e+00,0.000000000000000000e+00,0.000000000000000000e+00,0.000000000000000000e+00,0.000000000000000000e+00,0.000000000000000000e+00,0.000000000000000000e+00,0.000000000000000000e+00,0.000000000000000000e+00,0.000000000000000000e+00,0.000000000000000000e+00,0.000000000000000000e+00,0.000000000000000000e+00,0.000000000000000000e+00,0.000000000000000000e+00,0.000000000000000000e+00,0.000000000000000000e+00,0.000000000000000000e+00,0.000000000000000000e+00,0.000000000000000000e+00,0.000000000000000000e+00,0.000000000000000000e+00,0.000000000000000000e+00,0.000000000000000000e+00,0.000000000000000000e+00,0.000000000000000000e+00,0.000000000000000000e+00,0.000000000000000000e+00,0.000000000000000000e+00,0.000000000000000000e+00,0.000000000000000000e+00,0.000000000000000000e+00,0.000000000000000000e+00,0.000000000000000000e+00,1.068279692497933406e-02
1.902764965057804347e-01,0.000000000000000000e+00,0.000000000000000000e+00,3.907818590639419720e-01,5.848213137947332143e+02,0.000000000000000000e+00,1.184833759400788367e+01,2.040443468840279820e+03,3.543042012544272423e-01,7.894477459999342273e+02,7.217894606357287968e-01,6.077335083132960563e+02,2.501884091160378257e-02,3.763076453452976722e+01,1.653249600551935714e+02,1.046670640765550407e-02,6.735693409193477775e-03,0.000000000000000000e+00,1.911024344157008503e-02,6.375297823448787149e+00,7.468955614669086675e-03,0.000000000000000000e+00,5.377055334626598682e-02,1.226531646802703879e+00,0.000000000000000000e+00,2.092522837278459197e-02,9.216547088474826704e-03,2.816122625664557955e+00,1.190786328997590182e+01,2.842189187721039789e-01,0.000000000000000000e+00,1.413461305868660531e+02,2.162289233322452209e-02,8.589179033600638391e+00,4.235658370458691979e-02,1.110685331347335669e+01,1.782318597771334889e-01,7.418977233082629574e+00,4.314975768525088767e-02,3.883813406104537194e+02,6.138182088672655112e+01,1.994900426202366947e-02,2.179645800536120573e-02,0.000000000000000000e+00,0.000000000000000000e+00,0.000000000000000000e+00,1.413408357389412708e-02,0.000000000000000000e+00,0.000000000000000000e+00,0.000000000000000000e+00,0.000000000000000000e+00,0.000000000000000000e+00,0.000000000000000000e+00,0.000000000000000000e+00,0.000000000000000000e+00,1.722391010127206565e-02,0.000000000000000000e+00,0.000000000000000000e+00,0.000000000000000000e+00,0.000000000000000000e+00,6.167516547862105999e-03,1.183089275437249760e-02,0.000000000000000000e+00,0.000000000000000000e+00,0.000000000000000000e+00,0.000000000000000000e+00,0.000000000000000000e+00,0.000000000000000000e+00,0.000000000000000000e+00,0.000000000000000000e+00,0.000000000000000000e+00,0.000000000000000000e+00,9.037950889108800623e-02,0.000000000000000000e+00,0.000000000000000000e+00,0.000000000000000000e+00,0.000000000000000000e+00,0.000000000000000000e+00,0.000000000000000000e+00,0.000000000000000000e+00,0.000000000000000000e+00,0.000000000000000000e+00,0.000000000000000000e+00,9.013363601599041347e-03
2.303905293302952089e+02,0.000000000000000000e+00,6.679811659654519840e-01,6.311520425491695008e+00,1.854535770208315046e-02,1.184833759400788367e+01,0.000000000000000000e+00,4.391440958082207402e+01,4.083263093883898520e+00,1.106480480034846323e+03,3.639300106935954709e-02,1.329458069808860943e+00,0.000000000000000000e+00,4.080704856407260195e+02,1.279144634483923015e-01,2.622616972216754508e-02,2.570930569637310814e-01,0.000000000000000000e+00,7.049664442813931113e-03,9.176512532111481546e-01,5.816393283710842965e+00,1.515197830732421813e-01,0.000000000000000000e+00,6.960833565359091324e+01,0.000000000000000000e+00,3.847022153811215095e-02,4.329907903302879918e-02,1.345663103839533505e+03,2.298879267537243365e+01,1.327217846594218372e+03,0.000000000000000000e+00,1.690525395912988518e-02,1.842278195739577296e+00,7.360904148095015920e+00,0.000000000000000000e+00,0.000000000000000000e+00,3.853631685983611166e-01,6.759749426860926391e+00,1.083895762549660580e+00,2.699159176651130809e-01,6.941616644676801284e-01,8.997199907084578452e-03,8.871505444395201556e-02,5.158525317909392130e-03,5.007084917526908457e-02,0.000000000000000000e+00,5.027734739223298221e-02,1.258679094688685066e-02,0.000000000000000000e+00,0.000000000000000000e+00,0.000000000000000000e+00,0.000000000000000000e+00,6.198121610520463190e-03,0.000000000000000000e+00,0.000000000000000000e+00,1.286348889522090921e-01,0.000000000000000000e+00,4.971302726376090608e-01,6.662455867685350940e-03,0.000000000000000000e+00,3.031891003378611379e-02,2.432788597293353630e-02,7.390831133560378519e-03,8.304696811911843612e-03,4.359874597723132836e-03,0.000000000000000000e+00,0.000000000000000000e+00,0.000000000000000000e+00,8.328928098497298191e-03,4.357104133527490986e-02,5.865286357821489389e-03,0.000000000000000000e+00,1.967747877062377970e+00,0.000000000000000000e+00,0.000000000000000000e+00,9.870464090361978984e-03,2.938320173774897071e-01,2.379110421142484680e-02,2.195449351447546771e-02,0.000000000000000000e+00,0.000000000000000000e+00,7.227382091033296430e-03,5.873206598884649077e-02,0.000000000000000000e+00
1.399983340631231599e+01,0.000000000000000000e+00,1.381029377973105321e-01,9.003817139537653169e-01,0.000000000000000000e+00,2.040443468840279820e+03,4.391440958082207402e+01,0.000000000000000000e+00,1.308827998237713786e-01,1.482774072522609288e+02,2.926607642251698449e-01,8.220278182610829987e+00,2.580286494639692785e-02,1.285328511301427625e+03,1.866732829083212142e+00,0.000000000000000000e+00,2.641219919898793109e-02,0.000000000000000000e+00,1.985157925994473702e-02,2.334063236201674219e+00,5.157128651026905430e-01,1.215880246482168962e-02,1.022388506208901982e+00,2.601675256430637795e+00,0.000000000000000000e+00,7.441833423570408911e-03,5.758452191034124125e-03,3.489331220017419799e+00,1.565259216816509102e+01,8.035603151482145989e+00,0.000000000000000000e+00,2.623872007608738954e+02,1.243093494806533778e-01,8.513520946101401421e+00,0.000000000000000000e+00,2.555409181956787457e+00,4.089799126088895787e-02,3.377927541474727402e+00,2.054966450431766345e-01,9.533375980468917987e+00,1.703692810061768981e+01,4.496527054471134710e-02,2.470178302301461945e-02,0.000000000000000000e+00,6.597578800526428776e-03,5.148319780919887075e-03,8.762673492538307352e-03,7.958924874773475044e-03,0.000000000000000000e+00,0.000000000000000000e+00,0.000000000000000000e+00,0.000000000000000000e+00,0.000000000000000000e+00,0.000000000000000000e+00,0.000000000000000000e+00,1.153888799900450353e-02,0.000000000000000000e+00,2.050139352447706911e-02,6.494003877020197713e-03,0.000000000000000000e+00,0.000000000000000000e+00,0.000000000000000000e+00,0.000000000000000000e+00,0.000000000000000000e+00,0.000000000000000000e+00,0.000000000000000000e+00,0.000000000000000000e+00,0.000000000000000000e+00,0.000000000000000000e+00,0.000000000000000000e+00,0.000000000000000000e+00,4.388837501844976632e-03,1.596543514503064587e-01,0.000000000000000000e+00,0.000000000000000000e+00,4.085194405472873484e-03,4.654047883774499461e-02,0.000000000000000000e+00,0.000000000000000000e+00,0.000000000000000000e+00,0.000000000000000000e+00,0.000000000000000000e+00,0.000000000000000000e+00,0.000000000000000000e+00
2.471761315585941365e-01,1.229903954102302466e+00,1.662701947749434597e-02,3.560247101828932337e+00,4.888499119652191943e-02,3.543042012544272423e-01,4.083263093883898520e+00,1.308827998237713786e-01,0.000000000000000000e+00,1.341821511087596619e+00,0.000000000000000000e+00,2.845164084997924761e+02,0.000000000000000000e+00,7.364141322863849703e-01,1.262022281889897783e+02,6.887968500636506564e-01,0.000000000000000000e+00,0.000000000000000000e+00,0.000000000000000000e+00,2.787311190866237354e+00,4.244894064732462335e-01,4.173001605217015140e+02,2.062035689833311425e-01,9.256646010943308056e+02,0.000000000000000000e+00,7.188980815855422479e-03,7.193471412360826767e-01,1.183903475840854291e+01,2.070291891176935906e+00,3.745675674242929243e-01,0.000000000000000000e+00,0.000000000000000000e+00,1.560649271289959117e+00,3.572859395829479201e+00,0.000000000000000000e+00,0.000000000000000000e+00,5.277692282830898085e-01,1.733009022592596482e+00,3.620539468386789750e-01,2.542756652207420416e+02,0.000000000000000000e+00,0.000000000000000000e+00,8.000548654333807796e-01,3.592635059754022142e-02,2.022834961463069181e-01,4.043357756400405012e-02,1.777516739388089961e+00,2.912665802976396878e-02,0.000000000000000000e+00,0.000000000000000000e+00,3.229353033309940307e-02,6.147574238084359786e-03,4.024268282454143697e-02,0.000000000000000000e+00,8.242500771916936447e-03,4.983308036957311837e-01,2.160365949562314744e-02,3.797687200292885024e+01,4.870632519144855316e-02,0.000000000000000000e+00,2.068146233752025664e-01,0.000000000000000000e+00,8.244214887661652225e-02,6.292066141653755718e-02,5.259592571120211835e-01,0.000000000000000000e+00,0.000000000000000000e+00,0.000000000000000000e+00,3.123139580668854443e-02,1.115131004969949075e-01,2.222578869758214393e-01,1.133842809143934954e-01,2.119561749158113884e+01,0.000000000000000000e+00,0.000000000000000000e+00,5.049709620122153596e-03,1.948459239897777140e+00,1.251486841937675398e-01,4.746126344438271472e-02,0.000000000000000000e+00,0.000000000000000000e+00,3.757518748157882837e-02,1.917942051924265701e-01,1.080230223208520912e-01
2.091083527995860059e-01,0.000000000000000000e+00,2.103523938620898565e-02,5.544607314628000267e+02,5.344358258948605361e-02,7.894477459999342273e+02,1.106480480034846323e+03,1.482774072522609288e+02,1.341821511087596619e+00,0.000000000000000000e+00,1.778245307564379762e-01,5.325924408510184094e+02,2.283599030961775550e-02,6.038778994650751031e+01,5.723354723367996000e-01,7.865187215542385202e-03,6.283286119523372876e-03,0.000000000000000000e+00,7.207242874385176232e-03,0.000000000000000000e+00,3.524832828069286023e-02,8.150479420213579615e-03,6.219912344593818421e-02,1.281413190901464993e+01,0.000000000000000000e+00,0.000000000000000000e+00,2.868835071032471706e-02,5.526396107581767865e+02,4.882225767222379886e+00,2.043223701214106625e-01,0.000000000000000000e+00,4.970090350868054674e-02,1.723364321078549866e-01,4.059751262521519521e+00,0.000000000000000000e+00,1.056968583117884108e+01,2.169992611716037578e-01,4.782083464324629496e+00,3.364506977234646423e-01,7.459119474115869508e-01,1.269296117456163442e+00,8.715598282414322578e-03,0.000000000000000000e+00,9.840338865258145204e-03,5.789014211333821415e-03,1.744828633620480046e-02,9.707327117851360931e-02,5.744617160658804442e-03,0.000000000000000000e+00,0.000000000000000000e+00,0.000000000000000000e+00,4.405314475231768452e-03,1.074861479514778971e-02,0.000000000000000000e+00,0.000000000000000000e+00,5.908573504201498905e-02,4.948649156813190314e-03,2.382240282374570584e-01,0.000000000000000000e+00,0.000000000000000000e+00,0.000000000000000000e+00,0.000000000000000000e+00,0.000000000000000000e+00,0.000000000000000000e+00,4.264746697694364770e-03,0.000000000000000000e+00,0.000000000000000000e+00,0.000000000000000000e+00,1.305181787380697150e-02,0.000000000000000000e+00,1.256526333373197274e-02,4.121804038960407562e-03,9.097572079854402416e-01,0.000000000000000000e+00,0.000000000000000000e+00,4.606151745626506019e-03,1.224110335459300952e-01,6.520157460370015930e-03,7.348455210876196977e-03,0.000000000000000000e+00,0.000000000000000000e+00,4.562021629367623426e-03,1.906171384335056396e-02,0.000000000000000000e+00
0.000000000000000000e+00,0.000000000000000000e+00,8.567706794498974876e-03,6.794789196268588051e-03,0.000000000000000000e+00,7.217894606357287968e-01,3.639300106935954709e-02,2.926607642251698449e-01,0.000000000000000000e+00,1.778245307564379762e-01,0.000000000000000000e+00,9.483749582211646600e-02,1.498778037124321372e+03,7.575909272807982431e-01,4.191740164046062200e-02,0.000000000000000000e+00,1.033509249524832835e-01,9.436430037812821183e+02,1.988259450021521388e+02,8.489940671720437593e-03,0.000000000000000000e+00,0.000000000000000000e+00,6.187936281327514020e-03,7.518025894147900914e-03,1.710214677613163037e+00,7.860585276127524139e+02,2.304375831357810434e+00,2.297275846675579311e-02,2.902833354563258528e+00,8.364831535169821308e-03,3.296427880033417068e+01,8.678645155114164678e-02,0.000000000000000000e+00,9.549518936572097800e+02,0.000000000000000000e+00,1.469157389169702510e+00,4.191348866271864608e+02,8.027759224339689581e+02,1.602936700174387497e+00,2.074716464293881735e-01,1.701938881527875203e-01,1.370362597790263237e+02,0.000000000000000000e+00,6.947957217854077161e-01,0.000000000000000000e+00,1.040134435344255807e-02,0.000000000000000000e+00,0.000000000000000000e+00,6.557755613300174369e-02,0.000000000000000000e+00,4.421031470571767236e-02,0.000000000000000000e+00,0.000000000000000000e+00,0.000000000000000000e+00,0.000000000000000000e+00,0.000000000000000000e+00,0.000000000000000000e+00,0.000000000000000000e+00,0.000000000000000000e+00,1.120042220341509014e-02,0.000000000000000000e+00,0.000000000000000000e+00,0.000000000000000000e+00,0.000000000000000000e+00,0.000000000000000000e+00,0.000000000000000000e+00,0.000000000000000000e+00,0.000000000000000000e+00,0.000000000000000000e+00,0.000000000000000000e+00,0.000000000000000000e+00,0.000000000000000000e+00,0.000000000000000000e+00,7.732846792193086571e-01,0.000000000000000000e+00,4.182501464179366746e-02,5.633377140657097257e-03,0.000000000000000000e+00,0.000000000000000000e+00,0.000000000000000000e+00,0.000000000000000000e+00,0.000000000000000000e+00,0.000000000000000000e+00,1.070025735901889048e-02
3.229555637961175479e-02,0.000000000000000000e+00,0.000000000000000000e+00,1.806409484563975099e+01,1.530367949260804106e-01,6.077335083132960563e+02,1.329458069808860943e+00,8.220278182610829987e+00,2.845164084997924761e+02,5.325924408510184094e+02,9.483749582211646600e-02,0.000000000000000000e+00,8.317116462220292689e-03,1.302757370169407380e+01,1.197892412071163051e+02,1.737131727431001638e-02,0.000000000000000000e+00,0.000000000000000000e+00,1.296046037162640850e-02,2.543171428354689397e+03,0.000000000000000000e+00,1.836652005576711044e-02,6.200049024435493571e-03,1.483277319149576101e+02,0.000000000000000000e+00,0.000000000000000000e+00,1.291306370889411421e-02,3.421047618642846455e+00,4.150828803212248452e+00,3.432164805289089626e-02,0.000000000000000000e+00,3.105672117659430062e-02,8.876737674292289534e-03,3.558631308174953656e+00,0.000000000000000000e+00,4.997754750497310994e+00,1.580344560979395907e-01,3.831452117913460853e+00,1.075257024246396576e-01,2.566770257347926645e+02,8.349788237512915101e-01,0.000000000000000000e+00,7.031477039560191100e-02,0.000000000000000000e+00,0.000000000000000000e+00,0.000000000000000000e+00,2.181924263997857827e-01,0.000000000000000000e+00,0.000000000000000000e+00,0.000000000000000000e+00,0.000000000000000000e+00,0.000000000000000000e+00,1.718319594577302489e-01,0.000000000000000000e+00,0.000000000000000000e+00,3.016774023410298891e-02,7.770119423377845613e-03,1.221862490093700959e+00,7.825057616906024374e-03,0.000000000000000000e+00,1.493121764524437012e+01,0.000000000000000000e+00,1.758702506062513951e-02,0.000000000000000000e+00,0.000000000000000000e+00,0.000000000000000000e+00,0.000000000000000000e+00,0.000000000000000000e+00,3.274440450282827264e+00,6.731375630398830738e-03,0.000000000000000000e+00,0.000000000000000000e+00,1.457864309803352354e+00,0.000000000000000000e+00,0.000000000000000000e+00,0.000000000000000000e+00,9.053775657300332236e-02,0.000000000000000000e+00,0.000000000000000000e+00,0.000000000000000000e+00,0.000000000000000000e+00,0.000000000000000000e+00,2.046589274643047934e-02,1.777504489462746959e-02
0.000000000000000000e+00,1.010457883885696351e+00,1.220998127216617671e-02,0.000000000000000000e+00,0.000000000000000000e+00,2.501884091160378257e-02,0.000000000000000000e+00,2.580286494639692785e-02,0.000000000000000000e+00,2.283599030961775550e-02,1.498778037124321372e+03,8.317116462220292689e-03,0.000000000000000000e+00,0.000000000000000000e+00,0.000000000000000000e+00,9.929363734232256669e-03,0.000000000000000000e+00,1.693099578010339723e+00,1.122774508482056316e-01,0.000000000000000000e+00,9.898859024182388167e-03,1.213299679522337332e-02,2.313975902636029522e-02,9.717126004595530095e-03,1.157216015385360379e+03,0.000000000000000000e+00,1.333830263885889508e+03,0.000000000000000000e+00,6.496815128768261560e-02,0.000000000000000000e+00,5.992458341656163157e+02,0.000000000000000000e+00,0.000000000000000000e+00,1.815741661628676695e+02,0.000000000000000000e+00,4.749380864376248290e+00,2.331929152278003983e+02,1.534645969879620111e+02,8.721145898240648675e-01,1.259009000312158733e-01,1.373088085656489170e+02,6.402741888156150480e+02,4.180381064360169652e-02,1.292426538823079341e+01,4.883174614883526582e-02,0.000000000000000000e+00,0.000000000000000000e+00,3.080067647658843999e-01,5.441625371485806495e-01,0.000000000000000000e+00,7.880195584305451639e-01,0.000000000000000000e+00,0.000000000000000000e+00,0.000000000000000000e+00,0.000000000000000000e+00,0.000000000000000000e+00,0.000000000000000000e+00,0.000000000000000000e+00,0.000000000000000000e+00,3.092492838677300682e-02,0.000000000000000000e+00,1.598284122036161037e+01,0.000000000000000000e+00,0.000000000000000000e+00,0.000000000000000000e+00,0.000000000000000000e+00,0.000000000000000000e+00,0.000000000000000000e+00,0.000000000000000000e+00,0.000000000000000000e+00,1.053178558810571527e-02,0.000000000000000000e+00,1.805338089920979078e-02,7.917648523796081861e+00,1.621878795777226823e-01,4.997624283034986514e-01,0.000000000000000000e+00,0.000000000000000000e+00,0.000000000000000000e+00,1.285797767609750571e-02,0.000000000000000000e+00,0.000000000000000000e+00,0.000000000000000000e+00,2.792274784069674956e-02
1.539257563429674065e+03,0.000000000000000000e+00,6.167519534596770381e-01,1.912815725832113900e+00,2.394672293285848852e+01,3.763076453452976722e+01,4.080704856407260195e+02,1.285328511301427625e+03,7.364141322863849703e-01,6.038778994650751031e+01,7.575909272807982431e-01,1.302757370169407380e+01,0.000000000000000000e+00,0.000000000000000000e+00,1.425707374398009986e+00,9.621642588335787769e-03,3.166185775091906462e-01,0.000000000000000000e+00,1.303121757655462468e-02,2.992079442422857838e+00,2.253184851463076122e+00,3.869395788468876773e-02,4.381300319773129281e+00,8.203181352444270047e+00,0.000000000000000000e+00,5.708087297475654409e-02,7.590049361437122000e-02,8.403140211555557570e+00,1.125611272809221873e+03,4.057351858032645708e+01,0.000000000000000000e+00,2.054936169320628210e+02,7.083086570001301263e-01,3.280376305652804803e+01,0.000000000000000000e+00,5.805035492599556868e+00,1.946439477166310716e-01,1.157271620629539832e+01,1.989362131303313574e-01,7.174441285250241940e+00,7.854776641634093615e+00,1.547703418876285493e-02,2.650684739664242034e-02,6.460109935031222925e-03,2.431963363208172746e-02,0.000000000000000000e+00,2.046816843919675027e-02,0.000000000000000000e+00,0.000000000000000000e+00,0.000000000000000000e+00,0.000000000000000000e+00,0.000000000000000000e+00,0.000000000000000000e+00,0.000000000000000000e+00,0.000000000000000000e+00,4.066565268664201760e-02,5.389748047207337626e-03,2.260115792565855486e-01,0.000000000000000000e+00,0.000000000000000000e+00,0.000000000000000000e+00,0.000000000000000000e+00,0.000000000000000000e+00,0.000000000000000000e+00,2.919494678642549357e-02,0.000000000000000000e+00,0.000000000000000000e+00,0.000000000000000000e+00,0.000000000000000000e+00,1.459780344419399876e-02,0.000000000000000000e+00,1.440445637869215874e-02,5.946555383089586755e-01,0.000000000000000000e+00,0.000000000000000000e+00,9.103189436099806686e-03,9.100038296860696319e-02,0.000000000000000000e+00,1.347575100950926599e-02,0.000000000000000000e+00,0.000000000000000000e+00,0.000000000000000000e+00,1.900893728540280561e-02,0.000000000000000000e+00
0.000000000000000000e+00,0.000000000000000000e+00,0.000000000000000000e+00,1.412935269752036704e-01,2.444377629744020339e+02,1.653249600551935714e+02,1.279144634483923015e-01,1.866732829083212142e+00,1.262022281889897783e+02,5.723354723367996000e-01,4.191740164046062200e-02,1.197892412071163051e+02,0.000000000000000000e+00,1.425707374398009986e+00,0.000000000000000000e+00,0.000000000000000000e+00,0.000000000000000000e+00,0.000000000000000000e+00,0.000000000000000000e+00,1.496241843127968651e-01,6.057793136051548705e-02,3.478744949177013657e-02,4.175629748638140515e-02,1.091315747780408296e+00,0.000000000000000000e+00,0.000000000000000000e+00,0.000000000000000000e+00,1.943372009014190660e-01,1.111077226327500833e+00,0.000000000000000000e+00,0.000000000000000000e+00,4.480216349667200393e-01,0.000000000000000000e+00,1.371130641065076317e+00,0.000000000000000000e+00,3.191426618064920895e+00,5.427608535906039422e-02,7.074088742739235158e-01,0.000000000000000000e+00,1.619579302809435603e+03,0.000000000000000000e+00,0.000000000000000000e+00,0.000000000000000000e+00,3.560089794148508374e-02,5.615361337783066065e-02,1.778225952075757899e-01,7.328937262387595630e-02,0.000000000000000000e+00,0.000000000000000000e+00,0.000000000000000000e+00,0.000000000000000000e+00,2.710512624946537219e-02,0.000000000000000000e+00,0.000000000000000000e+00,0.000000000000000000e+00,2.959028579985527665e-02,0.000000000000000000e+00,7.521372131667049266e-02,0.000000000000000000e+00,0.000000000000000000e+00,0.000000000000000000e+00,0.000000000000000000e+00,4.868221299344725056e-03,0.000000000000000000e+00,6.044398698262890522e-03,0.000000000000000000e+00,0.000000000000000000e+00,0.000000000000000000e+00,0.000000000000000000e+00,4.366004467559904401e-02,0.000000000000000000e+00,9.180006906997077720e-02,0.000000000000000000e+00,0.000000000000000000e+00,8.822934675872664417e-03,6.001696877194059865e-02,2.673078228203748866e-02,0.000000000000000000e+00,2.524641648591545093e-02,0.000000000000000000e+00,0.000000000000000000e+00,0.000000000000000000e+00,6.879553954310634913e-03,0.000000000000000000e+00
0.000000000000000000e+00,1.727076584512073909e+00,1.543960808838338972e+00,0.000000000000000000e+00,0.000000000000000000e+00,1.046670640765550407e-02,2.622616972216754508e-02,0.000000000000000000e+00,6.887968500636506564e-01,7.865187215542385202e-03,0.000000000000000000e+00,1.737131727431001638e-02,9.929363734232256669e-03,9.621642588335787769e-03,0.000000000000000000e+00,0.000000000000000000e+00,1.060786809786295887e-01,0.000000000000000000e+00,7.922399267477866353e-03,0.000000000000000000e+00,0.000000000000000000e+00,1.097823558016556262e+02,0.000000000000000000e+00,3.363756408719092974e+02,0.000000000000000000e+00,1.359943776982584611e-02,0.000000000000000000e+00,0.000000000000000000e+00,3.810318585681246595e-02,2.649975822987201551e-02,0.000000000000000000e+00,0.000000000000000000e+00,6.174465984941578112e-02,1.204949512967103953e+00,0.000000000000000000e+00,1.917643639572381176e+01,9.173927427361803666e+00,6.035330934950037474e+00,4.135329968787822885e+00,1.314137059421201847e+00,2.550242807072679585e-01,0.000000000000000000e+00,0.000000000000000000e+00,2.995469462791255366e-01,2.971615926542556935e-02,0.000000000000000000e+00,8.573989709284736416e-02,1.593646860259929562e-02,0.000000000000000000e+00,4.456222657732644525e-03,3.775804350466988035e-01,4.434899938240510764e-02,0.000000000000000000e+00,7.139022706832964631e-03,0.000000000000000000e+00,6.987673035849276126e-02,5.614070194894825623e-03,3.365147363694326321e-02,4.436000892669368818e-03,0.000000000000000000e+00,1.143467521289527611e-02,0.000000000000000000e+00,4.127154600342170139e-03,0.000000000000000000e+00,3.523552267896659540e+00,0.000000000000000000e+00,0.000000000000000000e+00,0.000000000000000000e+00,0.000000000000000000e+00,0.000000000000000000e+00,7.122336877885015127e+00,0.000000000000000000e+00,5.594393415238512191e-01,0.000000000000000000e+00,1.123473820275131506e-02,0.000000000000000000e+00,6.291649777295081902e-01,6.668012424382524853e-03,3.457326487376638502e-02,0.000000000000000000e+00,0.000000000000000000e+00,1.062718142941557545e-02,8.025825712124143307e-02,0.000000000000000000e+00
1.951753057568458849e-01,3.417817854513725551e-01,1.452877186026304344e+02,0.000000000000000000e+00,0.000000000000000000e+00,6.735693409193477775e-03,2.570930569637310814e-01,2.641219919898793109e-02,0.000000000000000000e+00,6.283286119523372876e-03,1.033509249524832835e-01,0.000000000000000000e+00,0.000000000000000000e+00,3.166185775091906462e-01,0.000000000000000000e+00,1.060786809786295887e-01,0.000000000000000000e+00,0.000000000000000000e+00,5.752373983627963980e+02,0.000000000000000000e+00,6.013467309624665802e+00,1.309981103821673820e-01,6.275351744319725640e+02,1.023893411096071654e-01,6.402207358277010874e-02,3.629786231890617501e+02,2.839213406352405755e+01,1.078299643752687276e+00,9.815752549630437640e-01,6.660949457808029273e+00,0.000000000000000000e+00,0.000000000000000000e+00,2.639185664475796611e-01,1.277274176536118802e+02,0.000000000000000000e+00,1.398032383770325460e+00,3.239972101546280125e+00,2.598900145392421024e+01,1.017036299660692311e+00,0.000000000000000000e+00,2.500152537592499613e-02,1.103545452968733576e-02,0.000000000000000000e+00,7.293050005168418004e-02,9.557504571956910305e-03,1.359015609518584265e-02,8.289381058240627778e-03,0.000000000000000000e+00,0.000000000000000000e+00,0.000000000000000000e+00,2.954521295796405100e-01,8.486147919970510670e-03,0.000000000000000000e+00,0.000000000000000000e+00,0.000000000000000000e+00,0.000000000000000000e+00,0.000000000000000000e+00,0.000000000000000000e+00,0.000000000000000000e+00,0.000000000000000000e+00,0.000000000000000000e+00,0.000000000000000000e+00,0.000000000000000000e+00,0.000000000000000000e+00,0.000000000000000000e+00,9.241593148225084320e-03,0.000000000000000000e+00,0.000000000000000000e+00,0.000000000000000000e+00,0.000000000000000000e+00,0.000000000000000000e+00,5.088197967671123818e-03,1.231847513758568824e-02,0.000000000000000000e+00,6.093027145467885819e-02,1.745861264643416566e-01,5.398575789542533858e-03,0.000000000000000000e+00,0.000000000000000000e+00,0.000000000000000000e+00,0.000000000000000000e+00,0.000000000000000000e+00,0.000000000000000000e+00,0.000000000000000000e+00
0.000000000000000000e+00,1.981445715232484778e-02,0.000000000000000000e+00,0.000000000000000000e+00,0.000000000000000000e+00,0.000000000000000000e+00,0.000000000000000000e+00,0.000000000000000000e+00,0.000000000000000000e+00,0.000000000000000000e+00,9.436430037812821183e+02,0.000000000000000000e+00,1.693099578010339723e+00,0.000000000000000000e+00,0.000000000000000000e+00,0.000000000000000000e+00,0.000000000000000000e+00,0.000000000000000000e+00,5.378275567286325440e+02,0.000000000000000000e+00,0.000000000000000000e+00,0.000000000000000000e+00,0.000000000000000000e+00,0.000000000000000000e+00,2.670077982928251714e-01,6.422288907291982696e+02,1.140839813624417109e+00,0.000000000000000000e+00,1.152306846709922651e-02,0.000000000000000000e+00,4.495724333675615164e-02,0.000000000000000000e+00,0.000000000000000000e+00,1.331071274544669780e+00,0.000000000000000000e+00,1.721616765807133520e-01,1.018980567242211777e+01,9.070818356424735995e+00,2.951222191015911434e-01,0.000000000000000000e+00,0.000000000000000000e+00,2.138233669672041926e-01,0.000000000000000000e+00,3.665096817610109525e-01,0.000000000000000000e+00,0.000000000000000000e+00,0.000000000000000000e+00,0.000000000000000000e+00,0.000000000000000000e+00,0.000000000000000000e+00,1.654437444471494878e-01,0.000000000000000000e+00,0.000000000000000000e+00,0.000000000000000000e+00,0.000000000000000000e+00,0.000000000000000000e+00,0.000000000000000000e+00,0.000000000000000000e+00,0.000000000000000000e+00,0.000000000000000000e+00,0.000000000000000000e+00,1.469029032242157029e-02,0.000000000000000000e+00,0.000000000000000000e+00,0.000000000000000000e+00,0.000000000000000000e+00,0.000000000000000000e+00,0.000000000000000000e+00,0.000000000000000000e+00,0.000000000000000000e+00,0.000000000000000000e+00,0.000000000000000000e+00,0.000000000000000000e+00,2.513869791037301460e-01,3.090016243142635829e-02,5.225573162962925122e-02,0.000000000000000000e+00,0.000000000000000000e+00,0.000000000000000000e+00,0.000000000000000000e+00,0.000000000000000000e+00,0.000000000000000000e+00,0.000000000000000000e+00,0.000000000000000000e+00
0.000000000000000000e+00,7.472389532459587924e-01,1.353829292084877567e+00,0.000000000000000000e+00,0.000000000000000000e+00,1.911024344157008503e-02,7.049664442813931113e-03,1.985157925994473702e-02,0.000000000000000000e+00,7.207242874385176232e-03,1.988259450021521388e+02,1.296046037162640850e-02,1.122774508482056316e-01,1.303121757655462468e-02,0.000000000000000000e+00,7.922399267477866353e-03,5.752373983627963980e+02,5.378275567286325440e+02,0.000000000000000000e+00,0.000000000000000000e+00,1.000683756970452420e-01,0.000000000000000000e+00,1.335319254733765115e+00,7.800132089028816856e-03,1.955271746602716965e-01,5.005612435713868535e+02,6.858934270022636781e+00,1.484170771017894602e-02,2.432823103170069293e-02,5.337217322977337586e-02,0.000000000000000000e+00,0.000000000000000000e+00,0.000000000000000000e+00,1.265047043169288798e+02,0.000000000000000000e+00,5.266296777872866208e+00,2.065147826686215282e+01,5.081158927111479073e+01,3.134517426703181009e+00,3.813313385261807298e-02,0.000000000000000000e+00,1.041224768031075304e-01,0.000000000000000000e+00,9.226284324921348867e-01,0.000000000000000000e+00,4.400894345322173967e-02,1.120282696336653665e-02,8.626976466951947337e-03,0.000000000000000000e+00,0.000000000000000000e+00,6.373541578586773282e-01,8.378628718051651936e-03,0.000000000000000000e+00,0.000000000000000000e+00,0.000000000000000000e+00,0.000000000000000000e+00,0.000000000000000000e+00,0.000000000000000000e+00,0.000000000000000000e+00,0.000000000000000000e+00,0.000000000000000000e+00,0.000000000000000000e+00,0.000000000000000000e+00,0.000000000000000000e+00,5.612788346338570301e-03,0.000000000000000000e+00,0.000000000000000000e+00,0.000000000000000000e+00,0.000000000000000000e+00,0.000000000000000000e+00,0.000000000000000000e+00,1.723555364771499690e-02,0.000000000000000000e+00,2.127159999744619445e-01,1.258936557931124856e-01,1.495296444472666575e-01,0.000000000000000000e+00,0.000000000000000000e+00,0.000000000000000000e+00,0.000000000000000000e+00,0.000000000000000000e+00,0.000000000000000000e+00,0.000000000000000000e+00,0.000000000000000000e+00
