70.663,9.1113,1.4859,24.602,8.7805,0,8.0178,0,0,0,0,0,0,0,0,0,0.0057249,0,0.029369,0,0,0.020781,0.045145,0,0,0,0.0014522,0.42204,0.10532,0.73248,0,1.9663,0.0020734,0,2.8251,12.742,0.50899,8.6933,0,0,0,0,0,0,0,0,0,0,0,0,0,0,0,0,0,0,0,0,0,0,0,0,0,0,0,0,0,0,0,0,0,0,0,0,0,0,0,0,0,0,0,0,0.0021543
9.1113,13.674,0,0,5.0042,0,9.6297,0,0,0,0,0,0,0,0,0,0,0,0,0,0,0.031153,0.030677,0,0,0,0,0,0,0,0,0.84545,0,0.23174,0,3.6748,0.9267,0,0,0,0,0,0,0,0,0,0,0,0,0,0,0,0,0,0,0,0,0,0,0,0,0,0,0,0,0,0,0,0,0,0,0,0,0,0,0,0,0,0,0,0,0,0.076248
1.4859,0,1.3986,4.0725,0,0,1.764,0.79232,0,0,0,0,0,0,0,0,0,0,0,0,0,0,0,0,0,0,0,0,0,0,0,0,0,0,0,0.55426,0,0,0,0,0,0,0,0,0,0,0,0,0,0,0,0,0,0,0,0,0,0,0,0,0,0,0,0,0,0,0,0,0,0,0,0,0,0,0,0,0,0,0,0,0,0,0
24.602,0,4.0725,27.905,0,0,6.4414,3.5843,0,0,0,5.1565,0,0,0,0,0,0,0,0,0,0,0,0,0,0,0,0,0,0,0,0,0,0,7.764,3.5286,0.4705,13.305,0,0,0,0,0,0,5.1786,0,0,1.0074,1.3012,0,0,0,0.74156,0,0,0,0,0,0,0,0,0,0,0,0,0,0,0,0,0,0,0,0,0,0,0,0,0,0,0,0,0,0
8.7805,5.0042,0,0,36.592,7.8158,13.933,1.3068,0,0.070526,0,0,0,0,0,0,0.017058,0.012237,0,0,0.00043481,0.17438,0.097666,0.2075,0.021984,0,0,0,0.0149,0.0075344,0.00015923,0.73273,0.0054215,0.10992,0,2.7186,0.54053,0,0,0,0,0,0,0,0,0,0,0,0,0,0,0,0,0,0,0,0,0,0,0,0,0,0,0,0,0,0,0,0,0,0,0,0,0,0,0,0,0,0,0,0,0,0.041323
0,0,0,0,7.8158,42.158,14.321,2.9136,0,14.132,0,0,0,0,0,0,0.57786,0,0,0,0,0,0,0,0,0,0,0,0,0,0.08015,0.087127,0,0,0,0,0,0,0,0,0,0,0,0,0,0,0,0,0,0,0,0,0,0,0,0,0,0,0,0,0,0,0,0,0,0,0,0,0,0,0,0,0,0,0,0,0,0,0,0,0,0,0
8.0178,9.6297,1.764,6.4414,13.933,14.321,212.56,50.342,27.525,1.3514,0,0,4.4099,0,0.00016429,0.23839,0.38532,0.18016,0.18971,0,0,0.0079653,0.011381,0,0,0,0,0.15899,0.022892,0.10674,0.0017866,1.0592,0.0010719,4.591,4.285,13.013,5.3494,0,0.97506,0,0,0,0,0,0.061143,0,0,1.9552,3.4925,0,0,0,0.61716,0.3504,0,0,0,0,0,0,0,0,0,0,0,0,0,0,0,0,0,0,0,0,0,0,0,0,0,0,0,0,1.1252
0,0,0.79232,3.5843,1.3068,2.9136,50.342,336.31,12.323,18.175,10.281,8.9152,38.183,36.882,0,0.050198,0.01628,0,0.081486,0,0,0,0,0,0,0,0,0,0.045174,0.037848,0.0072659,0.066294,0.0022025,21.904,5.6928,10.318,14.128,0,8.1362,0,0,0,0,0,1.2098,0,0,3.856,52.27,0,0,0,0.44257,1.3174,1.0052,0,0,0,0,0,0,0,0,0,0,0,0,0,0,0,0,0,0,0,0,0,0,0,0,0,0,0,11.408
0,0,0,0,0,0,27.525,12.323,83.906,30.15,0,0,0,0,0,0.4595,1.02,0,0.4868,0,0,0,0,0,0,0,0,0,0,0.018877,0.081001,0,0,0,0.16164,1.4257,1.4276,0,0.12021,0,0,0,0,0,0,0,0,0.00045557,0.35716,0,0,0,0,0.00024079,0,0,0,0,0,0,0,0,0,0,0,0,0,0,0,0,0,0,0,0,0,0,0,0,0,0,0,0,0.72156
0,0,0,0,0.070526,14.132,1.3514,18.175,30.15,223.77,35.159,0,0,8.2648,0,27.197,16.617,0,2.4211,0,0,0,0,0,0,0,0,0,0,0,0,0,0,21.87,0.38748,8.5075,14.855,0,8.5069,0,0,0,0,0,0,0,0,0,0,0,0,0,0,0,0,0,0,0,0,0,0,0,0,0,0,0,0,0,0,0,0,0,0,0,0,0,0,0,0,0,0,0,27.811
0,0,0,0,0,0,0,10.281,0,35.159,61.95,0,0,19.341,2.7248,14.291,0,5.5728,0,7.2084,0,0,0,0,0,0,0,0,0,0,0,0,0,3.4747,0,0,0,0,0,0,0,0,0,0,0,0,0,0,0,0,0,0,0,0,0,0,0,0,0,0,0,0,0,0,0,0,0,0,0,0,0,0,0,0,0,0,0,0,0,0,0,0,0
0,0,0,5.1565,0,0,0,8.9152,0,0,0,3.4705,3.2823,0,0,0,0,0,0,0,0,0,0,0,0,0,0,0,0,0,0,0,0,0,1.6824,0,0,1.2715,0,0,0,0,0,0,0.83254,0,0,0,1.6994,0,0,0,1.1233,0,0,0,0,0,0,0,0,0,0,0,0,0,0,0,0,0,0,0,0,0,0,0,0,0,0,0,0,0,0
0,0,0,0,0,0,4.4099,38.183,0,0,0,3.2823,18.846,9.2366,0,0,0,0,0,0,0,0,0,0,0,0,0,0,0,0,0,0,0,0,0,0.0095351,0.091917,0,0,0,0,0,0,0,0,0,0,0,8.8225,0,0,0,0,6.6896,0,0,0,0,0,0,0,0,0,0,0,0,0,0,0,0,0,0,0,0,0,0,0,0,0,0,0,0,0
0,0,0,0,0,0,0,36.882,0,8.2648,19.341,0,9.2366,66.694,12.802,0.47108,0,0.4854,0,12.01,0,0,0,0,0,0,0,0,0,0,0,0,0,1.0432,0,0,0,0,0,0,0,0,0,0,0,0,0,0,6.0831,0,0,0,0,0.83021,11.916,0,0,0,0,0,0,0,0,0,0,0,0,0,0,0,0,0,0,0,0,0,0,0,0,0,0,0,0
0,0,0,0,0,0,0.00016429,0,0,0,2.7248,0,0,12.802,24.029,0,0,3.1221,0,39.256,0.0092685,0,0,1.1212,0,1.0827,0,0,0,0,0,0,0,0.42048,0,0,0,0,0.24747,2.5575,0,0,0,0,0,0,0,0,0,0,0,0,0,0,1.3201,7.0816,0,0,1.4912,0,2.9883,0,0,0.2473,0,0,0,0,0,0,0,0,0,0,0,0,0,0,0,0,0,0,0.8786
0,0,0,0,0,0,0.23839,0.050198,0.4595,27.197,14.291,0,0,0.47108,0,133.15,32.792,12.88,1.2569,0,0,0,0,0,0,0,0,0,0,0,0,0,0,2.429,0,2.5519,2.991,0,1.3403,0,0,0,0,0,0,0,0,0,0,0,0,0,0,0,0,0,0,0,0,0,0,0,0,0,0,0,0,0,0,0,0,0,0,0,0,0,0,0,0,0,0,0,3.0799
0.0057249,0,0,0,0.017058,0.57786,0.38532,0.01628,1.02,16.617,0,0,0,0,0,32.792,130.02,6.1427,20.691,0,0,0,0,0,0,0,0,0,0.64296,3.1046,17.562,5.3051,1.0455,0,0,1.3305,0.34046,0,0,0,0,0,0,0,0,0,0,0,8.322e-05,0,0,0,0,0,0,0,0,0,0,0,0,0,0,0,0,0,0,0,0,0,0,0,0,0,0,0,0,0,0,0,0,0,0
0,0,0,0,0.012237,0,0.18016,0,0,0,5.5728,0,0,0.4854,3.1221,12.88,6.1427,194.53,26.145,78.739,14.658,0,11.488,0,0.96816,0,0,0,0.53348,0,0,0,0,4.7379,0,4.2153,4.6815,0,1.4939,0,0,0,0,0,0,0,0,0,0,0,0,0,0,0,0,0,0,0,1.6571,0.64704,2.0791,0,0,0,0,0,0,0,0,0,0,0,0,0,0,0,0,0,0,0,0,0,5.5089
0.029369,0,0,0,0,0,0.18971,0.081486,0.4868,2.4211,0,0,0,0,0,1.2569,20.691,26.145,205.19,4.1622,0,0,33.665,0.44338,1.2825,0,0,0.0014114,5.9194,20.886,17.761,3.3247,0.2927,0.23104,0,2.6983,1.2896,0,0.27842,0,0,0,0,0,0,0,0,0,0,0,0,0,0,0,0,0,0,0,0.042105,0,0.0649,0.0033411,0,0,0,0,0,0,0,0,0,0,0,0,0,0,0,0,0,0,0,0,0.89236
0,0,0,0,0,0,0,0,0,0,7.2084,0,0,12.01,39.256,0,0,78.739,4.1622,146.41,5.4265,3.9776,2.0932,1.3655,0,0.12852,0,0,0,0,0,0,0,0.93176,0,0.61014,0.74565,0,0.57105,0.94476,0.07789,0,0,0,0,0,0,0,0,0,0,0,0,0,0,0,0,0,3.3674,1.0553,10.782,0.95312,0,0.69382,0,0,0,0,0,0,0,0,0,0,0,0,0,0,0,0,0,0,1.1328
0,0,0,0,0.00043481,0,0,0,0,0,0,0,0,0,0.0092685,0,0,14.658,0,5.4265,37.035,30.26,16.897,1.061,0,0,0,0,0,0,0,0,0,0.0048742,0,0.028736,0.031539,0,0.051483,0.0030812,0.039041,0,0,0,0,0,0,0,0,0,0,0,0,0,0,0,0,0,0.17877,0,0.22912,0,0,0,0,0,0,0,0,0,0,0,0,0,0,0,0,0,0,0,0,0,0.013531
0.020781,0.031153,0,0,0.17438,0,0.0079653,0,0,0,0,0,0,0,0,0,0,0,0,3.9776,30.26,38.354,33.459,42.78,0.84251,0,0,0,0.046026,0,0,0.16376,0,0.10591,0,0.26072,0.052269,0,0.0017114,0.32885,0.010163,0,0,0,0,0,0,0,0,0,0,0,0,0,0,0,0,0,0,0,0,0,0,0,0,0,0,0,0,0,0,0,0,0,0,0,0,0,0,0,0,0,0.018289
0.045145,0.030677,0,0,0.097666,0,0.011381,0,0,0,0,0,0,0,0,0,0,11.488,33.665,2.0932,16.897,33.459,235.74,7.5451,36.332,0,0,0.0020405,10.553,2.1784,0,0.87502,0,0.1918,0.0010008,1.3205,0.54844,0,0.2236,0.98185,0.32951,0,0,0,0,0,0,0,0,0,0,0,0,0,0,0,0,0,0,0,0,0,0,0,0,0,0,0,0,0,0,0,0,0,0,0,0,0,0,0,0,0,0.10626
0,0,0,0,0.2075,0,0,0,0,0,0,0,0,0,1.1212,0,0,0,0.44338,1.3655,1.061,42.78,7.5451,73.011,5.7114,2.0159,0,0,0,0,0,0.84378,0,0.096302,0,0.47295,0,0,0,4.439,0,0,0,0,0,0,0,0,0,0,0,0,0,0,0,0,0,0,0,0,0,0,0,0,0,0,0,0,0,0,0,0,0,0,0,0,0,0,0,0,0,0,0.0099052
0,0,0,0,0.021984,0,0,0,0,0,0,0,0,0,0,0,0,0.96816,1.2825,0,0,0.84251,36.332,5.7114,82.92,2.2992,4.1718,1.6675,18.442,2.9782,0,0,0,0.090135,0,0.79296,0,0,0,11.606,1.3644,0,0,0,0,0,0,0,0,0,0,0,0,0,0,0,0,0,0,0,0,0,0,0,0,0,0,0,0,0,0,0,0,0,0,0,0,0,0,0,0,0,0
0,0,0,0,0,0,0,0,0,0,0,0,0,0,1.0827,0,0,0,0,0.12852,0,0,0,2.0159,2.2992,9.9888,1.0941,0,0,0,0,0,0,0,0,0,0,0,0,23.889,0.20548,0,0,0,0,0,0,0,0,0,0,0,0,0,0,0,0,0,0,0,0,0,0,0,0,0,0,0,0,0,0,0,0,0,0,0,0,0,0,0,0,0,0
0.0014522,0,0,0,0,0,0,0,0,0,0,0,0,0,0,0,0,0,0,0,0,0,0,0,4.1718,1.0941,3.5237,0.49697,0.23717,0,0,0,0,0,0,0.18037,0,0,0,8.7432,4.8581,0,0,0,0,0,0,0,0,0,0,0,0,0,0,0,0,0,0,0,0,0,0,0,0,0,0,0,0,0,0,0,0,0,0,0,0,0,0,0,0,0,0
0.42204,0,0,0,0,0,0.15899,0,0,0,0,0,0,0,0,0,0,0,0.0014114,0,0,0,0.0020405,0,1.6675,0,0.49697,4.9325,4.1294,0.9332,0,1.3538,0,0.0081268,0,1.3761,0,0,0,0.33971,4.2218,0,0,0,0,0,0,0,0,0,0,0,0,0,0,0,0,0,0,0,0,0,0,0,0,0,0,0,0,0,0,0,0,0,0,0,0,0,0,0,0,0,0
0.10532,0,0,0,0.0149,0,0.022892,0.045174,0,0,0,0,0,0,0,0,0.64296,0.53348,5.9194,0,0,0.046026,10.553,0,18.442,0,0.23717,4.1294,115.91,25.962,0,6.363,0.0029639,0.17774,0,0.58001,0.39819,0,0.017595,1.7319,0,0,0,0,0,0,0,0,0,0,0,0,0,0,0,0,0,0,0,0,0,0,0,0,0,0,0,0,0,0,0,0,0,0,0,0,0,0,0,0,0,0,0.11442
0.73248,0,0,0,0.0075344,0,0.10674,0.037848,0.018877,0,0,0,0,0,0,0,3.1046,0,20.886,0,0,0,2.1784,0,2.9782,0,0,0.9332,25.962,117.95,23.32,16.454,0,0,0,1.3961,0.43756,0,0,0,0,0,0,0,0,0,0,0,0,0,0,0,0,0,0,0,0,0,0,0,0,0,0,0,0,0,0,0,0,0,0,0,0,0,0,0,0,0,0,0,0,0,0.080316
0,0,0,0,0.00015923,0.08015,0.0017866,0.0072659,0.081001,0,0,0,0,0,0,0,17.562,0,17.761,0,0,0,0,0,0,0,0,0,0,23.32,19.617,13.36,0,0,0,0.070893,0.03467,0,0,0,0,0,0,0,0,0,0,0,0,0,0,0,0,0,0,0,0,0,0,0,0,0,0,0,0,0,0,0,0,0,0,0,0,0,0,0,0,0,0,0,0,0,0
1.9663,0.84545,0,0,0.73273,0.087127,1.0592,0.066294,0,0,0,0,0,0,0,0,5.3051,0,3.3247,0,0,0.16376,0.87502,0.84378,0,0,0,1.3538,6.363,16.454,13.36,136.62,8.3286,0.023003,0,2.7225,0.41668,0,0.03672,0,0,0,0,0,0,0,0,0,0,0,0,0,0,0,0,0,0,0,0,0,0,0,0,0,0,0,0,0,0,0,0,0,0,0,0,0,0,0,0,0,0,0,0.24552
0.0020734,0,0,0,0.0054215,0,0.0010719,0.0022025,0,0,0,0,0,0,0,0,1.0455,0,0.2927,0,0,0,0,0,0,0,0,0,0.0029639,0,0,8.3286,5.781,0,0,0.1954,0.036494,0,0,0,0,0,0,0,0,0,0,0,0,0,0,0,0,0,0,0,0,0,0,0,0,0,0,0,0,0,0,0,0,0,0,0,0,0,0,0,0,0,0,0,0,0,0
0,0.23174,0,0,0.10992,0,4.591,21.904,0,21.87,3.4747,0,0,1.0432,0.42048,2.429,0,4.7379,0.23104,0.93176,0.0048742,0.10591,0.1918,0.096302,0.090135,0,0,0.0081268,0.17774,0,0,0.023003,0,21.826,14.748,1.6224,4.2358,0,8.8564,9.1131,1.8309,0,0,0,0,0,0,0,0,0,0,0,0,0,0,0,0,0,0,0,0,0,0,0,0,0,0,0,0,0,0,0,0,0,0,0,0,0,0,0,0,0,31.887
2.8251,0,0,7.764,0,0,4.285,5.6928,0.16164,0.38748,0,1.6824,0,0,0,0,0,0,0,0,0,0,0.0010008,0,0,0,0,0,0,0,0,0,0,14.748,5.7108,7.3588,4.3967,2.5552,2.2448,0.14643,0,0,0,0,0,0,0,0,0,0,0,0,0,0,0,0,0,0,0,0,0,0,0,0,0,0,0,0,0,0,0,0,0,0,0,0,0,0,0,0,0,0,0.9727
12.742,3.6748,0.55426,3.5286,2.7186,0,13.013,10.318,1.4257,8.5075,0,0,0.0095351,0,0,2.5519,1.3305,4.2153,2.6983,0.61014,0.028736,0.26072,1.3205,0.47295,0.79296,0,0.18037,1.3761,0.58001,1.3961,0.070893,2.7225,0.1954,1.6224,7.3588,24.833,27.386,13.789,0.28969,0.78121,1.7339,0,0,0,0,0,0,0,0,0,0,0,0,0,0,0,0,0,0,0,0,0,0,0,0,0,0,0,0,0,0,0,0,0,0,0,0,0,0,0,0,0,0.19673
0.50899,0.9267,0,0.4705,0.54053,0,5.3494,14.128,1.4276,14.855,0,0,0.091917,0,0,2.991,0.34046,4.6815,1.2896,0.74565,0.031539,0.052269,0.54844,0,0,0,0,0,0.39819,0.43756,0.03467,0.41668,0.036494,4.2358,4.3967,27.386,12.758,0,9.5837,0,4.5315,0,0,0,0,0,0,0,0,0,0,0,0,0,0,0,0,0,0,0,0,0,0,0,0,0,0,0,0,0,0,0,0,0,0,0,0,0,0,0,0,0,42.692
8.6933,0,0,13.305,0,0,0,0,0,0,0,1.2715,0,0,0,0,0,0,0,0,0,0,0,0,0,0,0,0,0,0,0,0,0,0,2.5552,13.789,0,4.5818,0.33564,0,0,0,0,0,0,0,0,0,0,0,0,0,0,0,0,0,0,0,0,0,0,0,0,0,0,0,0,0,0,0,0,0,0,0,0,0,0,0,0,0,0,0,0
0,0,0,0,0,0,0.97506,8.1362,0.12021,8.5069,0,0,0,0,0.24747,1.3403,0,1.4939,0.27842,0.57105,0.051483,0.0017114,0.2236,0,0,0,0,0,0.017595,0,0,0.03672,0,8.8564,2.2448,0.28969,9.5837,0.33564,0.66876,0.91459,1.6359,0,0,0,0,0,0,0,0,0,0,0,0,0,0,0,0,0,0,0,0,0,0,0,0,0,0,0,0,0,0,0,0,0,0,0,0,0,0,0,0,0,25.663
0,0,0,0,0,0,0,0,0,0,0,0,0,0,2.5575,0,0,0,0,0.94476,0.0030812,0.32885,0.98185,4.439,11.606,23.889,8.7432,0.33971,1.7319,0,0,0,0,9.1131,0.14643,0.78121,0,0,0.91459,42.178,6.1784,0,0,0,0,0,0,0,0,0,0,0,0,0,0,0,0,0,0,0,0,0,0,0,0,0,0,0,0,0,0,0,0,0,0,0,0,0,0,0,0,0,2.1261
0,0,0,0,0,0,0,0,0,0,0,0,0,0,0,0,0,0,0,0.07789,0.039041,0.010163,0.32951,0,1.3644,0.20548,4.8581,4.2218,0,0,0,0,0,1.8309,0,1.7339,4.5315,0,1.6359,6.1784,9.0849,0,0,0,0,0,0,0,0,0,0,0,0,0,0,0,0,0,0,0,0,0,0,0,0,0,0,0,0,0,0,0,0,0,0,0,0,0,0,0,0,0,0.82838
0,0,0,0,0,0,0,0,0,0,0,0,0,0,0,0,0,0,0,0,0,0,0,0,0,0,0,0,0,0,0,0,0,0,0,0,0,0,0,0,0,76.372,5.7309,1.2041,23.853,4.2718,0,14.793,0,0,0,0,0,0,0,0,0,0,0,0,0,0,0,0.088797,0,0,0,0,0.34952,0,0,0,3.0527,0,0,4.3349,10.931,0,3.3338,0,0,0,0
0,0,0,0,0,0,0,0,0,0,0,0,0,0,0,0,0,0,0,0,0,0,0,0,0,0,0,0,0,0,0,0,0,0,0,0,0,0,0,0,0,5.7309,7.4562,0,0.24741,6.1945,0,4.8191,0,0,0,0,0,0,0,0,0,0,0,0,0,0,0,0,0,0,0,0,0,0,0,0,0.41179,0,0,0,1.9841,0,0,0,0,0,0
0,0,0,0,0,0,0,0,0,0,0,0,0,0,0,0,0,0,0,0,0,0,0,0,0,0,0,0,0,0,0,0,0,0,0,0,0,0,0,0,0,1.2041,0,0.67296,4.1199,0,0,1.3265,0,0,0,0,0,0,0,0,0,0,0,0,0,0,0,0,0,0,0,0,0,0,0,0,0,0,0,0.037748,0.040792,0,0,0,0,0,0
0,0,0,5.1786,0,0,0.061143,1.2098,0,0,0,0.83254,0,0,0,0,0,0,0,0,0,0,0,0,0,0,0,0,0,0,0,0,0,0,0,0,0,0,0,0,0,23.853,0.24741,4.1199,33.557,0,0,4.9763,2.8097,0,0,0,3.9593,0,0,0,0,0,0,0,0,0,0,0.0030425,0,0,0,0,0,0,0,0,1.2283,0,0.026861,5.9537,2.6966,0.1352,11.057,0,0,0,0
0,0,0,0,0,0,0,0,0,0,0,0,0,0,0,0,0,0,0,0,0,0,0,0,0,0,0,0,0,0,0,0,0,0,0,0,0,0,0,0,0,4.2718,6.1945,0,0,43.838,7.6341,12.698,0,0.13533,0,0,0,0,0,0,0,0,0,0,0,0,0,0,0,0,0,0,0,0,0,0,0.71733,0,0,0,4.2321,0.51669,0,0.03287,0,0,0.018686
0,0,0,0,0,0,0,0,0,0,0,0,0,0,0,0,0,0,0,0,0,0,0,0,0,0,0,0,0,0,0,0,0,0,0,0,0,0,0,0,0,0,0,0,0,7.6341,52.478,12.543,0,13.092,14.493,0,0,0,0,0,0.37853,0.79557,0,0,0,0,0,0,0,0,0,0,0,0,0.057995,0.031703,0.12111,0,0,0,0.97428,0,0,0,0,0,0
0,0,0,1.0074,0,0,1.9552,3.856,0.00045557,0,0,0,0,0,0,0,0,0,0,0,0,0,0,0,0,0,0,0,0,0,0,0,0,0,0,0,0,0,0,0,0,14.793,4.8191,1.3265,4.9763,12.698,12.543,204.26,43.905,25.726,1.4855,0.0031871,0,0,0,0,0.075072,0,0,0,0,0,0,0,0,0,0,0,0,0,0,0,2.1728,0,4.2616,3.1889,11.298,5.4122,0,0.88497,0,0,1.1841
0,0,0,1.3012,0,0,3.4925,52.27,0.35716,0,0,1.6994,8.8225,6.0831,0,0,8.322e-05,0,0,0,0,0,0,0,0,0,0,0,0,0,0,0,0,0,0,0,0,0,0,0,0,0,0,0,2.8097,0,0,43.905,368.59,14.914,19.87,7.9861,7.6579,28.422,23.12,0,0.1247,0.0072933,0.17515,0,0,0,0,0,0,0,0,0,0,0,0,0,0,0,14.29,1.2441,10.05,13.167,0,4.4531,0,0,6.1818
0,0,0,0,0,0,0,0,0,0,0,0,0,0,0,0,0,0,0,0,0,0,0,0,0,0,0,0,0,0,0,0,0,0,0,0,0,0,0,0,0,0,0,0,0,0.13533,13.092,25.726,14.914,102.81,33.24,0,0,0,0,0,0.77468,0.34709,0,0,0,0,0,0,0,0,0,0,0,0,0,0.22122,0.1266,0,1.8284,0,2.5248,2.741,0,1.0139,0,0,2.1597
0,0,0,0,0,0,0,0,0,0,0,0,0,0,0,0,0,0,0,0,0,0,0,0,0,0,0,0,0,0,0,0,0,0,0,0,0,0,0,0,0,0,0,0,0,0,14.493,1.4855,19.87,33.24,278.73,30.958,0,0,10.204,0,32.455,12.32,0,1.2625,0,0,0,0,0,0,0,0,0,0,0.89769,0.91576,1.3632,0,15.067,0,16.254,26.167,0,4.0985,0.13004,0,26.136
0,0,0,0,0,0,0,0,0,0,0,0,0,0,0,0,0,0,0,0,0,0,0,0,0,0,0,0,0,0,0,0,0,0,0,0,0,0,0,0,0,0,0,0,0,0,0,0.0031871,7.9861,0,30.958,29.527,0,0,13.1,0,6.4161,0,7.2909,0,2.7697,0,0,0,0,0,0,0,0,0,0,0,0,0,1.2308,0,0,0,0,0.61746,0,0,1.8441
0,0,0,0.74156,0,0,0.61716,0.44257,0,0,0,1.1233,0,0,0,0,0,0,0,0,0,0,0,0,0,0,0,0,0,0,0,0,0,0,0,0,0,0,0,0,0,0,0,0,3.9593,0,0,0,7.6579,0,0,0,8.6314,1.4082,0,0,0,0,0,0,0,0,0,0,0,0,0,0,0,0,0,0,0,0,0,0.15584,0,0,2.0175,0,0,0,0
0,0,0,0,0,0,0.3504,1.3174,0.00024079,0,0,0,6.6896,0.83021,0,0,0,0,0,0,0,0,0,0,0,0,0,0,0,0,0,0,0,0,0,0,0,0,0,0,0,0,0,0,0,0,0,0,28.422,0,0,0,1.4082,12.492,10.783,0,0,0,0,0,0,0,0,0,0,0,0,0,0,0,0,0,0,0,0,0,0,0,0,0,0,0,0
0,0,0,0,0,0,0,1.0052,0,0,0,0,0,11.916,1.3201,0,0,0,0,0,0,0,0,0,0,0,0,0,0,0,0,0,0,0,0,0,0,0,0,0,0,0,0,0,0,0,0,0,23.12,0,10.204,13.1,0,10.783,50.541,11.264,0.34974,0,3.5029,0,13.244,0,0,0.0020303,0,0,0,0,0,0,0,0,0,0.0012008,0.12869,0,0,0.095067,0,0.16587,0,0,0.08303
0,0,0,0,0,0,0,0,0,0,0,0,0,0,7.0816,0,0,0,0,0,0,0,0,0,0,0,0,0,0,0,0,0,0,0,0,0,0,0,0,0,0,0,0,0,0,0,0,0,0,0,0,0,0,0,11.264,19.531,0,0,5.0469,0,21.444,0.05293,0.018861,0.12078,0.58286,0,1.5335,0,0,0,0,0,0,0.079376,0.24295,0,0,0.025344,0,0.025254,2.4978,0,0.17478
0,0,0,0,0,0,0,0,0,0,0,0,0,0,0,0,0,0,0,0,0,0,0,0,0,0,0,0,0,0,0,0,0,0,0,0,0,0,0,0,0,0,0,0,0,0,0.37853,0.075072,0.1247,0.77468,32.455,6.4161,0,0,0.34974,0,196.27,34.424,22.944,1.2406,0,0,0,0,0,0,0,0,0,0,0,0.39275,0.75514,0,3.3025,0,4.1891,3.3223,0,1.0782,0,0,6.1696
0,0,0,0,0,0,0,0,0,0,0,0,0,0,0,0,0,0,0,0,0,0,0,0,0,0,0,0,0,0,0,0,0,0,0,0,0,0,0,0,0,0,0,0,0,0,0.79557,0,0.0072933,0.34709,12.32,0,0,0,0,0,34.424,191.98,14.745,31.208,0,0,0,0,0,0,0,0,0,0,4.7666,19.493,9.1315,0.62591,0,0,0,0,0,0,0,0,0
0,0,0,0,0,0,0,0,0,0,0,0,0,0,1.4912,0,0,1.6571,0.042105,3.3674,0.17877,0,0,0,0,0,0,0,0,0,0,0,0,0,0,0,0,0,0,0,0,0,0,0,0,0,0,0,0.17515,0,0,7.2909,0,0,3.5029,5.0469,22.944,14.745,227.14,29.748,59.679,18.884,3.7122,12.98,0,0,0,0,0,0,0,0,1.1354,0.71796,4.3922,0.1184,4.1306,5.4296,0.0027639,2.0142,0.30895,0,6.5909
0,0,0,0,0,0,0,0,0,0,0,0,0,0,0,0,0,0.64704,0,1.0553,0,0,0,0,0,0,0,0,0,0,0,0,0,0,0,0,0,0,0,0,0,0,0,0,0,0,0,0,0,0,1.2625,0,0,0,0,0,1.2406,31.208,29.748,208.31,0,0,0,43.15,0,0.80822,0,0,0,6.1719,18.834,15.354,6.952,1.2557,0.63743,0,1.5638,2.0898,0.004377,0,0,0,1.2468
0,0,0,0,0,0,0,0,0,0,0,0,0,0,2.9883,0,0,2.0791,0.0649,10.782,0.22912,0,0,0,0,0,0,0,0,0,0,0,0,0,0,0,0,0,0,0,0,0,0,0,0,0,0,0,0,0,0,2.7697,0,0,13.244,21.444,0,0,59.679,0,104.9,3.4532,1.5665,0,0.91631,0,0.05744,0,0,0,0,0,0.25923,0.14892,0.507,0,0.19765,0.39653,0,0.27542,0.77548,0,1.3351
0,0,0,0,0,0,0,0,0,0,0,0,0,0,0,0,0,0,0.0033411,0.95312,0,0,0,0,0,0,0,0,0,0,0,0,0,0,0,0,0,0,0,0,0,0,0,0,0,0,0,0,0,0,0,0,0,0,0,0.05293,0,0,18.884,0,3.4532,23.902,17.28,9.8442,0.33826,0,0,0,0,0,0,0,0,0,0,0,0,0.0015358,0,0.0051534,0.07457,0,0
0,0,0,0,0,0,0,0,0,0,0,0,0,0,0,0,0,0,0,0,0,0,0,0,0,0,0,0,0,0,0,0,0,0,0,0,0,0,0,0,0,0,0,0,0,0,0,0,0,0,0,0,0,0,0,0.018861,0,0,3.7122,0,1.5665,17.28,25.162,15.145,27.246,0,0,0,0,0,0.38105,0,1.02,0,0.076561,0,0.063156,0.081567,0,0.081656,0.27144,0.073857,0.015938
0,0,0,0,0,0,0,0,0,0,0,0,0,0,0.2473,0,0,0,0,0.69382,0,0,0,0,0,0,0,0,0,0,0,0,0,0,0,0,0,0,0,0,0,0.088797,0,0,0.0030425,0,0,0,0,0,0,0,0,0,0.0020303,0.12078,0,0,12.98,43.15,0,9.8442,15.145,220.31,14.024,17.501,0.026481,0,0,10.582,8.7481,2.9161,3.8262,0,0.056609,0,0.60484,0.18052,0.0018562,0.059478,0.77448,0.21247,0.079409
0,0,0,0,0,0,0,0,0,0,0,0,0,0,0,0,0,0,0,0,0,0,0,0,0,0,0,0,0,0,0,0,0,0,0,0,0,0,0,0,0,0,0,0,0,0,0,0,0,0,0,0,0,0,0,0.58286,0,0,0,0,0.91631,0.33826,27.246,14.024,75.771,4.6248,3.3867,0,0,0.12278,0.7689,0,0.73282,0,0.19519,0,0.085932,0,0,0,3.6119,0,0
0,0,0,0,0,0,0,0,0,0,0,0,0,0,0,0,0,0,0,0,0,0,0,0,0,0,0,0,0,0,0,0,0,0,0,0,0,0,0,0,0,0,0,0,0,0,0,0,0,0,0,0,0,0,0,0,0,0,0,0.80822,0,0,0,17.501,4.6248,78.601,2.6577,2.4976,1.6775,17.332,4.3843,0,0,0,0,0,0.53759,0,0,0,12.447,1.5488,0
0,0,0,0,0,0,0,0,0,0,0,0,0,0,0,0,0,0,0,0,0,0,0,0,0,0,0,0,0,0,0,0,0,0,0,0,0,0,0,0,0,0,0,0,0,0,0,0,0,0,0,0,0,0,0,1.5335,0,0,0,0,0.05744,0,0,0.026481,3.3867,2.6577,8.8115,1.9819,0.0094156,0.015841,0,0,0,0,0,0,0,0,0,0,22.942,0.1572,0
0,0,0,0,0,0,0,0,0,0,0,0,0,0,0,0,0,0,0,0,0,0,0,0,0,0,0,0,0,0,0,0,0,0,0,0,0,0,0,0,0,0,0,0,0,0,0,0,0,0,0,0,0,0,0,0,0,0,0,0,0,0,0,0,0,2.4976,1.9819,4.0231,1.1314,0,0,0,0,0,0,0,0,0,0,0,9.4476,5.7112,0
0,0,0,0,0,0,0,0,0,0,0,0,0,0,0,0,0,0,0,0,0,0,0,0,0,0,0,0,0,0,0,0,0,0,0,0,0,0,0,0,0,0.34952,0,0,0,0,0,0,0,0,0,0,0,0,0,0,0,0,0,0,0,0,0,0,0,1.6775,0.0094156,1.1314,6.2791,0.72527,0.93106,0,1.8932,0,0.3185,0,0.81745,0,0.064803,0.074914,0.48351,4.236,0
0,0,0,0,0,0,0,0,0,0,0,0,0,0,0,0,0,0,0,0,0,0,0,0,0,0,0,0,0,0,0,0,0,0,0,0,0,0,0,0,0,0,0,0,0,0,0,0,0,0,0,0,0,0,0,0,0,0,0,6.1719,0,0,0,10.582,0.12278,17.332,0.015841,0,0.72527,119.87,50.782,0,2.4824,0,0.15327,0,0.311,0,0,0,1.0127,0,0
0,0,0,0,0,0,0,0,0,0,0,0,0,0,0,0,0,0,0,0,0,0,0,0,0,0,0,0,0,0,0,0,0,0,0,0,0,0,0,0,0,0,0,0,0,0,0.057995,0,0,0,0.89769,0,0,0,0,0,0,4.7666,0,18.834,0,0,0.38105,8.7481,0.7689,4.3843,0,0,0.93106,50.782,110.46,40.417,20.441,0.014608,0.21303,0,0.22855,0,0,0,1.4817,0,0
0,0,0,0,0,0,0,0,0,0,0,0,0,0,0,0,0,0,0,0,0,0,0,0,0,0,0,0,0,0,0,0,0,0,0,0,0,0,0,0,0,0,0,0,0,0,0.031703,0,0,0.22122,0.91576,0,0,0,0,0,0.39275,19.493,0,15.354,0,0,0,2.9161,0,0,0,0,0,0,40.417,32.951,27.492,0,0,0,0.38743,0,0,0,0,0,0
0,0,0,0,0,0,0,0,0,0,0,0,0,0,0,0,0,0,0,0,0,0,0,0,0,0,0,0,0,0,0,0,0,0,0,0,0,0,0,0,0,3.0527,0.41179,0,1.2283,0.71733,0.12111,2.1728,0,0.1266,1.3632,0,0,0,0,0,0.75514,9.1315,1.1354,6.952,0.25923,0,1.02,3.8262,0.73282,0,0,0,1.8932,2.4824,20.441,27.492,171.47,16.34,0.31051,0,4.0718,0.70962,0.28332,0.58543,1.1365,0,0.071137
0,0,0,0,0,0,0,0,0,0,0,0,0,0,0,0,0,0,0,0,0,0,0,0,0,0,0,0,0,0,0,0,0,0,0,0,0,0,0,0,0,0,0,0,0,0,0,0,0,0,0,0,0,0,0.0012008,0.079376,0,0.62591,0.71796,1.2557,0.14892,0,0,0,0,0,0,0,0,0,0.014608,0,16.34,11.658,0,0,1.0939,0.74038,0,0,0,0,0.31948
0,0,0,0,0,0,0,0,0,0,0,0,0,0,0,0,0,0,0,0,0,0,0,0,0,0,0,0,0,0,0,0,0,0,0,0,0,0,0,0,0,0,0,0,0.026861,0,0,4.2616,14.29,1.8284,15.067,1.2308,0,0,0.12869,0.24295,3.3025,0,4.3922,0.63743,0.507,0,0.076561,0.056609,0.19519,0,0,0,0.3185,0.15327,0.21303,0,0.31051,0,23.758,10.024,1.1309,5.5251,0.35648,7.5862,15.61,2.8198,21.623
0,0,0,0,0,0,0,0,0,0,0,0,0,0,0,0,0,0,0,0,0,0,0,0,0,0,0,0,0,0,0,0,0,0,0,0,0,0,0,0,0,4.3349,0,0.037748,5.9537,0,0,3.1889,1.2441,0,0,0,0.15584,0,0,0,0,0,0.1184,0,0,0,0,0,0,0,0,0,0,0,0,0,0,0,10.024,3.5583,4.4944,2.9956,5.1145,0,0,0,0
0,0,0,0,0,0,0,0,0,0,0,0,0,0,0,0,0,0,0,0,0,0,0,0,0,0,0,0,0,0,0,0,0,0,0,0,0,0,0,0,0,10.931,1.9841,0.040792,2.6966,4.2321,0.97428,11.298,10.05,2.5248,16.254,0,0,0,0,0,4.1891,0,4.1306,1.5638,0.19765,0,0.063156,0.60484,0.085932,0.53759,0,0,0.81745,0.311,0.22855,0.38743,4.0718,1.0939,1.1309,4.4944,18.752,27.74,7.8755,0.37672,0.98344,0,0
0,0,0,0,0,0,0,0,0,0,0,0,0,0,0,0,0,0,0,0,0,0,0,0,0,0,0,0,0,0,0,0,0,0,0,0,0,0,0,0,0,0,0,0,0.1352,0.51669,0,5.4122,13.167,2.741,26.167,0,0,0,0.095067,0.025344,3.3223,0,5.4296,2.0898,0.39653,0.0015358,0.081567,0.18052,0,0,0,0,0,0,0,0,0.70962,0.74038,5.5251,2.9956,27.74,15.062,1.7056,10.149,3.1188,0,57.117
0,0,0,0,0,0,0,0,0,0,0,0,0,0,0,0,0,0,0,0,0,0,0,0,0,0,0,0,0,0,0,0,0,0,0,0,0,0,0,0,0,3.3338,0,0,11.057,0,0,0,0,0,0,0,2.0175,0,0,0,0,0,0.0027639,0.004377,0,0,0,0.0018562,0,0,0,0,0.064803,0,0,0,0.28332,0,0.35648,5.1145,7.8755,1.7056,5.6398,0.3734,0.03249,0.40851,0
0,0,0,0,0,0,0,0,0,0,0,0,0,0,0,0,0,0,0,0,0,0,0,0,0,0,0,0,0,0,0,0,0,0,0,0,0,0,0,0,0,0,0,0,0,0.03287,0,0.88497,4.4531,1.0139,4.0985,0.61746,0,0,0.16587,0.025254,1.0782,0,2.0142,0,0.27542,0.0051534,0.081656,0.059478,0,0,0,0,0.074914,0,0,0,0.58543,0,7.5862,0,0.37672,10.149,0.3734,1.1401,2.0417,1.5793,21.088
0,0,0,0,0,0,0,0,0,0,0,0,0,0,0,0,0,0,0,0,0,0,0,0,0,0,0,0,0,0,0,0,0,0,0,0,0,0,0,0,0,0,0,0,0,0,0,0,0,0,0.13004,0,0,0,0,2.4978,0,0,0.30895,0,0.77548,0.07457,0.27144,0.77448,3.6119,12.447,22.942,9.4476,0.48351,1.0127,1.4817,0,1.1365,0,15.61,0,0.98344,3.1188,0.03249,2.0417,39.72,6.3224,0.97559
0,0,0,0,0,0,0,0,0,0,0,0,0,0,0,0,0,0,0,0,0,0,0,0,0,0,0,0,0,0,0,0,0,0,0,0,0,0,0,0,0,0,0,0,0,0,0,0,0,0,0,0,0,0,0,0,0,0,0,0,0,0,0.073857,0.21247,0,1.5488,0.1572,5.7112,4.236,0,0,0,0,0,2.8198,0,0,0,0.40851,1.5793,6.3224,7.8371,0.33672
0.0021543,0.076248,0,0,0.041323,0,1.1252,11.408,0.72156,27.811,0,0,0,0,0.8786,3.0799,0,5.5089,0.89236,1.1328,0.013531,0.018289,0.10626,0.0099052,0,0,0,0,0.11442,0.080316,0,0.24552,0,31.887,0.9727,0.19673,42.692,0,25.663,2.1261,0.82838,0,0,0,0,0.018686,0,1.1841,6.1818,2.1597,26.136,1.8441,0,0,0.08303,0.17478,6.1696,0,6.5909,1.2468,1.3351,0,0.015938,0.079409,0,0,0,0,0,0,0,0,0.071137,0.31948,21.623,0,0,57.117,0,21.088,0.97559,0.33672,0
