57.181,8.8798,1.8378,17.878,8.2738,0.65453,11.09,1.1373,0,0,0,1.0309,0,0,0,0,0,0,0,0,0,0,0,0,0,0,0,0,0,0,0,0,0,0,1.5618,8.3356,0,6.2883,0,0,0,0,0,0,0,0,0,0,0,0,0,0,0,0,0,0,0,0,0,0,0,0,0,0,0,0,0,0,0,0,0,0,0,0,0,0,0,0,0,0,0,0,0
8.8798,13.258,0,0.037168,4.7453,0,6.6928,0,0,0,0,0,0,0,0,0,0,0,0,0,0,0,0,0,0,0,0,0,0,0,0,0,0,0,0.21117,0,0,0,0,0,0,0,0,0,0,0,0,0,0,0,0,0,0,0,0,0,0,0,0,0,0,0,0,0,0,0,0,0,0,0,0,0,0,0,0,0,0,0,0,0,0,0,0
1.8378,0,1.9682,6.1955,0,0,1.8646,1.3011,0,0,0,0,0,0,0,0,0,0,0,0,0,0,0,0,0,0,0,0,0,0,0,0,0,0,0,0,0,0,0,0,0,0,0,0,0,0,0,0,0,0,0,0,0,0,0,0,0,0,0,0,0,0,0,0,0,0,0,0,0,0,0,0,0,0,0,0,0,0,0,0,0,0,0
17.878,0.037168,6.1955,39.472,0.00034499,0,7.7187,4.9048,0,0,0,0,0,0,0,0,0,0,0,0,0,0,0,0,0,0,0,0,0,0,0,0,0,0,7.7349,3.2765,0,13.267,0,0,0,0,0,0,0,0,0,0,0,0,0,0,0,0,0,0,0,0,0,0,0,0,0,0,0,0,0,0,0,0,0,0,0,0,0,0,0,0,0,0,0,0,0
8.2738,4.7453,0,0.00034499,26.188,5.1534,12.571,0.74673,0,0,0,0,0,0,0,0,0,0,0,0,0,0,0,0,0,0,0,0,0,0,0,0,0,0,0,3.0114,0.51748,0,0.026498,0,0,0,0,0,0,0,0,0,0,0,0,0,0,0,0,0,0,0,0,0,0,0,0,0,0,0,0,0,0,0,0,0,0,0,0,0,0,0,0,0,0,0,0.037919
0.65453,0,0,0,5.1534,38.791,12.635,3.233,10.515,16.583,0,0,0,0,0,0,0,0,0,0,0,0,0,0,0,0,0,0,0,0,0,0,0,0.004219,0,0.22011,0.074877,0,0,0,0,0,0,0,0,0,0,0,0,0,0,0,0,0,0,0,0,0,0,0,0,0,0,0,0,0,0,0,0,0,0,0,0,0,0,0,0,0,0,0,0,0,0.012146
11.09,6.6928,1.8646,7.7187,12.571,12.635,241.57,59.66,26.202,1.4846,0,2.7287,5.8827,0,0,0,0,0,0,0,0,0,0,0,0.050571,0,0,0,0,0,0,0,0,4.8566,4.1176,13.686,4.8167,0.11167,0.95783,0,0,0,0,0,0,0,0,2.0328,3.2705,0,0,0,0,0.38685,0,0,0,0,0,0,0,0,0,0,0,0,0,0,0,0,0,0,0,0,0,0,0,0,0,0,0,0,1.0128
1.1373,0,1.3011,4.9048,0.74673,3.233,59.66,404.32,10.889,13.932,14.119,13.627,49.877,39.364,0,0,0,0,0,0,0,0,0,0,0,0,0,0,0,0,0,0,0,18.969,6.5641,11.557,0,0.088823,7.2073,0,0,0,0,0,0,0,0,4.5644,58.724,0.090994,0,0,0.67605,2.0176,0,0,0,0,0,0,0,0,0,0,0,0,0,0,0,0,0,0,0,0,0,0,0,0,0,0,0,0,10.01
0,0,0,0,0,10.515,26.202,10.889,62.455,23.175,0,0,0,1.0624,0,0.46885,0.85364,0,0.42374,0,0,0,0,0,0,0,0,0,0,0.01928,0,0,0,2.4492,0.20517,1.1258,1.361,0,0.11676,0,0,0,0,0,0,0,0,0,0.38084,0.027148,0,0,0,0,0.00070761,0,0,0,0,0,0,0,0,0,0,0,0,0,0,0,0,0,0,0,0,0,0,0,0,0,0,0,0.61513
0,0,0,0,0,16.583,1.4846,13.932,23.175,184.78,32.999,0,0,6.8048,0,24.079,14.187,0,2.9317,0,0,0,0,0,0,0,0,0,0,0,0,0,0,19.511,0,7.1886,11.541,0,7.6061,0,0,0,0,0,0,0,0,0,0,0,0,0.39398,0,0,0.16286,0,0,0,0,0,0,0,0,0,0,0,0,0,0,0,0,0,0,0,0,0,0,0,0,0,0,0,21.274
0,0,0,0,0,0,0,14.119,0,32.999,70.106,0,0,20.962,2.9195,15.509,0,5.5164,0,11.719,0,0,0,0,0,0,0,0,0,0,0,0,0,4.643,0.024266,0,0.068517,0,0.29149,0,0,0,0,0,0,0,0,0,0,0,0,1.1173,0,0,0.87929,0.095173,0,0,0,0,0.61208,0,0,0,0,0,0,0,0,0,0,0,0,0,0,0,0,0,0,0,0,0,0
1.0309,0,0,0,0,0,2.7287,13.627,0,0,0,7.6261,3.4356,0,0,0,0,0,0,0,0,0,0,0,0,0,0,0,0,0,0,0,0,0,2.1216,0.25262,0,1.1634,0,0,0,0,0,0,0.85564,0,0,1.2447,2.272,0,0,0,2.0764,0,0,0,0,0,0,0,0,0,0,0,0,0,0,0,0,0,0,0,0,0,0,0,0,0,0,0,0,0,0
0,0,0,0,0,0,5.8827,49.877,0,0,0,3.4356,28.09,9.3864,0,0,0,0,0,0,0,0,0,0,0,0,0,0,0,0,0,0,0,0,0,0,0,0,0,0,0,0,0,0,0,0,0,1.4386,10.195,0,0,0,0.45904,8.8702,0.40894,0,0,0,0,0,0,0,0,0,0,0,0,0,0,0,0,0,0,0,0,0,0,0,0,0,0,0,0
0,0,0,0,0,0,0,39.364,1.0624,6.8048,20.962,0,9.3864,76.171,11.373,0,0,0.45225,0,13.139,0,0,0,0,0,0,0,0,0,0,0,0,0,0,0,0,0,0,0,0,0,0,0,0,0,0,0,0,7.4115,0.015694,0,1.4636,0,1.154,12.203,0.59006,0,0,0,0,0.76627,0,0,0,0,0,0,0,0,0,0,0,0,0,0,0,0,0,0,0,0,0,0
0,0,0,0,0,0,0,0,0,0,2.9195,0,0,11.373,41.707,0,0,0,0,45.432,0,0,0,2.9713,0,0.71692,0,0,0,0,0,0,0,0,0,0,0,0,0,2.4875,0,0,0,0,0,0,0,0,0,0,0,0,0,0,0,3.657,0,0,1.4927,0.27762,3.8438,0,0.017329,0.30643,0.15336,0.06469,0,0,0,0.0049544,0,0,0,0,0,0,0,0,0,0,0,0,0
0,0,0,0,0,0,0,0,0.46885,24.079,15.509,0,0,0,0,106.89,26.201,6.4209,1.4205,0.99996,0,0,0,0,0,0,0,0,0,0,0,0,0,2.6722,0,0,0,0,1.3669,0,0,0,0,0,0,0,0,0,0,0,0,0,0,0,0.0029045,0,0,0,0,0,0.13911,0,0,0,0,0,0,0,0,0,0,0,0,0,0,0,0,0,0,0,0,0,3.1314
0,0,0,0,0,0,0,0,0.85364,14.187,0,0,0,0,0,26.201,117.02,6.9306,25.435,0,0,0,0,0,0,0,0,0,0.66803,2.7344,7.8962,3.9348,0.58159,0,0,1.1108,0.37191,0,0.22388,0,0,0,0,0,0,0,0,0,0,0,0,0,0,0,0,0,0,0,0,0,0,0,0,0,0,0,0,0,0,0,0,0,0,0,0,0,0,0,0,0,0,0,0.52073
0,0,0,0,0,0,0,0,0,0,5.5164,0,0,0.45225,0,6.4209,6.9306,143.23,24.239,77.329,15.305,0.37901,9.6007,0.26752,0,0,0,0,0.54121,0.30217,0,0,0,4.6615,0,4.4977,4.5421,0,1.6109,0.53348,0.065384,0,0,0,0,0,0,0,0,0,0,0.025397,0,0,0.2357,0.088864,0,0,1.2698,0,2.0892,0,0,0,0,0,0,0,0,0,0,0,0,0,0,0,0,0,0,0,0,0,7.0489
0,0,0,0,0,0,0,0,0.42374,2.9317,0,0,0,0,0,1.4205,25.435,24.239,188.7,3.7329,0,0,27.27,0,1.0947,0,0,0,6.3868,23.739,9.0475,3.2994,0,0.24125,0,2.9949,1.4059,0,0.2665,0.79647,0.08905,0,0,0,0,0,0,0,0,0,0,0,0,0,0,0,0,0,0,0,0,0,0,0,0,0,0,0,0,0,0,0,0,0,0,0,0,0,0,0,0,0,0.9869
0,0,0,0,0,0,0,0,0,0,11.719,0,0,13.139,45.432,0.99996,0,77.329,3.7329,157.86,7.4697,5.1796,2.7964,1.9035,0.8755,0,0,0,0,0,0,0,0,0.93154,0,0,0,0,0.55415,1.5853,0,0,0,0,0,0,0,0,0,0,0,0,0,0,0.089801,0.59715,0,0,3.745,1.1355,13.593,0,0,0.80181,0,0.035604,0,0,0,0.0021347,0,0,0,0,0,0,0,0,0,0,0,0,1.1984
0,0,0,0,0,0,0,0,0,0,0,0,0,0,0,0,0,15.305,0,7.4697,28.747,36.78,19.075,1.3922,0.008594,0,0,0,0,0,0,0,0,0,0,0,0,0,0,0,0,0,0,0,0,0,0,0,0,0,0,0,0,0,0,0,0,0,0,0,0,0,0,0,0,0,0,0,0,0,0,0,0,0,0,0,0,0,0,0,0,0,0
0,0,0,0,0,0,0,0,0,0,0,0,0,0,0,0,0,0.37901,0,5.1796,36.78,47.493,46.242,43.415,0.95417,0,0,0,0,0,0,0,0,0,0,0,0,0,0,0,0,0,0,0,0,0,0,0,0,0,0,0,0,0,0,0,0,0,0,0,0,0,0,0,0,0,0,0,0,0,0,0,0,0,0,0,0,0,0,0,0,0,0
0,0,0,0,0,0,0,0,0,0,0,0,0,0,0,0,0,9.6007,27.27,2.7964,19.075,46.242,214.33,15.707,37.741,0,0,0.0019155,12.68,3.146,0,0.88351,0,0.17948,0,1.3616,0.5829,0,0.23019,1.0029,0.31101,0,0,0,0,0,0,0,0,0,0,0,0,0,0,0,0,0,0,0,0,0,0,0,0,0,0,0,0,0,0,0,0,0,0,0,0,0,0,0,0,0,0
0,0,0,0,0,0,0,0,0,0,0,0,0,0,2.9713,0,0,0.26752,0,1.9035,1.3922,43.415,15.707,63.224,8.9439,2.2893,0,0,0,0,0,0.42554,0,0.066306,0,0.47648,0.23504,0,0,8.1353,0,0,0,0,0,0,0,0,0,0,0,0,0,0,0,0,0,0,0.41281,0.039418,0.70272,0,0.10427,0.45015,0.33416,0.18032,0,0,0,0.020464,0,0,0,0,0,0,0,0,0,0,0,0,0.012194
0,0,0,0,0,0,0.050571,0,0,0,0,0,0,0,0,0,0,0,1.0947,0.8755,0.008594,0.95417,37.741,8.9439,101.3,2.1378,3.9851,1.8347,18.674,3.5701,0,2.4122,0,0,0,1.0451,0.37886,0,0.026253,16.365,1.5056,0,0,0,0,0,0,0,0,0,0,0,0,0,0,0,0,0,0,0,0.011603,0,0,0,0,0.0009951,0,0,0,0,0,0,0,0,0,0,0,0,0,0,0,0,0
0,0,0,0,0,0,0,0,0,0,0,0,0,0,0.71692,0,0,0,0,0,0,0,0,2.2893,2.1378,8.5243,0.58134,0,0.064033,0,0,0.045839,0,0,0,0,0,0,0,23.119,0,0,0,0,0,0,0,0,0,0,0,0,0,0,0,0,0,0,0,0,0,0,0,0,0,0,0,0,0,0,0,0,0,0,0,0,0,0,0,0,0,0,0
0,0,0,0,0,0,0,0,0,0,0,0,0,0,0,0,0,0,0,0,0,0,0,0,3.9851,0.58134,3.9815,0.64274,0,0,0,0,0,0,0,0,0,0,0,6.5363,4.2382,0,0,0,0,0,0,0,0,0,0,0,0,0,0,0,0,0,0,0,0,0,0,0,0,0,0,0,0,0,0,0,0,0,0,0,0,0,0,0,0,0,0
0,0,0,0,0,0,0,0,0,0,0,0,0,0,0,0,0,0,0,0,0,0,0.0019155,0,1.8347,0,0.64274,5.6664,2.2513,0,0,2.6489,0,0,0,0,0.21313,0,0,0.24385,4.0735,0,0,0,0,0,0,0,0,0,0,0,0,0,0,0,0,0,0,0,0,0,0,0,0,0,0,0,0,0,0,0,0,0,0,0,0,0,0,0,0,0,0
0,0,0,0,0,0,0,0,0,0,0,0,0,0,0,0,0.66803,0.54121,6.3868,0,0,0,12.68,0,18.674,0.064033,0,2.2513,121.35,26.692,0,6.7959,0,0,0,0.63235,0.41264,0,0,1.3326,0.81979,0,0,0,0,0,0,0,0,0,0,0,0,0,0,0,0,0,0,0,0,0,0,0,0,0,0,0,0,0,0,0,0,0,0,0,0,0,0,0,0,0,0.12731
0,0,0,0,0,0,0,0,0.01928,0,0,0,0,0,0,0,2.7344,0.30217,23.739,0,0,0,3.146,0,3.5701,0,0,0,26.692,98.091,20.94,16.728,0,0,0,1.5015,0.45053,0,0,0.34643,0.089322,0,0,0,0,0,0,0,0,0,0,0,0,0,0,0,0,0,0,0,0,0,0,0,0,0,0,0,0,0,0,0,0,0,0,0,0,0,0,0,0,0,0.083037
0,0,0,0,0,0,0,0,0,0,0,0,0,0,0,0,7.8962,0,9.0475,0,0,0,0,0,0,0,0,0,0,20.94,15.942,13.578,0,0,0,0.051837,0.032012,0,0.0028087,0.0086387,0,0,0,0,0,0,0,0,0,0,0,0,0,0,0,0,0,0,0,0,0,0,0,0,0,0,0,0,0,0,0,0,0,0,0,0,0,0,0,0,0,0,0.049677
0,0,0,0,0,0,0,0,0,0,0,0,0,0,0,0,3.9348,0,3.2994,0,0,0,0.88351,0.42554,2.4122,0.045839,0,2.6489,6.7959,16.728,13.578,144.48,9.541,0.020831,0,2.7204,0.37057,0,0.034077,3.311,0,0,0,0,0,0,0,0,0,0,0,0,0,0,0,0,0,0,0,0,0.01671,0,0,0,0,0.00011729,0,0,0,0,0,0,0,0,0,0,0,0,0,0,0,0,0.22765
0,0,0,0,0,0,0,0,0,0,0,0,0,0,0,0,0.58159,0,0,0,0,0,0,0,0,0,0,0,0,0,0,9.541,5.6596,0,0,0.20562,0.038649,0,0.002574,0.001537,0,0,0,0,0,0,0,0,0,0,0,0,0,0,0,0,0,0,0,0,0,0,0,0,0,0,0,0,0,0,0,0,0,0,0,0,0,0,0,0,0,0,0.019988
0,0,0,0,0,0.004219,4.8566,18.969,2.4492,19.511,4.643,0,0,0,0,2.6722,0,4.6615,0.24125,0.93154,0,0,0.17948,0.066306,0,0,0,0,0,0,0,0.020831,0,25.062,19.263,0,4.1278,0,10.795,11.99,1.9615,0,0,0,0,0,0,0,0,0,0,0,0,0,0,0,0,0,0,0,0,0,0,0,0,0,0,0,0,0,0,0,0,0,0,0,0,0,0,0,0,0,33.511
1.5618,0.21117,0,7.7349,0,0,4.1176,6.5641,0.20517,0,0.024266,2.1216,0,0,0,0,0,0,0,0,0,0,0,0,0,0,0,0,0,0,0,0,0,19.263,7.5297,6.9616,4.0492,3.5635,1.6603,0,0,0,0,0,0,0,0,0,0,0,0,0,0,0,0,0,0,0,0,0,0,0,0,0,0,0,0,0,0,0,0,0,0,0,0,0,0,0,0,0,0,0,0
8.3356,0,0,3.2765,3.0114,0.22011,13.686,11.557,1.1258,7.1886,0,0.25262,0,0,0,0,1.1108,4.4977,2.9949,0,0,0,1.3616,0.47648,1.0451,0,0,0,0.63235,1.5015,0.051837,2.7204,0.20562,0,6.9616,24.218,21.381,11.537,0.60391,0.88801,0,0,0,0,0,0,0,0,0,0,0,0,0,0,0,0,0,0,0,0,0,0,0,0,0,0,0,0,0,0,0,0,0,0,0,0,0,0,0,0,0,0,0.21751
0,0,0,0,0.51748,0.074877,4.8167,0,1.361,11.541,0.068517,0,0,0,0,0,0.37191,4.5421,1.4059,0,0,0,0.5829,0.23504,0.37886,0,0,0.21313,0.41264,0.45053,0.032012,0.37057,0.038649,4.1278,4.0492,21.381,14.708,2.5194,7.2553,1.6936,4.9721,0,0,0,0,0,0,0,0,0,0,0,0,0,0,0,0,0,0,0,0,0,0,0,0,0,0,0,0,0,0,0,0,0,0,0,0,0,0,0,0,0,35.273
6.2883,0,0,13.267,0,0,0.11167,0.088823,0,0,0,1.1634,0,0,0,0,0,0,0,0,0,0,0,0,0,0,0,0,0,0,0,0,0,0,3.5635,11.537,2.5194,7.42,0,0,0,0,0,0,0,0,0,0,0,0,0,0,0,0,0,0,0,0,0,0,0,0,0,0,0,0,0,0,0,0,0,0,0,0,0,0,0,0,0,0,0,0,0
0,0,0,0,0.026498,0,0.95783,7.2073,0.11676,7.6061,0.29149,0,0,0,0,1.3669,0.22388,1.6109,0.2665,0.55415,0,0,0.23019,0,0.026253,0,0,0,0,0,0.0028087,0.034077,0.002574,10.795,1.6603,0.60391,7.2553,0,1.1245,1.3998,1.8521,0,0,0,0,0,0,0,0,0,0,0,0,0,0,0,0,0,0,0,0,0,0,0,0,0,0,0,0,0,0,0,0,0,0,0,0,0,0,0,0,0,29.89
0,0,0,0,0,0,0,0,0,0,0,0,0,0,2.4875,0,0,0.53348,0.79647,1.5853,0,0,1.0029,8.1353,16.365,23.119,6.5363,0.24385,1.3326,0.34643,0.0086387,3.311,0.001537,11.99,0,0.88801,1.6936,0,1.3998,49.024,6.71,0,0,0,0,0,0,0,0,0,0,0,0,0,0,0,0,0,0,0,0,0,0,0,0,0,0,0,0,0,0,0,0,0,0,0,0,0,0,0,0,0,2.8399
0,0,0,0,0,0,0,0,0,0,0,0,0,0,0,0,0,0.065384,0.08905,0,0,0,0.31101,0,1.5056,0,4.2382,4.0735,0.81979,0.089322,0,0,0,1.9615,0,0,4.9721,0,1.8521,6.71,8.1291,0,0,0,0,0,0,0,0,0,0,0,0,0,0,0,0,0,0,0,0,0,0,0,0,0,0,0,0,0,0,0,0,0,0,0,0,0,0,0,0,0,0
0,0,0,0,0,0,0,0,0,0,0,0,0,0,0,0,0,0,0,0,0,0,0,0,0,0,0,0,0,0,0,0,0,0,0,0,0,0,0,0,0,69.554,5.7937,0,20.7,4.4446,0,14.773,0,0,0,0,0,0,0,0,0,0,0,0.11227,0,0,0,0,0,0.13401,0,0,0,0.16728,0,0.00026438,2.8014,0,0,3.0089,7.2861,0,2.9467,0,0,0,0
0,0,0,0,0,0,0,0,0,0,0,0,0,0,0,0,0,0,0,0,0,0,0,0,0,0,0,0,0,0,0,0,0,0,0,0,0,0,0,0,0,5.7937,10.597,0,0.1959,5.8412,0,1.6431,0,0,0,0,0,0,0,0,0,0,0,0,0,0,0,0,0,0,0,0,0,0,0,0,0,0,0,0,1.2938,0,0,0,0,0,0
0,0,0,0,0,0,0,0,0,0,0,0,0,0,0,0,0,0,0,0,0,0,0,0,0,0,0,0,0,0,0,0,0,0,0,0,0,0,0,0,0,0,0,2.7328,6.6876,0,0,2.9265,0.46526,0,0,0,0,0,0,0,0,0,0,0,0,0,0,0,0,0,0,0,0,0,0,0,0,0,0,0,0,0,0,0,0,0,0
0,0,0,0,0,0,0,0,0,0,0,0.85564,0,0,0,0,0,0,0,0,0,0,0,0,0,0,0,0,0,0,0,0,0,0,0,0,0,0,0,0,0,20.7,0.1959,6.6876,27.911,0,0,8.177,5.8014,0,0,0,4.6944,0,0,0,0,0,0,0,0,0,0,0,0,0,0,0,0,0,0,0,0,0,0,5.6996,2.5583,0,9.8774,0,0,0,0
0,0,0,0,0,0,0,0,0,0,0,0,0,0,0,0,0,0,0,0,0,0,0,0,0,0,0,0,0,0,0,0,0,0,0,0,0,0,0,0,0,4.4446,5.8412,0,0,46.925,10.029,20.586,0,0.15728,0,0,0,0,0,0,0,0.0023162,0,0.21673,0,0,0,0,0,0.12214,0,0,0,0.0066926,0,0,0.64961,0,0,0,3.3872,0,0,0,0,0,0
0,0,0,0,0,0,0,0,0,0,0,0,0,0,0,0,0,0,0,0,0,0,0,0,0,0,0,0,0,0,0,0,0,0,0,0,0,0,0,0,0,0,0,0,0,10.029,49.353,13.149,3.4205,13.332,16.769,0,0,0,0,0,0.41324,0.72771,0,0.15742,0,0,0,0,0,0,0,0,0,0,0,0.034881,0,0,0,0,0,0,0,0,0,0,0
0,0,0,0,0,0,2.0328,4.5644,0,0,0,1.2447,1.4386,0,0,0,0,0,0,0,0,0,0,0,0,0,0,0,0,0,0,0,0,0,0,0,0,0,0,0,0,14.773,1.6431,2.9265,8.177,20.586,13.149,217.77,48.496,24.347,1.47,0.0029955,5.3535,4.336,0,0,0.095763,0,0,0.09299,0.0017827,0,0,0,0,0.010021,0,0,0,0.027893,0,0.00065577,1.9377,0,3.7598,3.456,11.493,5.5406,0.39441,0,0,0,1.0882
0,0,0,0,0,0,3.2705,58.724,0.38084,0,0,2.272,10.195,7.4115,0,0,0,0,0,0,0,0,0,0,0,0,0,0,0,0,0,0,0,0,0,0,0,0,0,0,0,0,0,0.46526,5.8014,0,3.4205,48.496,292.44,10.579,11.4,5.0406,8.2646,24.637,20.711,0,0,0,0,0,0,0,0,0,0,0,0,0,0,0,0,0,0.19052,0,12.72,0,0,12.018,0,0,0,0,4.9993
0,0,0,0,0,0,0,0.090994,0.027148,0,0,0,0,0.015694,0,0,0,0,0,0,0,0,0,0,0,0,0,0,0,0,0,0,0,0,0,0,0,0,0,0,0,0,0,0,0,0.15728,13.332,24.347,10.579,91.523,31.107,0,0,0,0,0,0,0.27031,0,0,0,0,0,0,0,0,0,0,0,0,0,0,0,0,1.6458,0,0,2.5757,0,0,0,0,1.9516
0,0,0,0,0,0,0,0,0,0,0,0,0,0,0,0,0,0,0,0,0,0,0,0,0,0,0,0,0,0,0,0,0,0,0,0,0,0,0,0,0,0,0,0,0,0,16.769,1.47,11.4,31.107,185.22,21.206,0,0,0,0,31.247,9.6066,0,0,0,0,0,0,0,0,0,0,0,0,0,0.91678,0,0,12.959,0,13.324,24.067,0,0,0.12733,0,23.339
0,0,0,0,0,0,0,0,0,0.39398,1.1173,0,0,1.4636,0,0,0,0.025397,0,0,0,0,0,0,0,0,0,0,0,0,0,0,0,0,0,0,0,0,0,0,0,0,0,0,0,0,0,0.0029955,5.0406,0,21.206,26.599,0,0,6.2778,0,10.489,0,4.617,0,0,0,0,0,0,0,0,0,0,0,0,0,0,0,1.1919,0,0,0.50352,0.052766,0,0.071196,0,1.5702
0,0,0,0,0,0,0,0.67605,0,0,0,2.0764,0.45904,0,0,0,0,0,0,0,0,0,0,0,0,0,0,0,0,0,0,0,0,0,0,0,0,0,0,0,0,0,0,0,4.6944,0,0,5.3535,8.2646,0,0,0,7.8955,4.3667,0,0,0,0,0,0,0,0,0,0,0,0,0,0,0,0,0,0,0,0,0,0.18966,0,0,0,0,0,0,0
0,0,0,0,0,0,0.38685,2.0176,0,0,0,0,8.8702,1.154,0,0,0,0,0,0,0,0,0,0,0,0,0,0,0,0,0,0,0,0,0,0,0,0,0,0,0,0,0,0,0,0,0,4.336,24.637,0,0,0,4.3667,13.597,10.664,0,0,0,0,0,0,0,0,0,0,0,0,0,0,0,0,0,0,0,0,0,0,0,0,0,0,0,0
0,0,0,0,0,0,0,0,0.00070761,0.16286,0.87929,0,0.40894,12.203,0,0.0029045,0,0.2357,0,0.089801,0,0,0,0,0,0,0,0,0,0,0,0,0,0,0,0,0,0,0,0,0,0,0,0,0,0,0,0,20.711,0,0,6.2778,0,10.664,39.27,10.948,0,0,0,0,11.882,0,0,0,0,0,0,0,0,0,0,0,0,0,0,0,0,0,0.008644,0,0,0,0
0,0,0,0,0,0,0,0,0,0,0.095173,0,0,0.59006,3.657,0,0,0.088864,0,0.59715,0,0,0,0,0,0,0,0,0,0,0,0,0,0,0,0,0,0,0,0,0,0,0,0,0,0,0,0,0,0,0,0,0,0,10.948,23.56,0,0,0,0,23.407,0,0,0,1.7695,0,0.9378,0,0,0,0,0,0,0,0,0,0,0,0,0,1.6355,0,0
0,0,0,0,0,0,0,0,0,0,0,0,0,0,0,0,0,0,0,0,0,0,0,0,0,0,0,0,0,0,0,0,0,0,0,0,0,0,0,0,0,0,0,0,0,0,0.41324,0.095763,0,0,31.247,10.489,0,0,0,0,173.51,31.918,22.776,0,1.0906,0,0,0,0,0,0,0,0,0,0,0,0,0,0,0,3.3168,3.0815,0,0,0.34417,0,6.187
0,0,0,0,0,0,0,0,0,0,0,0,0,0,0,0,0,0,0,0,0,0,0,0,0,0,0,0,0,0,0,0,0,0,0,0,0,0,0,0,0,0,0,0,0,0.0023162,0.72771,0,0,0.27031,9.6066,0,0,0,0,0,31.918,139.37,11.585,27.599,0,0,0,0,0,0,0,0,0,1.6055,4.7218,18.203,5.5614,0.4183,0,0,1.0187,0.30763,0,0,0,0,0
0,0,0,0,0,0,0,0,0,0,0,0,0,0,1.4927,0,0,1.2698,0,3.745,0,0,0,0.41281,0,0,0,0,0,0,0,0,0,0,0,0,0,0,0,0,0,0,0,0,0,0,0,0,0,0,0,4.617,0,0,0,0,22.776,11.585,152.13,29.359,56.673,12.46,2.4482,8.3655,0.34358,0,0,0,0,0,0,0.44731,0,0,4.1598,0,4.2263,5.8367,0,1.6954,0.48829,0,5.9087
0,0,0,0,0,0,0,0,0,0,0,0,0,0,0.27762,0,0,0,0,1.1355,0,0,0,0.039418,0,0,0,0,0,0,0,0,0,0,0,0,0,0,0,0,0,0.11227,0,0,0,0.21673,0.15742,0.09299,0,0,0,0,0,0,0,0,0,27.599,29.359,181.39,2.7606,0,0,31.302,0,0.75649,0,0,0,5.5021,15.451,17.811,7.0648,1.1003,0.54363,0,1.3869,1.9187,0,0.68637,0.89719,0.71104,1.1127
0,0,0,0,0,0,0,0,0,0,0.61208,0,0,0.76627,3.8438,0.13911,0,2.0892,0,13.593,0,0,0,0.70272,0.011603,0,0,0,0,0,0,0.01671,0,0,0,0,0,0,0,0,0,0,0,0,0,0,0,0.0017827,0,0,0,0,0,0,11.882,23.407,1.0906,0,56.673,2.7606,109.2,2.0043,1.7296,1.6002,1.5101,0,0,0,0,0,0,0,0,0,0.50674,0.0071488,0,0.41981,0.0002092,0.2418,1.471,0.06139,1.3761
0,0,0,0,0,0,0,0,0,0,0,0,0,0,0,0,0,0,0,0,0,0,0,0,0,0,0,0,0,0,0,0,0,0,0,0,0,0,0,0,0,0,0,0,0,0,0,0,0,0,0,0,0,0,0,0,0,0,12.46,0,2.0043,14.39,18.093,4.8681,0.23574,0,0,0,0,0,0,0,0,0,0,0,0,0,0,0,0,0,0
0,0,0,0,0,0,0,0,0,0,0,0,0,0,0.017329,0,0,0,0,0,0,0,0,0.10427,0,0,0,0,0,0,0,0,0,0,0,0,0,0,0,0,0,0,0,0,0,0,0,0,0,0,0,0,0,0,0,0,0,0,2.4482,0,1.7296,18.093,26.501,23.865,31.331,1.5373,0,0,0,0.12494,0,0,0,0,0,0,0,0,0,0,0.71014,0,0
0,0,0,0,0,0,0,0,0,0,0,0,0,0,0.30643,0,0,0,0,0.80181,0,0,0,0.45015,0,0,0,0,0,0,0,0,0,0,0,0,0,0,0,0,0,0,0,0,0,0,0,0,0,0,0,0,0,0,0,0,0,0,8.3655,31.302,1.6002,4.8681,23.865,238.46,13.619,23.559,0,0,0,9.5978,0,0,0,0,0.055515,0,0.54308,0,0,0.075229,0.7632,0,0.092598
0,0,0,0,0,0,0,0,0,0,0,0,0,0,0.15336,0,0,0,0,0,0,0,0,0.33416,0,0,0,0,0,0,0,0,0,0,0,0,0,0,0,0,0,0,0,0,0,0,0,0,0,0,0,0,0,0,0,1.7695,0,0,0.34358,0,1.5101,0.23574,31.331,13.619,83.217,8.9481,4.2762,0,0,0.27089,0,0,0,0,0,0,0,0,0,0,7.4583,0,0
0,0,0,0,0,0,0,0,0,0,0,0,0,0,0.06469,0,0,0,0,0.035604,0,0,0,0.18032,0.0009951,0,0,0,0,0,0,0.00011729,0,0,0,0,0,0,0,0,0,0.13401,0,0,0,0.12214,0,0.010021,0,0,0,0,0,0,0,0,0,0,0,0.75649,0,0,1.5373,23.559,8.9481,97.368,2.6628,3.2554,1.5733,24.13,4.1428,0,3.0769,0,0,0,0.58562,0.31974,0,0,18.199,2.7774,0
0,0,0,0,0,0,0,0,0,0,0,0,0,0,0,0,0,0,0,0,0,0,0,0,0,0,0,0,0,0,0,0,0,0,0,0,0,0,0,0,0,0,0,0,0,0,0,0,0,0,0,0,0,0,0,0.9378,0,0,0,0,0,0,0,0,4.2762,2.6628,10.837,1.7278,0,0,0,0,0,0,0,0,0,0,0,0,20.139,0,0
0,0,0,0,0,0,0,0,0,0,0,0,0,0,0,0,0,0,0,0,0,0,0,0,0,0,0,0,0,0,0,0,0,0,0,0,0,0,0,0,0,0,0,0,0,0,0,0,0,0,0,0,0,0,0,0,0,0,0,0,0,0,0,0,0,3.2554,1.7278,4.2326,1.0694,0.0006052,0,0,0,0,0,0,0,0,0,0,9.7271,4.4557,0
0,0,0,0,0,0,0,0,0,0,0,0,0,0,0,0,0,0,0,0,0,0,0,0,0,0,0,0,0,0,0,0,0,0,0,0,0,0,0,0,0,0,0,0,0,0,0,0,0,0,0,0,0,0,0,0,0,0,0,0,0,0,0,0,0,1.5733,0,1.0694,8.6759,0.92193,1.4004,0,3.1773,0,0.35936,0,0,0.66681,0,0,0.46682,3.6986,0
0,0,0,0,0,0,0,0,0,0,0,0,0,0,0.0049544,0,0,0,0,0.0021347,0,0,0,0.020464,0,0,0,0,0,0,0,0,0,0,0,0,0,0,0,0,0,0.16728,0,0,0,0.0066926,0,0.027893,0,0,0,0,0,0,0,0,0,1.6055,0,5.5021,0,0,0.12494,9.5978,0.27089,24.13,0,0.0006052,0.92193,136.39,50.696,3.2702,3.2141,0,0,0,0.33157,0.4374,0,0,1.0632,0.26514,0.0062323
0,0,0,0,0,0,0,0,0,0,0,0,0,0,0,0,0,0,0,0,0,0,0,0,0,0,0,0,0,0,0,0,0,0,0,0,0,0,0,0,0,0,0,0,0,0,0,0,0,0,0,0,0,0,0,0,0,4.7218,0,15.451,0,0,0,0,0,4.1428,0,0,1.4004,50.696,105.18,34.605,20.104,0,0,0,0,0,0,0,1.2338,0.11934,0
0,0,0,0,0,0,0,0,0,0,0,0,0,0,0,0,0,0,0,0,0,0,0,0,0,0,0,0,0,0,0,0,0,0,0,0,0,0,0,0,0,0.00026438,0,0,0,0,0.034881,0.00065577,0,0,0.91678,0,0,0,0,0,0,18.203,0.44731,17.811,0,0,0,0,0,0,0,0,0,3.2702,34.605,23.724,19.237,0.31446,0,0,0.37671,0.070946,0,0,0,0,0
0,0,0,0,0,0,0,0,0,0,0,0,0,0,0,0,0,0,0,0,0,0,0,0,0,0,0,0,0,0,0,0,0,0,0,0,0,0,0,0,0,2.8014,0,0,0,0.64961,0,1.9377,0.19052,0,0,0,0,0,0,0,0,5.5614,0,7.0648,0,0,0,0,0,3.0769,0,0,3.1773,3.2141,20.104,19.237,125.03,9.8916,0.29233,0,3.7077,0.83205,0,0,1.0696,0.49198,0
0,0,0,0,0,0,0,0,0,0,0,0,0,0,0,0,0,0,0,0,0,0,0,0,0,0,0,0,0,0,0,0,0,0,0,0,0,0,0,0,0,0,0,0,0,0,0,0,0,0,0,0,0,0,0,0,0,0.4183,0,1.1003,0,0,0,0,0,0,0,0,0,0,0,0.31446,9.8916,8.1874,0,0,0,0,0,0,0,0,0
0,0,0,0,0,0,0,0,0,0,0,0,0,0,0,0,0,0,0,0,0,0,0,0,0,0,0,0,0,0,0,0,0,0,0,0,0,0,0,0,0,0,0,0,0,0,0,3.7598,12.72,1.6458,12.959,1.1919,0,0,0,0,0,0,4.1598,0.54363,0.50674,0,0,0.055515,0,0,0,0,0.35936,0,0,0,0.29233,0,24.17,9.8207,0.7519,5.7506,0,6.8842,21.202,2.8039,23.187
0,0,0,0,0,0,0,0,0,0,0,0,0,0,0,0,0,0,0,0,0,0,0,0,0,0,0,0,0,0,0,0,0,0,0,0,0,0,0,0,0,3.0089,0,0,5.6996,0,0,3.456,0,0,0,0,0.18966,0,0,0,0,0,0,0,0.0071488,0,0,0,0,0,0,0,0,0,0,0,0,0,9.8207,7.8217,4.6126,0,6.1571,0,0,0,0
0,0,0,0,0,0,0,0,0,0,0,0,0,0,0,0,0,0,0,0,0,0,0,0,0,0,0,0,0,0,0,0,0,0,0,0,0,0,0,0,0,7.2861,1.2938,0,2.5583,3.3872,0,11.493,0,0,13.324,0,0,0,0,0,3.3168,1.0187,4.2263,1.3869,0,0,0,0.54308,0,0.58562,0,0,0,0.33157,0,0.37671,3.7077,0,0.7519,4.6126,18.056,36.122,6.7114,0,0.72604,1.068,0
0,0,0,0,0,0,0,0,0,0,0,0,0,0,0,0,0,0,0,0,0,0,0,0,0,0,0,0,0,0,0,0,0,0,0,0,0,0,0,0,0,0,0,0,0,0,0,5.5406,12.018,2.5757,24.067,0.50352,0,0,0,0,3.0815,0.30763,5.8367,1.9187,0.41981,0,0,0,0,0.31974,0,0,0.66681,0.4374,0,0.070946,0.83205,0,5.7506,0,36.122,21.034,2.2424,0,3.6957,3.636,60.591
0,0,0,0,0,0,0,0,0,0,0,0,0,0,0,0,0,0,0,0,0,0,0,0,0,0,0,0,0,0,0,0,0,0,0,0,0,0,0,0,0,2.9467,0,0,9.8774,0,0,0.39441,0,0,0,0.052766,0,0,0.008644,0,0,0,0,0,0.0002092,0,0,0,0,0,0,0,0,0,0,0,0,0,0,6.1571,6.7114,2.2424,5.6872,0,0,0,0
0,0,0,0,0,0,0,0,0,0,0,0,0,0,0,0,0,0,0,0,0,0,0,0,0,0,0,0,0,0,0,0,0,0,0,0,0,0,0,0,0,0,0,0,0,0,0,0,0,0,0,0,0,0,0,0,0,0,1.6954,0.68637,0.2418,0,0,0.075229,0,0,0,0,0,0,0,0,0,0,6.8842,0,0,0,0,1.1236,0,0,20.035
0,0,0,0,0,0,0,0,0,0,0,0,0,0,0,0,0,0,0,0,0,0,0,0,0,0,0,0,0,0,0,0,0,0,0,0,0,0,0,0,0,0,0,0,0,0,0,0,0,0,0.12733,0.071196,0,0,0,1.6355,0.34417,0,0.48829,0.89719,1.471,0,0.71014,0.7632,7.4583,18.199,20.139,9.7271,0.46682,1.0632,1.2338,0,1.0696,0,21.202,0,0.72604,3.6957,0,0,51.275,7.8905,1.4342
0,0,0,0,0,0,0,0,0,0,0,0,0,0,0,0,0,0,0,0,0,0,0,0,0,0,0,0,0,0,0,0,0,0,0,0,0,0,0,0,0,0,0,0,0,0,0,0,0,0,0,0,0,0,0,0,0,0,0,0.71104,0.06139,0,0,0,0,2.7774,0,4.4557,3.6986,0.26514,0.11934,0,0.49198,0,2.8039,0,1.068,3.636,0,0,7.8905,7.3125,0.54947
0,0,0,0,0.037919,0.012146,1.0128,10.01,0.61513,21.274,0,0,0,0,0,3.1314,0.52073,7.0489,0.9869,1.1984,0,0,0,0.012194,0,0,0,0,0.12731,0.083037,0.049677,0.22765,0.019988,33.511,0,0.21751,35.273,0,29.89,2.8399,0,0,0,0,0,0,0,1.0882,4.9993,1.9516,23.339,1.5702,0,0,0,0,6.187,0,5.9087,1.1127,1.3761,0,0,0.092598,0,0,0,0,0,0.0062323,0,0,0,0,23.187,0,0,60.591,0,20.035,1.4342,0.54947,0
