78.84,11.498,2.9049,25.534,5.9016,0,8.6874,0,0,0,0,0,0,0,0,0,0,0,0,0,0,0,0,0,0,0,0,0,0,0,0,0,0,0,2.1637,9.4351,0,6.053,0,0,0,0,0,0,0,0,0,0,0,0,0,0,0,0,0,0,0,0,0,0,0,0,0,0,0,0,0,0,0,0,0,0,0,0,0,0,0,0,0,0,0,0,0
11.498,20.268,0,0,4.7884,0,12.838,0,0,0,0,0,0,0,0,0,0,0,0,0,0,0,0,0,0,0,0,0,0,0,0,0,0,0,0,0,0,0,0,0,0,0,0,0,0,0,0,0,0,0,0,0,0,0,0,0,0,0,0,0,0,0,0,0,0,0,0,0,0,0,0,0,0,0,0,0,0,0,0,0,0,0,0
2.9049,0,2.4755,7.9391,0,0,2.0248,1.1479,0,0,0,0,0,0,0,0,0,0,0,0,0,0,0,0,0,0,0,0,0,0,0,0,0,0,0,0.55265,0,0,0,0,0,0,0,0,0,0,0,0,0,0,0,0,0,0,0,0,0,0,0,0,0,0,0,0,0,0,0,0,0,0,0,0,0,0,0,0,0,0,0,0,0,0,0
25.534,0,7.9391,33.52,0,0,8.5514,2.8084,0,0,0,3.544,0,0.017849,0,0,0,0,0,0,0,0,0,0,0,0,0,0,0,0,0,0,0,0.21426,7.513,3.5501,0.53509,8.6055,0,0,0,0,0,0,5.7403,0,0,1.1036,1.32,0,0,0,0,0,0,0,0,0,0,0,0,0,0,0,0,0,0,0,0,0,0,0,0,0,0,0,0,0,0,0,0,0,0.0023959
5.9016,4.7884,0,0,48.86,5.7696,10.618,0,0,0,0,0,0,0,0,0,0,0,0,0,0,0,0,0,0,0,0,0,0,0,0,0,0,0,0,0,0,0,0,0,0,0,0,0,0,0,0,0,0,0,0,0,0,0,0,0,0,0,0,0,0,0,0,0,0,0,0,0,0,0,0,0,0,0,0,0,0,0,0,0,0,0,0
0,0,0,0,5.7696,32.017,15.64,2.6224,11.238,13.51,0,0,0,0,0,0.094716,0.68436,0.001389,0.13453,0,0,0,0,0,0,0,0,0,0.04148,0,0.098534,0,0,0.004726,0,0.23262,0.074922,0,0,0,0,0,0,0,0,0,0,0,0,0,0,0,0,0,0,0,0,0,0,0,0,0,0,0,0,0,0,0,0,0,0,0,0,0,0,0,0,0,0,0,0,0,0.012965
8.6874,12.838,2.0248,8.5514,10.618,15.64,202.57,44.547,29.727,1.3936,0,0,4.8344,0,0,0,0.51742,0.21961,0.24294,0,0,0,0,0,0,0,0,0,0,0,0,0,0,5.16,5.0073,14.224,5.9099,0,1.0347,0,0,0,0,0,0,0,0,2.1977,3.5896,0,0,0,0,0.31893,0,0,0,0,0,0,0,0,0,0,0,0,0,0,0,0,0,0,0,0,0,0,0,0,0,0,0,0,1.2014
0,0,1.1479,2.8084,0,2.6224,44.547,436.65,9.5002,15.948,15.17,9.3446,48.759,38.307,0,0.058353,0,0.053899,0,0,0.00072753,0.0075264,0,0,0,0,0,0,0,0,0,0,0,21.896,6.5167,9.129,11.966,0,7.1651,0,0,0,0,0,1.5307,0,0,4.865,60.67,0,0,0,0.5939,1.3698,0,0,0,0,0,0,0,0,0,0,0,0,0,0,0,0,0,0,0,0,0,0,0,0,0,0,0,0,9.9384
0,0,0,0,0,11.238,29.727,9.5002,70.715,30.212,0,0,0,0,0,0.55824,1.2351,0.60454,0.60068,0,0,0,0,0,0,0,0,0,0,0.023711,0.10613,0,0,2.7015,0.16566,2.0433,1.6285,0,0,0,0,0,0,0,0,0,0,0,0,0,0,0,0,0,0,0,0,0,0,0,0,0,0,0,0,0,0,0,0,0,0,0,0,0,0,0,0,0,0,0,0,0,0.59524
0,0,0,0,0,13.51,1.3936,15.948,30.212,203.41,47.279,0,0,7.139,0,25.915,15.925,4.1407,2.563,0,0,0,0,0,0,0,0,0,0,0,0,0,0,22.319,0,9.6401,0,0,0,0,0,0,0,0,0,0,0,0,0,0,0,0,0,0,0,0,0,0,0,0,0,0,0,0,0,0,0,0,0,0,0,0,0,0,0,0,0,0,0,0,0,0,24.755
0,0,0,0,0,0,0,15.17,0,47.279,95.327,0,0,18.597,3.1468,22.484,0,6.7348,0,12.115,0,0,0,0,0,0,0,0,0,0,0,0,0,4.2226,0.026863,0,0,0,0,0,0,0,0,0,0,0,0,0,0,0,0,0,0,0,0,0,0,0,0,0,0,0,0,0,0,0,0,0,0,0,0,0,0,0,0,0,0,0,0,0,0,0,0
0,0,0,3.544,0,0,0,9.3446,0,0,0,6.5824,4.3753,0,0,0,0,0,0,0,0,0,0,0,0,0,0,0,0,0,0,0,0,0,0.82669,0,0,0.85033,0,0,0,0,0,0,0.83837,0,0,1.1145,1.972,0,0,0,2.2046,0,0,0,0,0,0,0,0,0,0,0,0,0,0,0,0,0,0,0,0,0,0,0,0,0,0,0,0,0,0
0,0,0,0,0,0,4.8344,48.759,0,0,0,4.3753,34.846,10.781,0,0,0,0,0,0,0,0,0,0,0,0,0,0,0,0,0,0,0,0.040667,0.63857,0.0086776,0.086535,0,0.006441,0,0,0,0,0,0.039135,0,0,1.1418,9.3916,0,0,0,0.77486,8.4879,0,0,0,0,0,0,0,0,0,0,0,0,0,0,0,0,0,0,0,0,0,0,0,0,0,0,0,0,0.033214
0,0,0,0.017849,0,0,0,38.307,0,7.139,18.597,0,10.781,93.785,11.858,0.52586,0,0.42224,0,12.971,0,0,0,0,0,0,0,0,0,0,0,0,0,1.4145,0.018591,0.0054318,0,0,0,0,0,0,0,0,0.00025375,0,0,0,6.1743,0.015249,0,0,0,0,8.4833,0,0,0,0,0,0,0,0,0,0,0,0,0,0,0,0,0,0,0,0,0,0,0,0,0,0,0,0
0,0,0,0,0,0,0,0,0,0,3.1468,0,0,11.858,25.605,0,0,3.3887,0,44.954,0,0.0046685,0,1.953,0,0,0,0,0,0,0,0,0,0,0,0,0.065014,0,0,2.7779,0,0,0,0,0,0,0,0,0,0,0,0,0,0,1.3084,6.4408,0,0,1.3597,0,3.2343,0,0,0,0,0,0,0,0,0,0,0,0,0,0,0,0,0,0,0,0,0,0
0,0,0,0,0,0.094716,0,0.058353,0.55824,25.915,22.484,0,0,0.52586,0,116.4,30.99,14.351,1.1196,0,0,0,0,0,0,0,0,0,0,0,0,0,0,2.8924,0,2.5366,2.4414,0,0,0,0,0,0,0,0,0,0,0,0,0,0,0,0,0,0,0,0,0,0,0,0,0,0,0,0,0,0,0,0,0,0,0,0,0,0,0,0,0,0,0,0,0,2.6244
0,0,0,0,0,0.68436,0.51742,0,1.2351,15.925,0,0,0,0,0,30.99,108.67,9.3327,33.038,0,0,0,0,0,0,0,0,0,0.74389,3.3109,15.196,4.5548,1.3459,0,0,1.0656,0,0,0,0,0,0,0,0,0,0,0,0,0,0,0,0,0,0,0,0,0,0,0,0,0,0,0,0,0,0,0,0,0,0,0,0,0,0,0,0,0,0,0,0,0,0,0
0,0,0,0,0,0.001389,0.21961,0.053899,0.60454,4.1407,6.7348,0,0,0.42224,3.3887,14.351,9.3327,198.12,30.918,102.27,19.354,0.61386,11.127,0.21505,0,0,0,0,0,0.37008,0.086526,0.39725,0,5.4641,0.0060104,4.2289,4.7622,0,1.5404,0.49224,0.063487,0,0,0,0,0,0,0,0,0,0,0,0,0,0.26746,0,0,0,0,0,2.2651,0,0,0,0.010242,0,0,0,0,0,0,0,0,0,0,0,0,0,0,0,0,0,6.302
0,0,0,0,0,0.13453,0.24294,0,0.60068,2.563,0,0,0,0,0,1.1196,33.038,30.918,234.34,0,0.14854,0,29.25,0.4378,1.3637,0,0,0,6.9389,25.359,19.813,0,0,0,0,3.3042,1.5822,0,0,0.83771,0,0,0,0,0,0,0,0,0,0,0,0,0,0,0,0,0,0,0,0,0,0,0,0,0,0,0,0,0,0,0,0,0,0,0,0,0,0,0,0,0,0,1.0951
0,0,0,0,0,0,0,0,0,0,12.115,0,0,12.971,44.954,0,0,102.27,0,211.2,8.4305,9.2557,2.6101,2.578,0.56357,0,0,0,0,0.74386,0,0.285,0,1.2089,0,0,0.79589,0,0.6536,1.6475,0,0,0,0,0,0,0,0,0,0,0,0,0,0,0,0,0,0,4.5323,0,14.584,1.232,0.3918,0,0.087693,0.055115,0,0,0,0,0,0,0,0,0,0,0,0,0,0,0,0,1.5351
0,0,0,0,0,0,0,0.00072753,0,0,0,0,0,0,0,0,0,19.354,0.14854,8.4305,47.593,36.984,10.228,0,0,0,0,0,0,0.0033918,0,0.0011681,0,0.003731,0.00036098,0,0.028615,0,0,0.0033889,0,0,0,0,0,0,0,0,0,0,0,0,0,0,0.00050225,0,0,0,0.23712,0,0.2735,0.1307,0,0,0.022989,0,0,0,0,0,0,0,0,0,0,0,0,0,0,0,0,0,0
0,0,0,0,0,0,0,0.0075264,0,0,0,0,0,0,0.0046685,0,0,0.61386,0,9.2557,36.984,41.476,38.64,45.106,0.91975,0,0,0,0,1.2928,1.1758,0.18583,0,0,0.000221,0.3687,0,0,0,0.47079,0,0,0,0,0,0,0,0,0,0,0,0,0,0,0.0020315,0,0,0,0.053073,0,0.99425,0.052716,0,0,0.0021191,0,0,0,0,0,0,0,0,0,0,0,0,0,0,0,0,0,0
0,0,0,0,0,0,0,0,0,0,0,0,0,0,0,0,0,11.127,29.25,2.6101,10.228,38.64,193.47,14.308,25.552,0,0,0,8.5301,4.0219,2.2882,0.93761,0,0,0,1.5119,0.63796,0,0,0.98991,0.37305,0,0,0,0,0,0,0,0,0,0,0,0,0,0,0,0,0,0,0,0.29694,0,0,0,0,0,0,0,0,0,0,0,0,0,0,0,0,0,0,0,0,0,0
0,0,0,0,0,0,0,0,0,0,0,0,0,0,1.953,0,0,0.21505,0.4378,2.578,0,45.106,14.308,77.262,5.5305,0,0,0,0,1.5884,0,0,0,0,0,0,0,0,0,6.5222,0,0,0,0,0,0,0,0,0,0,0,0,0,0,0,0,0,0,0.42555,0,0.61958,0.3539,0.13326,0,0.33966,0.28585,0,0,0,0,0,0,0,0,0,0,0,0,0,0,0,0,0
0,0,0,0,0,0,0,0,0,0,0,0,0,0,0,0,0,0,1.3637,0.56357,0,0.91975,25.552,5.5305,63.562,2.3806,2.4152,1.453,14.325,2.231,0,1.2588,0,0,0,0,0,0,0,11.028,0.73743,0,0,0,0,0,0,0,0,0,0,0,0,0,0,0,0,0,0,0,0,0,0,0,0,0,0,0,0,0,0,0,0,0,0,0,0,0,0,0,0,0,0
0,0,0,0,0,0,0,0,0,0,0,0,0,0,0,0,0,0,0,0,0,0,0,0,2.3806,7.5882,0,0,0,0,0,0,0,0,0,0,0,0,0,20.945,0,0,0,0,0,0,0,0,0,0,0,0,0,0,0,0,0,0,0,0,0,0,0,0,0,0,0,0,0,0,0,0,0,0,0,0,0,0,0,0,0,0,0
0,0,0,0,0,0,0,0,0,0,0,0,0,0,0,0,0,0,0,0,0,0,0,0,2.4152,0,3.0617,0.57558,0.25157,0,0,0,0,0,0,0,0,0,0,5.9219,2.71,0,0,0,0,0,0,0,0,0,0,0,0,0,0,0,0,0,0,0,0,0,0,0,0,0,0,0,0,0,0,0,0,0,0,0,0,0,0,0,0,0,0
0,0,0,0,0,0,0,0,0,0,0,0,0,0,0,0,0,0,0,0,0,0,0,0,1.453,0,0.57558,6.5337,2.0565,0.49824,0,1.4542,0,0,0,0,0,0,0,0,2.7434,0,0,0,0,0,0,0,0,0,0,0,0,0,0,0,0,0,0,0,0,0,0,0,0,0,0,0,0,0,0,0,0,0,0,0,0,0,0,0,0,0,0
0,0,0,0,0,0.04148,0,0,0,0,0,0,0,0,0,0,0.74389,0,6.9389,0,0,0,8.5301,0,14.325,0,0.25157,2.0565,89.621,21.614,0,4.1265,0,0,0,0,0,0,0,1.5153,0.55114,0,0,0,0,0,0,0,0,0,0,0,0,0,0,0,0,0,0,0,0,0,0,0,0,0,0,0,0,0,0,0,0,0,0,0,0,0,0,0,0,0,0
0,0,0,0,0,0,0,0,0.023711,0,0,0,0,0,0,0,3.3109,0.37008,25.359,0.74386,0.0033918,1.2928,4.0219,1.5884,2.231,0,0,0.49824,21.614,118.53,30.4,15.352,0,0,0,0,0,0,0,0.21648,0,0,0,0,0,0,0,0,0,0,0,0,0,0,0,0,0,0,0,0,0,0,0,0,0,0,0,0,0,0,0,0,0,0,0,0,0,0,0,0,0,0,0
0,0,0,0,0,0.098534,0,0,0.10613,0,0,0,0,0,0,0,15.196,0.086526,19.813,0,0,1.1758,2.2882,0,0,0,0,0,0,30.4,30.586,8.893,0,0,0,0,0,0,0,0.0059379,0,0,0,0,0,0,0,0,0,0,0,0,0,0,0,0,0,0,0,0,0,0,0,0,0,0,0,0,0,0,0,0,0,0,0,0,0,0,0,0,0,0,0
0,0,0,0,0,0,0,0,0,0,0,0,0,0,0,0,4.5548,0.39725,0,0.285,0.0011681,0.18583,0.93761,0,1.2588,0,0,1.4542,4.1265,15.352,8.893,116.31,5.8425,0,0.0042843,2.4519,0,0,0,2.1551,0.16975,0,0,0,0,0,0,0,0,0,0,0,0,0,0,0,0,0,0,0,0,0,0,0,0,0,0,0,0,0,0,0,0,0,0,0,0,0,0,0,0,0,0
0,0,0,0,0,0,0,0,0,0,0,0,0,0,0,0,1.3459,0,0,0,0,0,0,0,0,0,0,0,0,0,0,5.8425,9.0105,0,0,0.21466,0,0,0,0,0,0,0,0,0,0,0,0,0,0,0,0,0,0,0,0,0,0,0,0,0,0,0,0,0,0,0,0,0,0,0,0,0,0,0,0,0,0,0,0,0,0,0
0,0,0,0.21426,0,0.004726,5.16,21.896,2.7015,22.319,4.2226,0,0.040667,1.4145,0,2.8924,0,5.4641,0,1.2089,0.003731,0,0,0,0,0,0,0,0,0,0,0,0,22.625,21.489,1.7829,4.5667,0,6.8349,6.3053,0,0,0,0,0,0,0,0,0,0,0,0,0,0,0,0,0,0,0,0,0,0,0,0,0,0,0,0,0,0,0,0,0,0,0,0,0,0,0,0,0,0,39.13
2.1637,0,0,7.513,0,0,5.0073,6.5167,0.16566,0,0.026863,0.82669,0.63857,0.018591,0,0,0,0.0060104,0,0,0.00036098,0.000221,0,0,0,0,0,0,0,0,0,0.0042843,0,21.489,10.341,8.2827,5.1192,4.7445,2.2919,0,0,0,0,0,0,0,0,0,0,0,0,0,0,0,0,0,0,0,0,0,0,0,0,0,0,0,0,0,0,0,0,0,0,0,0,0,0,0,0,0,0,0,0.96837
9.4351,0,0.55265,3.5501,0,0.23262,14.224,9.129,2.0433,9.6401,0,0,0.0086776,0.0054318,0,2.5366,1.0656,4.2289,3.3042,0,0,0.3687,1.5119,0,0,0,0,0,0,0,0,2.4519,0.21466,1.7829,8.2827,40.558,49.576,15.085,0.59909,0.36981,1.0241,0,0,0,0,0,0,0,0,0,0,0,0,0,0,0,0,0,0,0,0,0,0,0,0,0,0,0,0,0,0,0,0,0,0,0,0,0,0,0,0,0,0.22508
0,0,0,0.53509,0,0.074922,5.9099,11.966,1.6285,0,0,0,0.086535,0,0.065014,2.4414,0,4.7622,1.5822,0.79589,0.028615,0,0.63796,0,0,0,0,0,0,0,0,0,0,4.5667,5.1192,49.576,20.307,2.5898,8.8489,1.1424,3.3433,0,0,0,0,0,0,0,0,0,0,0,0,0,0,0,0,0,0,0,0,0,0,0,0,0,0,0,0,0,0,0,0,0,0,0,0,0,0,0,0,0,43.68
6.053,0,0,8.6055,0,0,0,0,0,0,0,0.85033,0,0,0,0,0,0,0,0,0,0,0,0,0,0,0,0,0,0,0,0,0,0,4.7445,15.085,2.5898,6.1008,0,0,0,0,0,0,0,0,0,0,0,0,0,0,0,0,0,0,0,0,0,0,0,0,0,0,0,0,0,0,0,0,0,0,0,0,0,0,0,0,0,0,0,0,0
0,0,0,0,0,0,1.0347,7.1651,0,0,0,0,0.006441,0,0,0,0,1.5404,0,0.6536,0,0,0,0,0,0,0,0,0,0,0,0,0,6.8349,2.2919,0.59909,8.8489,0,1.0619,0.72984,0,0,0,0,0,0,0,0,0,0,0,0,0,0,0,0,0,0,0,0,0,0,0,0,0,0,0,0,0,0,0,0,0,0,0,0,0,0,0,0,0,0,29.617
0,0,0,0,0,0,0,0,0,0,0,0,0,0,2.7779,0,0,0.49224,0.83771,1.6475,0.0033889,0.47079,0.98991,6.5222,11.028,20.945,5.9219,0,1.5153,0.21648,0.0059379,2.1551,0,6.3053,0,0.36981,1.1424,0,0.72984,42.674,4.5318,0,0,0,0,0,0,0,0,0,0,0,0,0,0,0,0,0,0,0,0,0,0,0,0,0,0,0,0,0,0,0,0,0,0,0,0,0,0,0,0,0,0
0,0,0,0,0,0,0,0,0,0,0,0,0,0,0,0,0,0.063487,0,0,0,0,0.37305,0,0.73743,0,2.71,2.7434,0.55114,0,0,0.16975,0,0,0,1.0241,3.3433,0,0,4.5318,6.8932,0,0,0,0,0,0,0,0,0,0,0,0,0,0,0,0,0,0,0,0,0,0,0,0,0,0,0,0,0,0,0,0,0,0,0,0,0,0,0,0,0,0
0,0,0,0,0,0,0,0,0,0,0,0,0,0,0,0,0,0,0,0,0,0,0,0,0,0,0,0,0,0,0,0,0,0,0,0,0,0,0,0,0,93.206,9.4898,1.6158,22.606,6.237,0,12.645,0.062982,0,0,0,0,0,0,0,0,0,0,0,0,0,0,0,0,0.15578,0,0,0.39266,0,0,0,3.1855,0,0,3.27,10.431,0,2.4327,0,0.069977,0,0
0,0,0,0,0,0,0,0,0,0,0,0,0,0,0,0,0,0,0,0,0,0,0,0,0,0,0,0,0,0,0,0,0,0,0,0,0,0,0,0,0,9.4898,10.814,0,0,5.9945,0,5.8753,0,0,0,0,0,0,0,0,0,0,0,0,0,0,0,0,0,0,0,0,0,0,0,0,0,0,0,0,2.0961,0,0,0,0,0,0
0,0,0,0,0,0,0,0,0,0,0,0,0,0,0,0,0,0,0,0,0,0,0,0,0,0,0,0,0,0,0,0,0,0,0,0,0,0,0,0,0,1.6158,0,1.6966,5.7172,0,0,0.91331,0.45708,0,0,0,0,0,0,0,0,0,0.0004325,0,0,0,0,0,0,0,0,0,0,0,0,0,0,0,0.026653,0,0.035571,0.020665,0,0,0.00034254,0,0.00096567
0,0,0,5.7403,0,0,0,1.5307,0,0,0,0.83837,0.039135,0.00025375,0,0,0,0,0,0,0,0,0,0,0,0,0,0,0,0,0,0,0,0,0,0,0,0,0,0,0,22.606,0,5.7172,41.304,0,0,6.1956,6.2782,0.038216,0.018937,0,5.8107,0.21715,0,0,0,0,0.00044608,0,0,0,0,0,0.00011264,0,0,0,0,0,0,0,0,0,0.025807,5.9544,2.1557,0,7.8684,0,0,0,0.0012098
0,0,0,0,0,0,0,0,0,0,0,0,0,0,0,0,0,0,0,0,0,0,0,0,0,0,0,0,0,0,0,0,0,0,0,0,0,0,0,0,0,6.237,5.9945,0,0,49.002,12.03,16.752,1.3729,0.1615,0,0,0,0,0,0,0,0,0,0,0,0,0,0,0,0,0,0,0,0,0,0,0.69947,0,0,0,0,0,0,0,0,0,0
0,0,0,0,0,0,0,0,0,0,0,0,0,0,0,0,0,0,0,0,0,0,0,0,0,0,0,0,0,0,0,0,0,0,0,0,0,0,0,0,0,0,0,0,0,12.03,64.907,11.689,3.7556,14.093,15.296,0,0,0,0,0,0.36778,0.87008,0.020943,0.18502,0,0,0,0,0,0,0,0,0,0,0.064104,0,0,0,0,0,0,0,0,0,0,0,0
0,0,0,1.1036,0,0,2.1977,4.865,0,0,0,1.1145,1.1418,0,0,0,0,0,0,0,0,0,0,0,0,0,0,0,0,0,0,0,0,0,0,0,0,0,0,0,0,12.645,5.8753,0.91331,6.1956,16.752,11.689,200.22,50.526,24.271,1.0042,0,0,0,0,0,0,0.030757,0.028882,0.11269,0,0,0,0.024359,0,0,0,0,0,0,0,0,2.0134,0,4.0595,3.7707,11.425,5.395,0.38583,0,0.028364,0,1.2331
0,0,0,1.32,0,0,3.5896,60.67,0,0,0,1.972,9.3916,6.1743,0,0,0,0,0,0,0,0,0,0,0,0,0,0,0,0,0,0,0,0,0,0,0,0,0,0,0,0.062982,0,0.45708,6.2782,1.3729,3.7556,50.526,283.07,13.094,12.431,5.5143,6.3015,28.102,16.773,0,0.10388,0,0,0,0,0,0,0,0,0,0,0,0,0,0,0,0.24171,0,13.41,1.6674,11.243,13.499,0,0,0,0,6.3441
0,0,0,0,0,0,0,0,0,0,0,0,0,0.015249,0,0,0,0,0,0,0,0,0,0,0,0,0,0,0,0,0,0,0,0,0,0,0,0,0,0,0,0,0,0,0.038216,0.1615,14.093,24.271,13.094,109.46,29.393,0,0,0,0,0,0.787,0.34956,0,0.15026,0,0,0,0,0,0,0,0,0,0,0,0.23309,0,0,0,0.054282,3.2609,2.7903,0,0,0,0,2.2923
0,0,0,0,0,0,0,0,0,0,0,0,0,0,0,0,0,0,0,0,0,0,0,0,0,0,0,0,0,0,0,0,0,0,0,0,0,0,0,0,0,0,0,0,0.018937,0,15.296,1.0042,12.431,29.393,198.55,17.157,0,0,12.694,0,33.273,13.495,3.6668,1.3423,0.25521,0,0,0,0,0,0,0,0,0,0,0,1.0858,0,0,0,18.036,24.894,0,0,0,0,0
0,0,0,0,0,0,0,0,0,0,0,0,0,0,0,0,0,0,0,0,0,0,0,0,0,0,0,0,0,0,0,0,0,0,0,0,0,0,0,0,0,0,0,0,0,0,0,0,5.5143,0,17.157,20.645,0,0,9.7768,0,6.3002,0,5.3113,0,3.5532,0,0,0,0,0,0,0,0,0,0,0,0,0,1.1676,0.0045515,0.093298,0.46744,0.054635,0.55972,0,0,1.6282
0,0,0,0,0,0,0,0.5939,0,0,0,2.2046,0.77486,0,0,0,0,0,0,0,0,0,0,0,0,0,0,0,0,0,0,0,0,0,0,0,0,0,0,0,0,0,0,0,5.8107,0,0,0,6.3015,0,0,0,9.9805,3.5206,0,0,0,0,0,0,0,0,0,0,0,0,0,0,0,0,0,0,0,0,0,0,0,0,1.9109,0,0,0,0
0,0,0,0,0,0,0.31893,1.3698,0,0,0,0,8.4879,0,0,0,0,0,0,0,0,0,0,0,0,0,0,0,0,0,0,0,0,0,0,0,0,0,0,0,0,0,0,0,0.21715,0,0,0,28.102,0,0,0,3.5206,13.702,10.341,0,0,0,0,0,0,0,0,0,0,0,0,0,0,0,0,0,0,0,0,0,0,0,0,0,0,0,0.002894
0,0,0,0,0,0,0,0,0,0,0,0,0,8.4833,1.3084,0,0,0.26746,0,0,0.00050225,0.0020315,0,0,0,0,0,0,0,0,0,0,0,0,0,0,0,0,0,0,0,0,0,0,0,0,0,0,16.773,0,12.694,9.7768,0,10.341,33.635,12.775,0,0,0,0,15.705,0,0,0,0,0,0,0,0,0,0,0,0,0,0,0,0,0,0.0083445,0,0,0,0
0,0,0,0,0,0,0,0,0,0,0,0,0,0,6.4408,0,0,0,0,0,0,0,0,0,0,0,0,0,0,0,0,0,0,0,0,0,0,0,0,0,0,0,0,0,0,0,0,0,0,0,0,0,0,0,12.775,22.421,0,0,0,0,19.81,0,0,0,1.3201,0,2.1939,0,0,0,0,0,0,0,0,0,0,0,0,0,3.5286,0,0
0,0,0,0,0,0,0,0,0,0,0,0,0,0,0,0,0,0,0,0,0,0,0,0,0,0,0,0,0,0,0,0,0,0,0,0,0,0,0,0,0,0,0,0,0,0,0.36778,0,0.10388,0.787,33.273,6.3002,0,0,0,0,144.16,35.885,19.805,1.0999,1.4026,0,0,0,0,0,0,0,0,0,0,0,0,0,0,0,4.3035,2.8459,0,0,0,0,0
0,0,0,0,0,0,0,0,0,0,0,0,0,0,0,0,0,0,0,0,0,0,0,0,0,0,0,0,0,0,0,0,0,0,0,0,0,0,0,0,0,0,0,0,0,0,0.87008,0.030757,0,0.34956,13.495,0,0,0,0,0,35.885,153.83,17.802,29.733,0,0,0,0.30548,0,0,0,0,0,1.7946,5.363,13.662,6.9448,0.54932,0,0,1.1631,0,0,0,0,0,0
0,0,0,0,0,0,0,0,0,0,0,0,0,0,1.3597,0,0,0,0,4.5323,0.23712,0.053073,0,0.42555,0,0,0,0,0,0,0,0,0,0,0,0,0,0,0,0,0,0,0,0.0004325,0.00044608,0,0.020943,0.028882,0,0,3.6668,5.3113,0,0,0,0,19.805,17.802,194.91,31.979,73.493,20.694,6.4703,10.197,0,0,0,0,0,0,0,0,1.2177,0.87771,4.5813,0.10938,4.8515,6.5246,0,2.1719,0.44453,0.31376,6.8998
0,0,0,0,0,0,0,0,0,0,0,0,0,0,0,0,0,0,0,0,0,0,0,0,0,0,0,0,0,0,0,0,0,0,0,0,0,0,0,0,0,0,0,0,0,0,0.18502,0.11269,0,0.15026,1.3423,0,0,0,0,0,1.0999,29.733,31.979,158.95,0,0,0,34.284,0,0,0,0,0,6.6104,20.005,13.514,8.3491,1.3888,0,0,1.7136,0,0,0,0,0.82033,0
0,0,0,0,0,0,0,0,0,0,0,0,0,0,3.2343,0,0,2.2651,0,14.584,0.2735,0.99425,0.29694,0.61958,0,0,0,0,0,0,0,0,0,0,0,0,0,0,0,0,0,0,0,0,0,0,0,0,0,0,0.25521,3.5532,0,0,15.705,19.81,1.4026,0,73.493,0,105.52,3.9058,3.8189,2.2413,1.5143,0,0,0,0,0,0,0,0,0,0.57785,0.0070179,0.22548,0.45242,0,0.31738,1.341,0.08312,1.4043
0,0,0,0,0,0,0,0,0,0,0,0,0,0,0,0,0,0,0,1.232,0.1307,0.052716,0,0.3539,0,0,0,0,0,0,0,0,0,0,0,0,0,0,0,0,0,0,0,0,0,0,0,0,0,0,0,0,0,0,0,0,0,0,20.694,0,3.9058,21.563,29.834,5.3969,0.5948,0,0,0,0,0,0,0,0,0,0,0,0,0,0,0,0,0.0075973,0
0,0,0,0,0,0,0,0,0,0,0,0,0,0,0,0,0,0,0,0.3918,0,0,0,0.13326,0,0,0,0,0,0,0,0,0,0,0,0,0,0,0,0,0,0,0,0,0,0,0,0,0,0,0,0,0,0,0,0,0,0,6.4703,0,3.8189,29.834,31.956,21.084,32.914,0,0.080922,0,0,0,0,0,0,0,0.12153,0,0,0,0,0.14093,0.82528,0.11834,0
0,0,0,0,0,0,0,0,0,0,0,0,0,0,0,0,0,0,0,0,0,0,0,0,0,0,0,0,0,0,0,0,0,0,0,0,0,0,0,0,0,0,0,0,0,0,0,0.024359,0,0,0,0,0,0,0,0,0,0.30548,10.197,34.284,2.2413,5.3969,21.084,198.79,13.219,21.578,0,0,0,11.479,7.3213,1.7341,3.5977,0.012267,0,0,0.68779,0,0,0.080755,0.8868,0.29046,0
0,0,0,0,0,0,0,0,0,0,0,0,0,0,0,0,0,0.010242,0,0.087693,0.022989,0.0021191,0,0.33966,0,0,0,0,0,0,0,0,0,0,0,0,0,0,0,0,0,0,0,0,0.00011264,0,0,0,0,0,0,0,0,0,0,1.3201,0,0,0,0,1.5143,0.5948,32.914,13.219,104.69,9.3307,6.4493,0,0,0,0,0,0,0,0.12848,0.0002533,0,0,0,0,7.5522,0,0
0,0,0,0,0,0,0,0,0,0,0,0,0,0,0,0,0,0,0,0.055115,0,0,0,0.28585,0,0,0,0,0,0,0,0,0,0,0,0,0,0,0,0,0,0.15578,0,0,0,0,0,0,0,0,0,0,0,0,0,0,0,0,0,0,0,0,0,21.578,9.3307,138.55,3.6946,1.7092,2.9097,28.222,4.585,0,3.2263,0,0.47745,0.0017287,0.6571,0,0,0,25.606,2.8206,0
0,0,0,0,0,0,0,0,0,0,0,0,0,0,0,0,0,0,0,0,0,0,0,0,0,0,0,0,0,0,0,0,0,0,0,0,0,0,0,0,0,0,0,0,0,0,0,0,0,0,0,0,0,0,0,2.1939,0,0,0,0,0,0,0.080922,0,6.4493,3.6946,15.902,2.2783,0,0,0,0,0,0,0,0.00012079,0,0,0,0,20.028,0,0
0,0,0,0,0,0,0,0,0,0,0,0,0,0,0,0,0,0,0,0,0,0,0,0,0,0,0,0,0,0,0,0,0,0,0,0,0,0,0,0,0,0,0,0,0,0,0,0,0,0,0,0,0,0,0,0,0,0,0,0,0,0,0,0,0,1.7092,2.2783,2.8797,0.8377,0,0,0,0,0,0,0,0,0,0,0,9.1457,5.9609,0
0,0,0,0,0,0,0,0,0,0,0,0,0,0,0,0,0,0,0,0,0,0,0,0,0,0,0,0,0,0,0,0,0,0,0,0,0,0,0,0,0,0.39266,0,0,0,0,0,0,0,0,0,0,0,0,0,0,0,0,0,0,0,0,0,0,0,2.9097,0,0.8377,7.204,1.148,1.4277,0,2.4929,0,0,0,0,0,0,0,0.50596,4.6067,0
0,0,0,0,0,0,0,0,0,0,0,0,0,0,0,0,0,0,0,0,0,0,0,0,0,0,0,0,0,0,0,0,0,0,0,0,0,0,0,0,0,0,0,0,0,0,0,0,0,0,0,0,0,0,0,0,0,1.7946,0,6.6104,0,0,0,11.479,0,28.222,0,0,1.148,109.31,44.281,4.3261,3.4983,0,0,0,0,0,0,0,1.2187,0.24929,0
0,0,0,0,0,0,0,0,0,0,0,0,0,0,0,0,0,0,0,0,0,0,0,0,0,0,0,0,0,0,0,0,0,0,0,0,0,0,0,0,0,0,0,0,0,0,0.064104,0,0,0,0,0,0,0,0,0,0,5.363,0,20.005,0,0,0,7.3213,0,4.585,0,0,1.4277,44.281,84.428,31.642,15.328,0,0,0,0,0,0,0,0,0,0
0,0,0,0,0,0,0,0,0,0,0,0,0,0,0,0,0,0,0,0,0,0,0,0,0,0,0,0,0,0,0,0,0,0,0,0,0,0,0,0,0,0,0,0,0,0,0,0,0,0.23309,0,0,0,0,0,0,0,13.662,0,13.514,0,0,0,1.7341,0,0,0,0,0,4.3261,31.642,29.353,25.546,0,0,0,0,0,0,0,0,0,0
0,0,0,0,0,0,0,0,0,0,0,0,0,0,0,0,0,0,0,0,0,0,0,0,0,0,0,0,0,0,0,0,0,0,0,0,0,0,0,0,0,3.1855,0,0,0,0.69947,0,2.0134,0.24171,0,1.0858,0,0,0,0,0,0,6.9448,1.2177,8.3491,0,0,0,3.5977,0,3.2263,0,0,2.4929,3.4983,15.328,25.546,121.97,11.985,0,0,3.9552,0,0,0,1.1354,0,0
0,0,0,0,0,0,0,0,0,0,0,0,0,0,0,0,0,0,0,0,0,0,0,0,0,0,0,0,0,0,0,0,0,0,0,0,0,0,0,0,0,0,0,0,0,0,0,0,0,0,0,0,0,0,0,0,0,0.54932,0.87771,1.3888,0,0,0,0.012267,0,0,0,0,0,0,0,0,11.985,11.912,0,0,1.0489,0,0,0,0,0,0
0,0,0,0,0,0,0,0,0,0,0,0,0,0,0,0,0,0,0,0,0,0,0,0,0,0,0,0,0,0,0,0,0,0,0,0,0,0,0,0,0,0,0,0.026653,0.025807,0,0,4.0595,13.41,0,0,1.1676,0,0,0,0,0,0,4.5813,0,0.57785,0,0.12153,0,0.12848,0.47745,0,0,0,0,0,0,0,0,28.701,11.818,0.93648,5.9601,0.32019,6.7655,20.282,3.5224,27.642
0,0,0,0,0,0,0,0,0,0,0,0,0,0,0,0,0,0,0,0,0,0,0,0,0,0,0,0,0,0,0,0,0,0,0,0,0,0,0,0,0,3.27,0,0,5.9544,0,0,3.7707,1.6674,0.054282,0,0.0045515,0,0,0,0,0,0,0.10938,0,0.0070179,0,0,0,0.0002533,0.0017287,0.00012079,0,0,0,0,0,0,0,11.818,3.9491,3.6029,3.4096,3.5213,0,0.038286,0,0.42513
0,0,0,0,0,0,0,0,0,0,0,0,0,0,0,0,0,0,0,0,0,0,0,0,0,0,0,0,0,0,0,0,0,0,0,0,0,0,0,0,0,10.431,2.0961,0.035571,2.1557,0,0,11.425,11.243,3.2609,18.036,0.093298,0,0,0,0,4.3035,1.1631,4.8515,1.7136,0.22548,0,0,0.68779,0,0.6571,0,0,0,0,0,0,3.9552,1.0489,0.93648,3.6029,29.322,30.668,9.9887,0,1.1357,1.8331,0.54239
0,0,0,0,0,0,0,0,0,0,0,0,0,0,0,0,0,0,0,0,0,0,0,0,0,0,0,0,0,0,0,0,0,0,0,0,0,0,0,0,0,0,0,0.020665,0,0,0,5.395,13.499,2.7903,24.894,0.46744,0,0,0,0,2.8459,0,6.5246,0,0.45242,0,0,0,0,0,0,0,0,0,0,0,0,0,5.9601,3.4096,30.668,17.289,2.3563,0,0,3.7086,54.54
0,0,0,0,0,0,0,0,0,0,0,0,0,0,0,0,0,0,0,0,0,0,0,0,0,0,0,0,0,0,0,0,0,0,0,0,0,0,0,0,0,2.4327,0,0,7.8684,0,0,0.38583,0,0,0,0.054635,1.9109,0,0.0083445,0,0,0,0,0,0,0,0,0,0,0,0,0,0,0,0,0,0,0,0.32019,3.5213,9.9887,2.3563,5.5609,0,0.045992,0,0
0,0,0,0,0,0,0,0,0,0,0,0,0,0,0,0,0,0,0,0,0,0,0,0,0,0,0,0,0,0,0,0,0,0,0,0,0,0,0,0,0,0,0,0,0,0,0,0,0,0,0,0.55972,0,0,0,0,0,0,2.1719,0,0.31738,0,0.14093,0.080755,0,0,0,0,0,0,0,0,0,0,6.7655,0,0,0,0,1.0356,1.9288,2.034,15.697
0,0,0,0,0,0,0,0,0,0,0,0,0,0,0,0,0,0,0,0,0,0,0,0,0,0,0,0,0,0,0,0,0,0,0,0,0,0,0,0,0,0.069977,0,0.00034254,0,0,0,0.028364,0,0,0,0,0,0,0,3.5286,0,0,0.44453,0,1.341,0,0.82528,0.8868,7.5522,25.606,20.028,9.1457,0.50596,1.2187,0,0,1.1354,0,20.282,0.038286,1.1357,0,0.045992,1.9288,59.93,10.173,0.52237
0,0,0,0,0,0,0,0,0,0,0,0,0,0,0,0,0,0,0,0,0,0,0,0,0,0,0,0,0,0,0,0,0,0,0,0,0,0,0,0,0,0,0,0,0,0,0,0,0,0,0,0,0,0,0,0,0,0,0.31376,0.82033,0.08312,0.0075973,0.11834,0.29046,0,2.8206,0,5.9609,4.6067,0.24929,0,0,0,0,3.5224,0,1.8331,3.7086,0,2.034,10.173,9.4252,0
0,0,0,0.0023959,0,0.012965,1.2014,9.9384,0.59524,24.755,0,0,0.033214,0,0,2.6244,0,6.302,1.0951,1.5351,0,0,0,0,0,0,0,0,0,0,0,0,0,39.13,0.96837,0.22508,43.68,0,29.617,0,0,0,0,0.00096567,0.0012098,0,0,1.2331,6.3441,2.2923,0,1.6282,0,0.002894,0,0,0,0,6.8998,0,1.4043,0,0,0,0,0,0,0,0,0,0,0,0,0,27.642,0.42513,0.54239,54.54,0,15.697,0.52237,0,0
