82.596,12.437,2.4247,34.582,6.7112,0.63553,9.1369,0,0,0,0,0,0,0,0,0,0,0,0,0,0,0.019217,0.041903,0.075577,0,0,0,0.45727,0,0,0,2.1849,0,0,0,0,0,8.1829,0,0,0,0,0,0,0,0,0,0,0,0,0,0,0,0,0,0,0,0,0,0,0,0,0,0,0,0,0,0,0,0,0,0,0,0,0,0,0,0,0,0,0,0,0
12.437,18.041,0.010295,0,7.0316,0,11.242,0,0,0,0,0,0,0,0,0,0,0,0,0.0018641,0,0.033601,0.031265,0.09425,0.018225,0,0,0.0056072,0.017853,0.010475,0,0.8876,0,0,0,3.974,0,0,0.084111,0,0,0,0,0,0,0,0,0,0,0,0,0,0,0,0,0,0,0,0,0,0,0,0,0,0,0,0,0,0,0,0,0,0,0,0,0,0,0,0,0,0,0,0
2.4247,0.010295,1.6834,4.455,0,0,1.8215,1.0104,0,0,0,0,0,0,0,0,0,0,0,0,0,0,0,0,0,0,0,0.03981,0,0,0,0.14404,0,0,0,0.46958,0.067651,0.11437,0.0087439,0,0,0,0,0,0,0,0,0,0,0,0,0,0,0,0,0,0,0,0,0,0,0,0,0,0,0,0,0,0,0,0,0,0,0,0,0,0,0,0,0,0,0,0
34.582,0,4.455,34.531,0,0,6.9357,3.3522,0,0,0,6.884,0.71146,0.022213,0,0,0,0,0,0,0,0,0,0,0,0,0,0.033138,0,0,0,0.26942,0,0.23076,7.0514,3.2156,0.49971,13.62,0.0067828,0,0,0,0,0,5.745,0,0,0.97044,1.2846,0,0,0,0,0,0,0,0,0,0,0,0,0,0,0,0,0,0,0,0,0,0,0,0,0,0,0,0,0,0,0,0,0,0
6.7112,7.0316,0,0,47.821,6.8139,14.666,1.3446,0.5265,0,0,0,0,0,0,0,0,0.012539,0.019408,0.017297,0.00047109,0.19143,0.10018,0.23463,0.023084,0,0,0,0.017512,0.0071878,0,0.72613,0,0,0,3.2824,0,0,0,0.024216,0,0,0,0,0,0,0,0,0,0,0,0,0,0,0,0,0,0,0,0,0,0,0,0,0,0,0,0,0,0,0,0,0,0,0,0,0,0,0,0,0,0,0
0.63553,0,0,0,6.8139,47.336,14.293,3.3281,10.144,18.675,0,0,0,0,0,0,0,0,0,0,0,0,0,0,0,0,0,0,0,0,0,0,0,0,0,0.21959,0,0,0,0,0,0,0,0,0,0,0,0,0,0,0,0,0,0,0,0,0,0,0,0,0,0,0,0,0,0,0,0,0,0,0,0,0,0,0,0,0,0,0,0,0,0,0
9.1369,11.242,1.8215,6.9357,14.666,14.293,267.97,52.407,36.146,0,0,0,0,0,0,0,0,0,0,0,0,0.0083257,0.011345,0.042032,0.059005,0,0,0.14649,0.023148,0.10396,0,1.1146,0,4.611,3.4404,12.916,5.4142,0.11411,1.0343,0.025199,0,0,0,0,0.055235,0,0,1.4124,3.1833,0,0,0,0,0,0,0,0,0,0,0,0,0,0,0,0,0,0,0,0,0,0,0,0,0,0,0,0,0,0,0,0,0,1.1896
0,0,1.0104,3.3522,1.3446,3.3281,52.407,356.8,13.438,20.952,10.931,8.9415,42.209,36.561,0.082826,0.052802,0,0.056707,0,0.015377,0,0.0094916,0.043144,0.014484,0,0,0,0,0,0,0,0,0,20.673,5.3373,10.71,14.26,0.083628,8.0446,0,0,0,0,0,1.3485,0,0,3.8991,57.532,0,0,0,0,1.6336,1.1586,0,0,0,0,0,0,0,0,0,0,0,0,0,0,0,0,0,0,0,0,0,0,0,0,0,0,0,11.306
0,0,0,0,0.5265,10.144,36.146,13.438,88.831,36.635,0,0,0,0,0,0,0,0,0,0,0,0.0038581,0.0016801,0.0011442,0,0,0,0,0,0,0,0,0,0,0,1.7706,0,0,0,0,0,0,0,0,0,0,0,0,0,0,0,0,0,0,0,0,0,0,0,0,0,0,0,0,0,0,0,0,0,0,0,0,0,0,0,0,0,0,0,0,0,0,0
0,0,0,0,0,18.675,0,20.952,36.635,279.18,31.469,0,0,7.8615,0,28.22,15.074,3.8619,2.7026,0,0,0,0,0,0,0,0,0,0,0.63484,0.51082,0.97938,0.030014,21.237,0.30606,10.115,14.616,0,8.2357,0,0,0,0,0,0,0,0,0,0,0,0.4676,0.44682,0,0,0,0,0.091888,0,0,0,0,0,0,0,0,0,0,0,0,0,0,0,0,0,0,0,0,0,0,0,0,0,27.315
0,0,0,0,0,0,0,10.931,0,31.469,67.352,0,0,20.494,3.0026,13.843,0,9.8432,0,10.277,0,0,0,0,0,0,0,0,0,0,0,0,0,4.5045,0.03065,0,0,0,0,0,0,0,0,0,0,0,0,0,0,0,0.81919,1.2002,0,0,0.99196,0,0.57902,0,0.17847,0,0.62614,0,0,0,0,0,0,0,0,0,0,0,0,0,0,0,0,0,0,0,0,0,0
0,0,0,6.884,0,0,0,8.9415,0,0,0,6.9429,3.9481,0.049131,0,0,0,0,0,0,0,0,0,0,0,0,0,0,0,0,0,0,0,0,0,0,0,1.2854,0,0,0,0,0,0,0.87936,0,0,0,1.9547,0,0,0,2.1343,0,0,0,0,0,0,0,0,0,0,0,0,0,0,0,0,0,0,0,0,0,0,0,0,0,0,0,0,0,0
0,0,0,0.71146,0,0,0,42.209,0,0,0,3.9481,20.568,10.668,0.30289,0,0,0,0,0,0,0,0,0,0,0,0,0,0,0,0,0,0,0,0,0,0,0,0,0,0,0,0,0,0,0,0,0,9.6474,0,0,0,0.62365,8.455,0,0,0,0,0,0,0,0,0,0,0,0,0,0,0,0,0,0,0,0,0,0,0,0,0,0,0,0,0
0,0,0,0.022213,0,0,0,36.561,0,7.8615,20.494,0.049131,10.668,58.774,12.951,0.52765,0,0.50627,0,12.416,0,0,0,0,0,0,0,0,0,0,0,0,0,0,0,0,0,0,0,0,0,0,0,0,0,0,0,0,7.5376,0,2.2152,1.5949,0,1.2607,14.498,0,0,0,0.5681,0,0.89404,0,0,0,0,0,0,0,0,0,0,0,0,0,0,0,0,0,0,0,0,0,0
0,0,0,0,0,0,0,0.082826,0,0,3.0026,0,0.30289,12.951,16.851,0,0,3.6285,0,43.477,0,0,0,1.2306,0,0.90868,0,0,0,0,0,0,0,0.49992,0,0,0,0,0,2.7996,0,0,0,0,0,0,0,0,0,0,0,0.080869,0,0,1.7057,6.2132,0,0,1.5281,0,3.1439,0,0,0,0,0,0,0,0,0,0,0,0,0,0,0,0,0,0,0,0,0,0.79403
0,0,0,0,0,0,0,0.052802,0,28.22,13.843,0,0,0.52765,0,159.37,34.476,12.549,1.5722,1.1056,0,0,0,0,0,0,0,0,0,0.22162,0.073001,0.51513,0.069063,2.5213,0.076706,2.8146,3.1103,0,1.4619,0,0,0,0,0,0,0,0,0,0,0,0.035209,0.078185,0,0,0.0031063,0,0.13472,0,0,0,0.15183,0,0,0,0,0,0,0,0,0,0,0,0,0,0,0,0,0,0,0,0,0,3.1125
0,0,0,0,0,0,0,0,0,15.074,0,0,0,0,0,34.476,151.13,10.507,23.565,0,0,0,0,0,0,0,0,0,0,3.0986,19.414,6.9531,1.3325,0,0,0,0,0,0,0,0,0,0,0,0,0,0,0,0,0,0,0,0,0,0,0,0,0,0,0,0,0,0,0,0,0,0,0,0,0,0,0,0,0,0,0,0,0,0,0,0,0,0
0,0,0,0,0.012539,0,0,0.056707,0,3.8619,9.8432,0,0,0.50627,3.6285,12.549,10.507,200.52,29.12,73.675,13.127,0.52159,8.1647,0,0,0,0,0,0.57818,0,0.072089,0.36177,0.3399,5.3573,0,3.9925,4.7784,0,1.7306,0,0,0,0,0,0,0,0,0,0,0,0.0017053,0.038856,0,0,0.33306,0.094022,0.016327,0,1.8744,0.6987,2.3027,0.289,0.015671,0.49619,0,0,0,0,0,0,0,0,0,0,0,0,0,0,0,0,0,0,6.3286
0,0,0,0,0.019408,0,0,0,0,2.7026,0,0,0,0,0,1.5722,23.565,29.12,220.47,5.1637,0,0,31.678,0,1.2615,0,0,0,6.7682,25.017,19.726,3.3413,0.33096,0.2466,0,0,0,0,0,0,0,0,0,0,0,0,0,0,0,0,0,0,0,0,0,0,0,0,0,0,0,0,0,0,0,0,0,0,0,0,0,0,0,0,0,0,0,0,0,0,0,0,0
0,0.0018641,0,0,0.017297,0,0,0.015377,0,0,10.277,0,0,12.416,43.477,1.1056,0,73.675,5.1637,166.62,5.8737,4.7382,1.614,1.5851,0,0,0,0,0.081042,0,0,0.3128,0.10857,1.0971,0,0.69307,0.79835,0,0.64382,1.5872,0,0,0,0,0,0,0,0,0,0,0.023332,0.11548,0,0,0.098373,0.66938,0.11182,0,4.1913,1.0839,12.046,1.2371,0.33071,0.94395,0.071454,0,0,0,0,0,0,0,0,0,0,0,0,0,0,0,0,0,1.395
0,0,0,0,0.00047109,0,0,0,0,0,0,0,0,0,0,0,0,13.127,0,5.8737,40.549,27.619,17.06,0.93731,0,0,0,0,0,0,0,0,0,0,0,0.032606,0,0,0,0,0,0,0,0,0,0,0,0,0,0,0,0,0,0,0,0,0,0,0.23182,0.019797,0.26423,0.14506,0.14748,0.63084,0.02615,0,0,0,0,0,0,0,0,0,0,0,0,0,0,0,0,0,0
0.019217,0.033601,0,0,0.19143,0,0.0083257,0.0094916,0.0038581,0,0,0,0,0,0,0,0,0.52159,0,4.7382,27.619,45.259,21.184,44.021,0,0,0,0,0,0,0,0.17476,0,0,0,0.29612,0.060284,0,0,0,0,0,0,0,0,0,0,0,0,0,0,0,0,0,0,0,0,0,0,0,0,0.05774,0.023852,0.03906,0,0,0,0,0,0,0,0,0,0,0,0,0,0,0,0,0,0,0
0.041903,0.031265,0,0,0.10018,0,0.011345,0.043144,0.0016801,0,0,0,0,0,0,0,0,8.1647,31.678,1.614,17.06,21.184,246.43,8.7011,29.951,0,0,0,12.211,3.3171,0,0.9308,0,0,0,1.3663,0,0,0,0,0,0,0,0,0,0,0,0,0,0,0,0,0,0,0,0,0,0,0,0.024555,0.35882,0.17463,0.090499,0.1993,0.0047922,0,0,0,0,0,0,0,0,0,0,0,0,0,0,0,0,0,0
0.075577,0.09425,0,0,0.23463,0,0.042032,0.014484,0.0011442,0,0,0,0,0,1.2306,0,0,0,0,1.5851,0.93731,44.021,8.7011,69.234,5.1997,1.5228,0,0,0,0,0,0.94727,0,0,0,0.54741,0,0,0,6.452,0,0,0,0,0,0,0,0,0,0,0,0,0,0,0,0,0,0,0,0,0.65311,0.32302,0.1119,0.4203,0.36048,0.23996,0,0,0,0,0,0,0,0,0,0,0,0,0,0,0,0,0
0,0.018225,0,0,0.023084,0,0.059005,0,0,0,0,0,0,0,0,0,0,0,1.2615,0,0,0,29.951,5.1997,78.16,2.2556,4.0773,2.4611,18.597,0,0,0,0,0,0,0.82077,0,0,0,10.363,1.1739,0,0,0,0,0,0,0,0,0,0,0,0,0,0,0,0,0,0,0,0.0096522,0,0.0010403,0,0.0011424,0,0,0,0.00036516,0,0,0,0,0,0,0,0,0,0,0,0,0,0
0,0,0,0,0,0,0,0,0,0,0,0,0,0,0.90868,0,0,0,0,0,0,0,0,1.5228,2.2556,8.1426,1.3119,0,0.12813,0,0,0,0,0,0,0,0,0,0,27.199,0.28343,0,0,0,0,0,0,0,0,0,0,0,0,0,0,0,0,0,0,0,0,0,0,0,0,0,0,0,0,0,0,0,0,0,0,0,0,0,0,0,0,0,0
0,0,0,0,0,0,0,0,0,0,0,0,0,0,0,0,0,0,0,0,0,0,0,0,4.0773,1.3119,3.4314,0.66569,0.34994,0,0,0,0,0,0,0,0,0,0,9.1571,3.642,0,0,0,0,0,0,0,0,0,0,0,0,0,0,0,0,0,0,0,0,0,0,0,0,0,0,0,0,0,0,0,0,0,0,0,0,0,0,0,0,0,0
0.45727,0.0056072,0.03981,0.033138,0,0,0.14649,0,0,0,0,0,0,0,0,0,0,0,0,0,0,0,0,0,2.4611,0,0.66569,8.4742,2.3454,1.1516,0,2.3089,0,0.0077253,0,1.4343,0.211,0.1038,0,0.26621,3.3722,0,0,0,0,0,0,0,0,0,0,0,0,0,0,0,0,0,0,0,0,0,0,0,0,0,0,0,0,0,0,0,0,0,0,0,0,0,0,0,0,0,0
0,0.017853,0,0,0.017512,0,0.023148,0,0,0,0,0,0,0,0,0,0,0.57818,6.7682,0.081042,0,0,12.211,0,18.597,0.12813,0.34994,2.3454,122.54,26.213,0,5.8645,0.0030974,0.17538,0,0.50789,0.33914,0.057469,0.015466,1.6713,1.1711,0,0,0,0,0,0,0,0,0,0,0,0,0,0,0,0,0,0,0,0,0,0,0,0,0,0,0,0,0,0,0,0,0,0,0,0,0,0,0,0,0,0.096978
0,0.010475,0,0,0.0071878,0,0.10396,0,0,0.63484,0,0,0,0,0,0.22162,3.0986,0,25.017,0,0,0,3.3171,0,0,0,0,1.1516,26.213,112,27.507,20.325,0.013395,0.0062579,0,1.2356,0.3998,0.033107,0,0,0.076157,0,0,0,0,0,0,0,0,0,0,0,0,0,0,0,0,0,0,0,0,0,0,0,0,0,0,0,0,0,0,0,0,0,0,0,0,0,0,0,0,0,0
0,0,0,0,0,0,0,0,0,0.51082,0,0,0,0,0,0.073001,19.414,0.072089,19.726,0,0,0,0,0,0,0,0,0,0,27.507,22.468,25.201,0,0,0,0,0,0,0,0,0,0,0,0,0,0,0,0,0,0,0,0,0,0,0,0,0,0,0,0,0,0,0,0,0,0,0,0,0,0,0,0,0,0,0,0,0,0,0,0,0,0,0
2.1849,0.8876,0.14404,0.26942,0.72613,0,1.1146,0,0,0.97938,0,0,0,0,0,0.51513,6.9531,0.36177,3.3413,0.3128,0,0.17476,0.9308,0.94727,0,0,0,2.3089,5.8645,20.325,25.201,162.79,13.247,0.018817,0,2.6328,0.36743,0.038538,0,0,0.27687,0,0,0,0,0,0,0,0,0,0,0,0,0,0,0,0,0,0,0,0,0,0,0,0,0,0,0,0,0,0,0,0,0,0,0,0,0,0,0,0,0,0
0,0,0,0,0,0,0,0,0,0.030014,0,0,0,0,0,0.069063,1.3325,0.3399,0.33096,0.10857,0,0,0,0,0,0,0,0,0.0030974,0.013395,0,13.247,11.465,0,0,0,0,0,0,0,0,0,0,0,0,0,0,0,0,0,0,0,0,0,0,0.00073936,0,0,0.0026865,0,0.007521,0,0,0,0,0,0,0,0,0,0,0,0,0,0,0,0,0,0,0,0,0,0.023157
0,0,0,0.23076,0,0,4.611,20.673,0,21.237,4.5045,0,0,0,0.49992,2.5213,0,5.3573,0.2466,1.0971,0,0,0,0,0,0,0,0.0077253,0.17538,0.0062579,0,0.018817,0,21.76,17.239,1.1012,4.9821,0.34094,8.5205,9.4629,2.0418,0,0,0,0,0,0,0,0,0,0,0,0,0,0,0,0,0,0,0,0,0,0,0,0,0,0,0,0,0,0,0,0,0,0.52806,0,0,0,0,0,0,0,38.448
0,0,0,7.0514,0,0,3.4404,5.3373,0,0.30606,0.03065,0,0,0,0,0.076706,0,0,0,0,0,0,0,0,0,0,0,0,0,0,0,0,0,17.239,6.4339,5.0544,4.7449,2.602,2.0116,0,0,0,0,0,0,0,0,0,0,0,0,0,0,0,0,0,0,0,0,0,0,0,0,0,0,0,0,0,0,0,0,0,0,0,0,0,0,0,0,0,0,0,0
0,3.974,0.46958,3.2156,3.2824,0.21959,12.916,10.71,1.7706,10.115,0,0,0,0,0,2.8146,0,3.9925,0,0.69307,0.032606,0.29612,1.3663,0.54741,0.82077,0,0,1.4343,0.50789,1.2356,0,2.6328,0,1.1012,5.0544,21.235,27.305,9.4694,0,0,0.94711,0,0,0,0,0,0,0,0,0,0,0,0,0,0,0,0,0,0,0,0,0,0,0,0,0,0,0,0,0,0,0,0,0,0,0,0,0,0,0,0,0,0.23176
0,0,0.067651,0.49971,0,0,5.4142,14.26,0,14.616,0,0,0,0,0,3.1103,0,4.7784,0,0.79835,0,0.060284,0,0,0,0,0,0.211,0.33914,0.3998,0,0.36743,0,4.9821,4.7449,27.305,15.416,4.1365,9.8999,0,4.4276,0,0,0,0,0,0,0,0,0,0,0,0,0,0,0,0,0,0,0,0,0,0,0,0,0,0,0,0,0,0,0,0,0,0,0,0,0,0,0,0,0,46.667
8.1829,0,0.11437,13.62,0,0,0.11411,0.083628,0,0,0,1.2854,0,0,0,0,0,0,0,0,0,0,0,0,0,0,0,0.1038,0.057469,0.033107,0,0.038538,0,0.34094,2.602,9.4694,4.1365,5.376,0.56527,0.031132,0.61207,0,0,0,0,0,0,0,0,0,0,0,0,0,0,0,0,0,0,0,0,0,0,0,0,0,0,0,0,0,0,0,0,0,0,0,0,0,0,0,0,0,0
0,0.084111,0.0087439,0.0067828,0,0,1.0343,8.0446,0,8.2357,0,0,0,0,0,1.4619,0,1.7306,0,0.64382,0,0,0,0,0,0,0,0,0.015466,0,0,0,0,8.5205,2.0116,0,9.8999,0.56527,0.81537,0,1.7377,0,0,0,0,0,0,0,0,0,0,0,0,0,0,0,0,0,0,0,0,0,0,0,0,0,0,0,0,0,0,0,0,0,0,0,0,0,0,0.044153,0,0,25.125
0,0,0,0,0.024216,0,0.025199,0,0,0,0,0,0,0,2.7996,0,0,0,0,1.5872,0,0,0,6.452,10.363,27.199,9.1571,0.26621,1.6713,0,0,0,0,9.4629,0,0,0,0.031132,0,53.892,6.7168,0,0,0,0,0,0,0,0,0,0,0,0,0,0,0,0,0,0,0,0,0,0,0,0,0,0,0,0,0,0,0,0,0,0,0,0,0,0,0,0.46345,0,1.8139
0,0,0,0,0,0,0,0,0,0,0,0,0,0,0,0,0,0,0,0,0,0,0,0,1.1739,0.28343,3.642,3.3722,1.1711,0.076157,0,0.27687,0,2.0418,0,0.94711,4.4276,0.61207,1.7377,6.7168,8.3099,0,0,0,0,0,0,0,0,0,0,0,0,0,0,0,0,0,0,0,0,0,0,0,0,0,0,0,0,0,0,0,0,0,0,0,0,0,0,0,0,0,0.72715
0,0,0,0,0,0,0,0,0,0,0,0,0,0,0,0,0,0,0,0,0,0,0,0,0,0,0,0,0,0,0,0,0,0,0,0,0,0,0,0,0,93.494,10.109,0.92772,30.226,6.8306,0,17.962,0,0,0,0,0,0,0,0,0,0,0.098142,0.12761,0,0,0,0.08689,0,0,0,0,0.45051,0,0,0,3.6789,0,0,0,11.102,0,3.0542,0,0,0,0
0,0,0,0,0,0,0,0,0,0,0,0,0,0,0,0,0,0,0,0,0,0,0,0,0,0,0,0,0,0,0,0,0,0,0,0,0,0,0,0,0,10.109,11.118,0.041819,0,10.637,0,5.7876,0.35478,0,0,0,0,0,0,0,0,0,0.0014724,0.0013794,0,0,0,0.016418,0,0,0,0,0,0,0,0,0.45606,0,0,0,2.2084,0,0,0,0,0,0
0,0,0,0,0,0,0,0,0,0,0,0,0,0,0,0,0,0,0,0,0,0,0,0,0,0,0,0,0,0,0,0,0,0,0,0,0,0,0,0,0,0.92772,0.041819,0.94622,3.381,0,0,1.8163,0.5195,0,0,0,0,0,0,0,0,0,0,0,0,0,0,0,0,0,0,0,0,0,0,0,0.017027,0,0,0,0.034193,0,0,0,0,0,0
0,0,0,5.745,0,0,0.055235,1.3485,0,0,0,0.87936,0,0,0,0,0,0,0,0,0,0,0,0,0,0,0,0,0,0,0,0,0,0,0,0,0,0,0,0,0,30.226,0,3.381,29.476,0,0,6.6899,4.4681,0,0,0,4.1816,0,0,0,0,0,0,0,0,0,0,0.0026421,0,0,0,0,0.12454,0,0.021157,0,1.2268,0,0,6.2202,0,0,9.737,0,0,0,0
0,0,0,0,0,0,0,0,0,0,0,0,0,0,0,0,0,0,0,0,0,0,0,0,0,0,0,0,0,0,0,0,0,0,0,0,0,0,0,0,0,6.8306,10.637,0,0,58.68,10.002,20.085,1.4409,0,0,0,0,0,0,0,0,0,0.018026,0.25533,0,0.02105,0.0081163,0.019081,0,0,0,0,0,0,0,0,0.85738,0.00331,0,0,4.8845,0,0,0,0,0,0
0,0,0,0,0,0,0,0,0,0,0,0,0,0,0,0,0,0,0,0,0,0,0,0,0,0,0,0,0,0,0,0,0,0,0,0,0,0,0,0,0,0,0,0,0,10.002,62.474,14.399,3.6909,13.418,16.867,0,0,0,0,0,0,0,0.021213,0.17444,0,0.00014922,0,0.00050834,0,0,0,0,0,0,0,0,0.11483,0.0013868,0,0,1.2145,0,0,0,0,0,0
0,0,0,0.97044,0,0,1.4124,3.8991,0,0,0,0,0,0,0,0,0,0,0,0,0,0,0,0,0,0,0,0,0,0,0,0,0,0,0,0,0,0,0,0,0,17.962,5.7876,1.8163,6.6899,20.085,14.399,257.18,50.151,29.979,1.2559,0,0,0,0,0,0,0,0.034152,0.10642,0.001812,0.00040876,0.028018,0.023355,0.0006613,0.010826,0,0,0.042624,0,0.054896,0,2.1984,0.0011419,3.476,3.0207,11.196,5.3713,0.45108,0.80243,0,0,1.1006
0,0,0,1.2846,0,0,3.1833,57.532,0,0,0,1.9547,9.6474,7.5376,0,0,0,0,0,0,0,0,0,0,0,0,0,0,0,0,0,0,0,0,0,0,0,0,0,0,0,0,0.35478,0.5195,4.4681,1.4409,3.6909,50.151,379.28,17.296,17.809,5.6677,6.8164,26.589,18.451,0.27943,0,0,0.18805,0.046694,0.10612,0,0.00040456,0.056251,0,0.010188,0,0,0.0040402,0,0.045974,0,0.22811,0.0048453,13.507,1.2759,10.631,14.017,0.071262,4.3487,0,0,6.2279
0,0,0,0,0,0,0,0,0,0,0,0,0,0,0,0,0,0,0,0,0,0,0,0,0,0,0,0,0,0,0,0,0,0,0,0,0,0,0,0,0,0,0,0,0,0,13.418,29.979,17.296,123.43,39.019,0,0,0,0,0,0,0,0,0.12397,0,0,0,0.00014443,0,0,0,0,0,0,0,0,0.11174,0.013031,0,0,2.4585,0,0,0,0,0,0
0,0,0,0,0,0,0,0,0,0.4676,0.81919,0,0,2.2152,0,0.035209,0,0.0017053,0,0.023332,0,0,0,0,0,0,0,0,0,0,0,0,0,0,0,0,0,0,0,0,0,0,0,0,0,0,16.867,1.2559,17.809,39.019,302.25,21.991,0,0,0,0,35.142,10.739,0,0,0,0,0,0,0,0,0,0,0,0,0.90124,0,1.2805,0.11246,14.01,0.39932,16.052,26.322,0,3.9326,0.13629,0,25.086
0,0,0,0,0,0,0,0,0,0.44682,1.2002,0,0,1.5949,0.080869,0.078185,0,0.038856,0,0.11548,0,0,0,0,0,0,0,0,0,0,0,0,0,0,0,0,0,0,0,0,0,0,0,0,0,0,0,0,5.6677,0,21.991,28.268,0,0,11.069,0,7.8063,0,8.9282,0,4.0157,0,0,0,0,0,0,0,0,0,0,0,0,0,1.2141,0.0046652,0,0,0,0,0,0,1.4404
0,0,0,0,0,0,0,0,0,0,0,2.1343,0.62365,0,0,0,0,0,0,0,0,0,0,0,0,0,0,0,0,0,0,0,0,0,0,0,0,0,0,0,0,0,0,0,4.1816,0,0,0,6.8164,0,0,0,9.4873,2.4866,0.041792,0.094455,0,0,0,0,0,0,0,0,0,0,0,0,0,0,0,0,0,0,0,0,0,0,1.9118,0,0,0,0
0,0,0,0,0,0,0,1.6336,0,0,0,0,8.455,1.2607,0,0,0,0,0,0,0,0,0,0,0,0,0,0,0,0,0,0,0,0,0,0,0,0,0,0,0,0,0,0,0,0,0,0,26.589,0,0,0,2.4866,12.249,9.4418,1.0728,0,0,0,0,0.12997,0,0,0,0,0,0,0,0,0,0,0,0,0,0,0,0,0,0,0,0,0,0
0,0,0,0,0,0,0,1.1586,0,0,0.99196,0,0,14.498,1.7057,0.0031063,0,0.33306,0,0.098373,0,0,0,0,0,0,0,0,0,0,0,0,0,0,0,0,0,0,0,0,0,0,0,0,0,0,0,0,18.451,0,0,11.069,0.041792,9.4418,44.374,10.403,0,0,4.2968,0,14.8,0,0,0,0,0,0,0,0,0,0,0,0,0,0,0,0,0,0,0,0,0,0.10738
0,0,0,0,0,0,0,0,0,0,0,0,0,0,6.2132,0,0,0.094022,0,0.66938,0,0,0,0,0,0,0,0,0,0,0,0,0.00073936,0,0,0,0,0,0,0,0,0,0,0,0,0,0,0,0.27943,0,0,0,0.094455,1.0728,10.403,20.006,0,0,5.6994,0,22.233,0,0,0,0.82064,0,1.326,0,0,0,0,0,0,0,0,0,0,0,0,0,2.6696,0,0
0,0,0,0,0,0,0,0,0,0.091888,0.57902,0,0,0,0,0.13472,0,0.016327,0,0.11182,0,0,0,0,0,0,0,0,0,0,0,0,0,0,0,0,0,0,0,0,0,0,0,0,0,0,0,0,0,0,35.142,7.8063,0,0,0,0,226.23,33.931,27.503,0.9497,0,0,0,0,0,0,0,0,0,0.29004,0.58198,0.4121,0.71384,0.17506,3.3645,0.10059,3.5698,2.8821,0,0.81012,0.3489,0,6.0341
0,0,0,0,0,0,0,0,0,0,0,0,0,0,0,0,0,0,0,0,0,0,0,0,0,0,0,0,0,0,0,0,0,0,0,0,0,0,0,0,0,0,0,0,0,0,0,0,0,0,10.739,0,0,0,0,0,33.931,183.58,14.215,26.179,0,0,0,0,0,0,0,0,0,1.4442,5.0608,24.102,9.772,0.59792,0,0,0.87885,0,0,0,0,0,0
0,0,0,0,0,0,0,0,0,0,0.17847,0,0,0.5681,1.5281,0,0,1.8744,0,4.1913,0.23182,0,0,0,0,0,0,0,0,0,0,0,0.0026865,0,0,0,0,0,0,0,0,0.098142,0.0014724,0,0,0.018026,0.021213,0.034152,0.18805,0,0,8.9282,0,0,4.2968,5.6994,27.503,14.215,220.23,33.542,70.532,25.855,3.9252,12.655,0,0,0,0,0,0.079268,0,0.47208,1.0602,0.74115,4.6328,0.12728,4.0242,5.6883,0,1.9477,0.4745,0,6.5452
0,0,0,0,0,0,0,0,0,0,0,0,0,0,0,0,0,0.6987,0,1.0839,0.019797,0,0.024555,0,0,0,0,0,0,0,0,0,0,0,0,0,0,0,0,0,0,0.12761,0.0013794,0,0,0.25533,0.17444,0.10642,0.046694,0.12397,0,0,0,0,0,0,0.9497,26.179,33.542,195.08,0,0.4871,0,38.657,0,0.73471,0,0,0,6.1434,20.709,19.731,7.8767,1.2161,0.51435,0,1.4077,1.9686,0,0.69566,0.85719,0,1.092
0,0,0,0,0,0,0,0,0,0,0.62614,0,0,0.89404,3.1439,0.15183,0,2.3027,0,12.046,0.26423,0,0.35882,0.65311,0.0096522,0,0,0,0,0,0,0,0.007521,0,0,0,0,0,0,0,0,0,0,0,0,0,0,0.001812,0.10612,0,0,4.0157,0,0.12997,14.8,22.233,0,0,70.532,0,110.69,2.6991,1.9712,0,1.2293,0,0.065082,0,0.00020752,0,0,0,0,0.1626,0.58982,0.0084866,0.18868,0.40662,0,0.26691,0.95996,0,1.3819
0,0,0,0,0,0,0,0,0,0,0,0,0,0,0,0,0,0.289,0,1.2371,0.14506,0.05774,0.17463,0.32302,0,0,0,0,0,0,0,0,0,0,0,0,0,0,0,0,0,0,0,0,0,0.02105,0.00014922,0.00040876,0,0,0,0,0,0,0,0,0,0,25.855,0.4871,2.6991,24.466,22.736,9.7375,0.54716,0,0.0086267,0,0,0,0,0,0,0,0.097414,0,0.0059501,0.0018786,0,0.0058571,0.14044,0,0.061881
0,0,0,0,0,0,0,0,0,0,0,0,0,0,0,0,0,0.015671,0,0.33071,0.14748,0.023852,0.090499,0.1119,0.0010403,0,0,0,0,0,0,0,0,0,0,0,0,0,0,0,0,0,0,0,0,0.0081163,0,0.028018,0.00040456,0,0,0,0,0,0,0,0,0,3.9252,0,1.9712,22.736,34.014,21.636,32.611,1.1512,0,0,0,0,0,0,0,0,0.09853,0,0.077648,0.098774,0,0.11942,0.46823,0,0.023339
0,0,0,0,0,0,0,0,0,0,0,0,0,0,0,0,0,0.49619,0,0.94395,0.63084,0.03906,0.1993,0.4203,0,0,0,0,0,0,0,0,0,0,0,0,0,0,0,0,0,0.08689,0.016418,0,0.0026421,0.019081,0.00050834,0.023355,0.056251,0.00014443,0,0,0,0,0,0,0,0,12.655,38.657,0,9.7375,21.636,239.13,11.435,23.673,0,0,0.020184,10.211,5.3192,2.411,3.7706,0,0.069789,0.00035505,0.67809,0.1989,0.0023307,0.086422,0.57326,0.26007,0.094586
0,0,0,0,0,0,0,0,0,0,0,0,0,0,0,0,0,0,0,0.071454,0.02615,0,0.0047922,0.36048,0.0011424,0,0,0,0,0,0,0,0,0,0,0,0,0,0,0,0,0,0,0,0,0,0,0.0006613,0,0,0,0,0,0,0,0.82064,0,0,0,0,1.2293,0.54716,32.611,11.435,80.539,5.6826,2.784,0,0.0016713,0,0,0,0.85214,0,0.24329,0,0.10187,0.002525,0,0.032679,5.6907,0.00043999,0.0027849
0,0,0,0,0,0,0,0,0,0,0,0,0,0,0,0,0,0,0,0,0,0,0,0.23996,0,0,0,0,0,0,0,0,0,0,0,0,0,0,0,0,0,0,0,0,0,0,0,0.010826,0.010188,0,0,0,0,0,0,0,0,0,0,0.73471,0,0,1.1512,23.673,5.6826,84.426,2.4835,2.4275,2.3754,19.581,3.9747,0,2.989,0,0.37027,0,0.56567,0.31428,0,0.027603,13.405,1.9858,0.0015864
0,0,0,0,0,0,0,0,0,0,0,0,0,0,0,0,0,0,0,0,0,0,0,0,0,0,0,0,0,0,0,0,0,0,0,0,0,0,0,0,0,0,0,0,0,0,0,0,0,0,0,0,0,0,0,1.326,0,0,0,0,0.065082,0.0086267,0,0,2.784,2.4835,9.9769,2.3184,0.0082467,0,0,0,0,0,0,0,0,0,0,0,26.123,0.23471,0
0,0,0,0,0,0,0,0,0,0,0,0,0,0,0,0,0,0,0,0,0,0,0,0,0,0,0,0,0,0,0,0,0,0,0,0,0,0,0,0,0,0,0,0,0,0,0,0,0,0,0,0,0,0,0,0,0,0,0,0,0,0,0,0,0,2.4275,2.3184,3.3494,0.90165,0,0,0,0,0,0,0,0,0,0,0,12.595,5.5223,0
0,0,0,0,0,0,0,0,0,0,0,0,0,0,0,0,0,0,0,0,0,0,0,0,0.00036516,0,0,0,0,0,0,0,0,0,0,0,0,0,0,0,0,0.45051,0,0,0.12454,0,0,0.042624,0.0040402,0,0,0,0,0,0,0,0,0,0,0,0.00020752,0,0,0.020184,0.0016713,2.3754,0.0082467,0.90165,11.822,1.2943,0.8013,0,1.8421,0,0.35193,0,0.79518,0.61802,0,0,0.53768,4.3078,0
0,0,0,0,0,0,0,0,0,0,0,0,0,0,0,0,0,0,0,0,0,0,0,0,0,0,0,0,0,0,0,0,0,0,0,0,0,0,0,0,0,0,0,0,0,0,0,0,0,0,0,0,0,0,0,0,0.29004,1.4442,0.079268,6.1434,0,0,0,10.211,0,19.581,0,0,1.2943,129.73,47.961,4.1263,2.349,0,0.19678,0,0.30305,0.43286,0,0.033849,1.2225,0,0.0057438
0,0,0,0,0,0,0,0,0,0,0,0,0,0,0,0,0,0,0,0,0,0,0,0,0,0,0,0,0,0,0,0,0,0,0,0,0,0,0,0,0,0,0,0,0.021157,0,0,0.054896,0.045974,0,0.90124,0,0,0,0,0,0.58198,5.0608,0,20.709,0,0,0,5.3192,0,3.9747,0,0,0.8013,47.961,104.1,32.291,22.508,0,0.21118,0,0.21163,0.2336,0.0069381,0,0,0,0
0,0,0,0,0,0,0,0,0,0,0,0,0,0,0,0,0,0,0,0,0,0,0,0,0,0,0,0,0,0,0,0,0,0,0,0,0,0,0,0,0,0,0,0,0,0,0,0,0,0,0,0,0,0,0,0,0.4121,24.102,0.47208,19.731,0,0,0,2.411,0,0,0,0,0,4.1263,32.291,37.286,35.043,0,0,0,0,0,0,0,0,0,0
0,0,0,0,0,0,0,0,0,0,0,0,0,0,0,0,0,0,0,0,0,0,0,0,0,0,0,0,0,0,0,0,0,0,0,0,0,0,0,0,0,3.6789,0.45606,0.017027,1.2268,0.85738,0.11483,2.1984,0.22811,0.11174,1.2805,0,0,0,0,0,0.71384,9.772,1.0602,7.8767,0,0,0,3.7706,0.85214,2.989,0,0,1.8421,2.349,22.508,35.043,186.74,20.682,0.24147,0,4.225,0.95385,0.28733,0,0,0,0.069558
0,0,0,0,0,0,0,0,0,0,0,0,0,0,0,0,0,0,0,0,0,0,0,0,0,0,0,0,0,0,0,0,0,0,0,0,0,0,0,0,0,0,0,0,0,0.00331,0.0013868,0.0011419,0.0048453,0.013031,0.11246,0,0,0,0,0,0.17506,0.59792,0.74115,1.2161,0.1626,0,0,0,0,0,0,0,0,0,0,0,20.682,15.813,0,0,1.3052,0,0,0,0,0,0
0,0,0,0,0,0,0,0,0,0,0,0,0,0,0,0,0,0,0,0,0,0,0,0,0,0,0,0,0,0,0,0,0,0.52806,0,0,0,0,0,0,0,0,0,0,0,0,0,3.476,13.507,0,14.01,1.2141,0,0,0,0,3.3645,0,4.6328,0.51435,0.58982,0.097414,0.09853,0.069789,0.24329,0.37027,0,0,0.35193,0.19678,0.21118,0,0.24147,0,24.292,11.38,0,6.8367,0.34503,8.0207,18.538,3.0029,26.491
0,0,0,0,0,0,0,0,0,0,0,0,0,0,0,0,0,0,0,0,0,0,0,0,0,0,0,0,0,0,0,0,0,0,0,0,0,0,0,0,0,0,0,0,6.2202,0,0,3.0207,1.2759,0,0.39932,0.0046652,0,0,0,0,0.10059,0,0.12728,0,0.0084866,0,0,0.00035505,0,0,0,0,0,0,0,0,0,0,11.38,4.6607,4.5319,3.7963,4.3648,0.28714,0,0,0.34297
0,0,0,0,0,0,0,0,0,0,0,0,0,0,0,0,0,0,0,0,0,0,0,0,0,0,0,0,0,0,0,0,0,0,0,0,0,0,0,0,0,11.102,2.2084,0.034193,0,4.8845,1.2145,11.196,10.631,2.4585,16.052,0,0,0,0,0,3.5698,0.87885,4.0242,1.4077,0.18868,0.0059501,0.077648,0.67809,0.10187,0.56567,0,0,0.79518,0.30305,0.21163,0,4.225,1.3052,0,4.5319,24.26,36.434,6.1846,0.4064,0,1.3728,0.4299
0,0,0,0,0,0,0,0,0,0,0,0,0,0,0,0,0,0,0,0,0,0,0,0,0,0,0,0,0,0,0,0,0,0,0,0,0,0,0,0,0,0,0,0,0,0,0,5.3713,14.017,0,26.322,0,0,0,0,0,2.8821,0,5.6883,1.9686,0.40662,0.0018786,0.098774,0.1989,0.002525,0.31428,0,0,0.61802,0.43286,0.2336,0,0.95385,0,6.8367,3.7963,36.434,20.754,2.8891,9.8199,3.1481,3.0243,67.925
0,0,0,0,0,0,0,0,0,0,0,0,0,0,0,0,0,0,0,0,0,0,0,0,0,0,0,0,0,0,0,0,0,0,0,0,0,0,0,0,0,3.0542,0,0,9.737,0,0,0.45108,0.071262,0,0,0,1.9118,0,0,0,0,0,0,0,0,0,0,0.0023307,0,0,0,0,0,0,0.0069381,0,0.28733,0,0.34503,4.3648,6.1846,2.8891,5.1725,0,0.037015,0.57597,0
0,0,0,0,0,0,0,0,0,0,0,0,0,0,0,0,0,0,0,0,0,0,0,0,0,0,0,0,0,0,0,0,0,0,0,0,0,0,0.044153,0,0,0,0,0,0,0,0,0.80243,4.3487,0,3.9326,0,0,0,0,0,0.81012,0,1.9477,0.69566,0.26691,0.0058571,0.11942,0.086422,0.032679,0.027603,0,0,0,0.033849,0,0,0,0,8.0207,0.28714,0.4064,9.8199,0,1.0273,1.643,1.7163,17.431
0,0,0,0,0,0,0,0,0,0,0,0,0,0,0,0,0,0,0,0,0,0,0,0,0,0,0,0,0,0,0,0,0,0,0,0,0,0,0,0.46345,0,0,0,0,0,0,0,0,0,0,0.13629,0,0,0,0,2.6696,0.3489,0,0.4745,0.85719,0.95996,0.14044,0.46823,0.57326,5.6907,13.405,26.123,12.595,0.53768,1.2225,0,0,0,0,18.538,0,0,3.1481,0.037015,1.643,50.522,8.1515,1.3896
0,0,0,0,0,0,0,0,0,0,0,0,0,0,0,0,0,0,0,0,0,0,0,0,0,0,0,0,0,0,0,0,0,0,0,0,0,0,0,0,0,0,0,0,0,0,0,0,0,0,0,0,0,0,0,0,0,0,0,0,0,0,0,0.26007,0.00043999,1.9858,0.23471,5.5223,4.3078,0,0,0,0,0,3.0029,0,1.3728,3.0243,0.57597,1.7163,8.1515,7.6082,0.59098
0,0,0,0,0,0,1.1896,11.306,0,27.315,0,0,0,0,0.79403,3.1125,0,6.3286,0,1.395,0,0,0,0,0,0,0,0,0.096978,0,0,0,0.023157,38.448,0,0.23176,46.667,0,25.125,1.8139,0.72715,0,0,0,0,0,0,1.1006,6.2279,0,25.086,1.4404,0,0,0.10738,0,6.0341,0,6.5452,1.092,1.3819,0.061881,0.023339,0.094586,0.0027849,0.0015864,0,0,0,0.0057438,0,0,0.069558,0,26.491,0.34297,0.4299,67.925,0,17.431,1.3896,0.59098,0
